2 0.5359375 0.56015625 0.01875 0.0578125
2 0.7640625 0.475 0.015625 0.05
2 0.33359375 0.4078125 0.0140625 0.040625
2 0.2015625 0.628125 0.0125 0.06875
2 0.84453125 0.4421875 0.0140625 0.05
2 0.7 0.5203125 0.0125 0.059375
2 0.2 0.4984375 0.0125 0.05625
3 0.54921875 0.39375 0.0140625 0.04375
2 0.49609375 0.4625 0.0140625 0.05
2 0.17578125 0.51171875 0.0140625 0.0546875
2 0.35078125 0.5421875 0.0171875 0.0625
2 0.69375 0.403125 0.0125 0.040625
2 0.775 0.403125 0.0125 0.040625
2 0.19453125 0.44140625 0.0109375 0.0515625
2 0.41875 0.3453125 0.00625 0.040625
2 0.4484375 0.36171875 0.0125 0.0421875
2 0.68984375 0.33203125 0.0140625 0.0359375
2 0.265625 0.36953125 0.009375 0.0390625
2 0.26953125 0.31015625 0.0078125 0.0328125
3 0.64609375 0.2546875 0.0109375 0.0375
1 0.86328125 0.35546875 0.0140625 0.0484375
3 0.1140625 0.7609375 0.01875 0.078125