2 0.8453125 0.565625 0.025 0.075
2 0.75859375 0.76171875 0.0296875 0.1015625
2 0.578125 0.44140625 0.01875 0.0671875
3 0.53671875 0.41796875 0.0140625 0.0671875
2 0.821875 0.46640625 0.01875 0.0734375
2 0.62421875 0.4375 0.0140625 0.06875
2 0.39375 0.36171875 0.0125 0.0609375
2 0.80703125 0.35390625 0.0140625 0.0609375
2 0.16328125 0.55546875 0.0265625 0.0765625
2 0.60546875 0.2875 0.0140625 0.05
2 0.36484375 0.225 0.0171875 0.05
2 0.38125 0.2984375 0.0125 0.05625
2 0.30703125 0.290625 0.0109375 0.053125
2 0.53984375 0.19921875 0.0078125 0.0390625
2 0.753125 0.290625 0.015625 0.05625
2 0.559375 0.2734375 0.0125 0.053125
3 0.78203125 0.19453125 0.0109375 0.0421875
2 0.64296875 0.34453125 0.0109375 0.0609375
2 0.42578125 0.3171875 0.0109375 0.053125