2 0.434375 0.8 0.0375 0.1
2 0.24921875 0.47890625 0.0140625 0.0734375
2 0.5890625 0.56953125 0.021875 0.0703125
2 0.303125 0.54140625 0.01875 0.0734375
2 0.25703125 0.66796875 0.0265625 0.0859375
2 0.625 0.38203125 0.0125 0.0640625
2 0.37421875 0.39765625 0.0140625 0.0515625
2 0.40546875 0.3640625 0.0140625 0.059375
2 0.83203125 0.33203125 0.0140625 0.0546875
2 0.23046875 0.3640625 0.0140625 0.065625
2 0.69296875 0.61875 0.0234375 0.08125
2 0.65703125 0.31640625 0.0109375 0.0609375
2 0.45625 0.29453125 0.0125 0.0546875
2 0.35859375 0.25 0.0109375 0.04375
2 0.578125 0.31640625 0.0125 0.0546875
2 0.6390625 0.28046875 0.015625 0.0546875
2 0.56953125 0.23203125 0.0109375 0.0421875
2 0.25546875 0.3125 0.0140625 0.05
3 0.37578125 0.44375 0.0140625 0.06875
3 0.30546875 0.19296875 0.0078125 0.0390625
2 0.275 0.309375 0.0125 0.0625
0 0.66484375 0.63671875 0.0078125 0.0140625