2 0.55625 0.51640625 0.01875 0.0578125
2 0.709375 0.4890625 0.01875 0.059375
2 0.8375 0.63125 0.01875 0.075
2 0.65859375 0.6046875 0.0203125 0.0625
2 0.7359375 0.41015625 0.0125 0.0546875
2 0.6359375 0.35546875 0.01875 0.0484375
2 0.20078125 0.4703125 0.0234375 0.05625
3 0.36796875 0.48515625 0.0234375 0.0515625
2 0.86328125 0.4546875 0.0171875 0.059375
2 0.6828125 0.46328125 0.0125 0.0609375
2 0.17578125 0.56875 0.0203125 0.0625
2 0.6640625 0.53203125 0.021875 0.0578125
2 0.165625 0.46953125 0.025 0.0515625
2 0.5515625 0.31875 0.015625 0.0375
2 0.31328125 0.409375 0.0171875 0.05
2 0.54453125 0.44140625 0.0171875 0.0546875
2 0.19453125 0.55078125 0.0140625 0.0640625
2 0.48203125 0.4484375 0.0140625 0.05
2 0.33046875 0.3453125 0.0171875 0.040625
2 0.50234375 0.3890625 0.0171875 0.04375
3 0.39375 0.24296875 0.0125 0.0359375
2 0.1890625 0.41953125 0.01875 0.0546875
0 0.12109375 0.5046875 0.0078125 0.009375