0 0.11953125 0.459375 0.00625 0.0109375
2 0.2984375 0.328125 0.01484375 0.04765625
2 0.16796875 0.41484375 0.02109375 0.05234375
3 0.4 0.35703125 0.01640625 0.0546875
2 0.2875 0.34765625 0.0171875 0.05234375
2 0.32109375 0.31953125 0.0125 0.05078125
1 0.128125 0.3609375 0.0265625 0.05
2 0.37109375 0.35859375 0.015625 0.0515625
2 0.1421875 0.44609375 0.0171875 0.0546875
2 0.25546875 0.33671875 0.01484375 0.0546875
2 0.3234375 0.403125 0.0140625 0.0546875
2 0.271875 0.39453125 0.01328125 0.05859375
2 0.1921875 0.36640625 0.01171875 0.059375
2 0.61953125 0.28828125 0.0125 0.04921875
2 0.4421875 0.3953125 0.0140625 0.059375
2 0.90625 0.41953125 0.01328125 0.06328125
2 0.92265625 0.353125 0.0125 0.05625
2 0.8265625 0.30546875 0.015625 0.05
2 0.6796875 0.48203125 0.02109375 0.07109375
2 0.86015625 0.33359375 0.01328125 0.0515625
2 0.88984375 0.409375 0.01796875 0.06328125
2 0.3015625 0.31328125 0.01484375 0.04375
2 0.28046875 0.33125 0.01796875 0.0453125