2 0.1296875 0.54921875 0.025 0.0640625
2 0.3015625 0.3703125 0.021875 0.04375
2 0.14296875 0.76796875 0.0359375 0.0890625
2 0.43046875 0.48671875 0.0234375 0.0609375
2 0.34296875 0.45 0.0234375 0.05625
3 0.3984375 0.44375 0.01875 0.05625
2 0.3015625 0.3015625 0.015625 0.040625
2 0.6828125 0.575 0.01875 0.075
2 0.175 0.43046875 0.01875 0.0546875
2 0.1984375 0.44765625 0.025 0.0546875
2 0.68125 0.36328125 0.0125 0.0515625
2 0.38828125 0.315625 0.0140625 0.04375
2 0.69375 0.296875 0.01875 0.046875
2 0.4578125 0.3484375 0.015625 0.05
2 0.275 0.3453125 0.01875 0.046875
2 0.43671875 0.26328125 0.0109375 0.0453125
2 0.4390625 0.3171875 0.015625 0.04375
3 0.2796875 0.2421875 0.0125 0.0375
2 0.44375 0.37421875 0.0125 0.0515625
3 0.96328125 0.8421875 0.0296875 0.09375