2 0.6984375 0.5421875 0.01875 0.075
2 0.565625 0.8 0.0375 0.1
2 0.59609375 0.3640625 0.0140625 0.059375
2 0.41171875 0.56953125 0.0203125 0.0703125
2 0.75234375 0.4765625 0.0140625 0.06875
2 0.74375 0.66796875 0.025 0.0859375
2 0.7734375 0.3640625 0.0125 0.065625
2 0.1703125 0.33203125 0.0125 0.0546875
2 0.37734375 0.38203125 0.0140625 0.0609375
2 0.42421875 0.3171875 0.0109375 0.053125
2 0.62734375 0.39765625 0.0140625 0.0515625
2 0.34453125 0.31640625 0.0140625 0.0609375
2 0.5453125 0.29453125 0.0125 0.0546875
2 0.30859375 0.61875 0.0234375 0.08125
2 0.3625 0.28046875 0.01875 0.0546875
2 0.746875 0.3125 0.0125 0.05
2 0.64296875 0.25 0.0109375 0.04375
2 0.7265625 0.3078125 0.0125 0.059375
2 0.43046875 0.23203125 0.0078125 0.0421875
3 0.6265625 0.44453125 0.0125 0.0671875
3 0.6984375 0.19296875 0.009375 0.0390625
0 0.33671875 0.63671875 0.0078125 0.0140625