2 0.3546875 0.45703125 0.015625 0.0640625
2 0.5453125 0.496875 0.015625 0.075
2 0.271875 0.31171875 0.0125 0.0546875
2 0.53359375 0.63828125 0.0171875 0.0859375
2 0.50234375 0.6625 0.0203125 0.08125
2 0.16875 0.60078125 0.015625 0.0703125
2 0.5375 0.4359375 0.01875 0.06875
2 0.47421875 0.3046875 0.0109375 0.05
2 0.1515625 0.63515625 0.01875 0.0765625
2 0.4390625 0.21640625 0.015625 0.0390625
2 0.15546875 0.4609375 0.0140625 0.06875
2 0.60703125 0.2921875 0.0140625 0.05
2 0.215625 0.36640625 0.0125 0.0609375
2 0.56484375 0.3859375 0.0140625 0.0625
2 0.23984375 0.34921875 0.0140625 0.0578125
2 0.709375 0.39765625 0.015625 0.0609375
2 0.4125 0.3640625 0.0125 0.059375
2 0.309375 0.26796875 0.009375 0.0421875
2 0.51796875 0.35625 0.0109375 0.05625
3 0.41171875 0.30703125 0.0109375 0.0546875
3 0.6671875 0.21171875 0.009375 0.0390625
2 0.32734375 0.28671875 0.0109375 0.0515625
0 0.59296875 0.3109375 0.0078125 0.0125