2 0.35 0.5421875 0.01875 0.0625
2 0.225 0.57421875 0.01875 0.0703125
2 0.60625 0.73515625 0.03125 0.0796875
2 0.8125 0.6671875 0.03125 0.075
2 0.63359375 0.5890625 0.0171875 0.071875
2 0.54453125 0.46015625 0.0140625 0.0578125
2 0.71328125 0.5484375 0.0203125 0.065625
2 0.58203125 0.56953125 0.0171875 0.0671875
2 0.73203125 0.4578125 0.0171875 0.05625
3 0.18828125 0.78203125 0.0234375 0.0828125
2 0.24375 0.66875 0.01875 0.08125
2 0.2640625 0.44375 0.0125 0.05625
2 0.83046875 0.57421875 0.0234375 0.0609375
2 0.31875 0.64140625 0.0125 0.0734375
2 0.60703125 0.35078125 0.0140625 0.0484375
2 0.45078125 0.4328125 0.0140625 0.059375
2 0.45234375 0.5515625 0.0109375 0.0625
2 0.515625 0.29140625 0.009375 0.0390625
3 0.584375 0.45390625 0.015625 0.0578125
2 0.78046875 0.66171875 0.0328125 0.0640625
2 0.86484375 0.59453125 0.0234375 0.0578125
1 0.93828125 0.37421875 0.0140625 0.0359375
3 0.58671875 0.23125 0.0078125 0.03125
0 0.62109375 0.6515625 0.0078125 0.015625