3 0.7796875 0.2265625 0.01484375 0.0390625
2 0.44140625 0.26484375 0.01328125 0.04453125
2 0.4328125 0.26953125 0.01796875 0.04375
2 0.58046875 0.24921875 0.0171875 0.040625
3 0.4171875 0.31953125 0.01171875 0.0515625
2 0.609375 0.24609375 0.01328125 0.05
2 0.78828125 0.2640625 0.00859375 0.05
2 0.36953125 0.325 0.0140625 0.0546875
2 0.515625 0.27890625 0.01171875 0.0484375
2 0.121875 0.44296875 0.01484375 0.06015625
2 0.23515625 0.328125 0.01171875 0.05546875
2 0.18671875 0.3984375 0.0109375 0.06640625
2 0.58046875 0.33671875 0.01484375 0.05859375
2 0.54765625 0.34296875 0.01328125 0.05546875
2 0.25625 0.37109375 0.0140625 0.059375
2 0.1078125 0.528125 0.0234375 0.071875
2 0.41328125 0.40390625 0.01640625 0.059375
2 0.72421875 0.3578125 0.01484375 0.05859375
2 0.3375 0.66171875 0.02109375 0.0796875
2 0.8671875 0.37265625 0.01171875 0.06015625
2 0.78515625 0.53828125 0.0203125 0.078125
0 0.6125 0.26875 0.0046875 0.00859375
2 0.3640625 0.32421875 0.015625 0.046875