2 0.62578125 0.5546875 0.0171875 0.0625
2 0.8265625 0.51640625 0.015625 0.0609375
2 0.77578125 0.66796875 0.0203125 0.0703125
2 0.48671875 0.6046875 0.0171875 0.06875
2 0.45546875 0.4265625 0.0140625 0.05625
2 0.7125 0.3859375 0.0125 0.05
2 0.64140625 0.70078125 0.0203125 0.0765625
2 0.6875 0.3328125 0.0125 0.04375
3 0.55546875 0.359375 0.0109375 0.046875
2 0.43671875 0.5265625 0.0109375 0.0625
2 0.64453125 0.42578125 0.0109375 0.0546875
2 0.5890625 0.3953125 0.0125 0.05
3 0.95078125 0.734375 0.0203125 0.078125
2 0.7609375 0.42890625 0.0125 0.0578125
2 0.85546875 0.63515625 0.0140625 0.0640625
2 0.371875 0.68203125 0.021875 0.0640625
2 0.66875 0.3296875 0.0125 0.0375
2 0.4046875 0.44765625 0.0125 0.0515625
2 0.3078125 0.375 0.0125 0.05
2 0.5046875 0.29296875 0.009375 0.0390625
2 0.609375 0.4046875 0.009375 0.05
3 0.35703125 0.25 0.0078125 0.03125
2 0.0609375 0.48046875 0.0125 0.0546875