2 0.81015625 0.30390625 0.0203125 0.0546875
2 0.76640625 0.39921875 0.0203125 0.0671875
3 0.4921875 0.375 0.025 0.05625
2 0.41796875 0.30390625 0.0171875 0.0515625
2 0.35546875 0.50390625 0.0140625 0.0640625
2 0.48203125 0.3359375 0.0171875 0.05625
2 0.32265625 0.39296875 0.0140625 0.0609375
2 0.6828125 0.26328125 0.01875 0.0484375
2 0.51328125 0.2484375 0.0140625 0.04375
2 0.4546875 0.2734375 0.015625 0.053125
2 0.58203125 0.26171875 0.0234375 0.0484375
2 0.26328125 0.3875 0.0234375 0.065625
2 0.23671875 0.46328125 0.0140625 0.0578125
2 0.31640625 0.3046875 0.0140625 0.05625
2 0.4671875 0.240625 0.0125 0.05
2 0.56171875 0.26875 0.0140625 0.04375
2 0.27890625 0.3046875 0.0109375 0.05625
2 0.62421875 0.37265625 0.0140625 0.0609375
2 0.35703125 0.25625 0.0171875 0.05625