2 0.61015625 0.57421875 0.0140625 0.0609375
2 0.80703125 0.58828125 0.0140625 0.0671875
2 0.5828125 0.46875 0.01875 0.053125
2 0.78828125 0.48515625 0.0109375 0.0546875
2 0.5046875 0.42578125 0.01875 0.0484375
2 0.85703125 0.46953125 0.0109375 0.0515625
2 0.82890625 0.4296875 0.0109375 0.053125
2 0.39296875 0.42578125 0.0140625 0.0453125
2 0.74921875 0.4703125 0.0140625 0.053125
2 0.59453125 0.36796875 0.0140625 0.0546875
2 0.4859375 0.33125 0.0125 0.0375
3 0.33046875 0.4625 0.0109375 0.05
2 0.3265625 0.41171875 0.0125 0.0484375
2 0.31328125 0.37265625 0.0140625 0.0390625
2 0.16796875 0.46796875 0.0234375 0.0421875
2 0.47265625 0.484375 0.0109375 0.05625
1 0.153125 0.375 0.015625 0.040625
2 0.2296875 0.39375 0.0125 0.0375
3 0.41640625 0.25546875 0.0078125 0.0296875
2 0.215625 0.44140625 0.0125 0.0453125
3 0.93671875 0.81640625 0.0171875 0.0859375