2 0.5453125 0.49453125 0.015625 0.0734375
2 0.3546875 0.45703125 0.015625 0.0640625
2 0.271875 0.3125 0.0125 0.053125
2 0.5046875 0.6625 0.01875 0.08125
2 0.53359375 0.63828125 0.0171875 0.0828125
2 0.16875 0.60078125 0.015625 0.0703125
2 0.1515625 0.63515625 0.01875 0.0765625
2 0.47421875 0.3046875 0.0109375 0.05
2 0.5375 0.43671875 0.01875 0.0703125
2 0.60703125 0.2921875 0.0140625 0.05
2 0.15546875 0.4609375 0.0140625 0.06875
2 0.215625 0.3640625 0.0125 0.0625
2 0.23984375 0.34921875 0.0140625 0.0578125
2 0.56484375 0.3859375 0.0140625 0.0625
2 0.43828125 0.21640625 0.0140625 0.0390625
2 0.709375 0.39765625 0.015625 0.0609375
3 0.41171875 0.30703125 0.0109375 0.0515625
2 0.41171875 0.3640625 0.0109375 0.059375
2 0.51796875 0.35546875 0.0109375 0.0578125
2 0.30859375 0.26796875 0.0078125 0.0421875
2 0.32734375 0.28671875 0.0109375 0.0515625
3 0.6671875 0.21171875 0.009375 0.0390625
0 0.59296875 0.3109375 0.0078125 0.0125