2 0.521875 0.44921875 0.0125 0.0484375
2 0.80234375 0.5109375 0.0140625 0.05625
2 0.7890625 0.41640625 0.0125 0.0453125
2 0.80625 0.40703125 0.0125 0.0484375
2 0.7578125 0.49296875 0.0125 0.0578125
2 0.34453125 0.48828125 0.0078125 0.0515625
2 0.29453125 0.47265625 0.0109375 0.0515625
1 0.08203125 0.36328125 0.0109375 0.0390625
2 0.690625 0.3859375 0.009375 0.04375
2 0.48671875 0.4046875 0.0109375 0.04375
2 0.49453125 0.36015625 0.0109375 0.0390625
2 0.78203125 0.359375 0.0109375 0.0375
2 0.74375 0.35 0.009375 0.04375
2 0.23671875 0.42265625 0.0109375 0.0484375
3 0.78046875 0.30546875 0.0078125 0.0328125
2 0.5703125 0.31796875 0.00625 0.0328125
2 0.46953125 0.34296875 0.0078125 0.0390625
2 0.28046875 0.325 0.0109375 0.0375
2 0.3609375 0.31640625 0.0125 0.0296875