2 0.26796875 0.53515625 0.0140625 0.0578125
2 0.80625 0.6640625 0.0125 0.06875
2 0.6046875 0.55625 0.0125 0.0625
2 0.1953125 0.38046875 0.015625 0.0328125
2 0.22265625 0.49375 0.0109375 0.05625
2 0.7078125 0.4375 0.0125 0.05
2 0.44921875 0.56796875 0.0140625 0.0578125
2 0.80625 0.51171875 0.0125 0.0609375
2 0.7421875 0.40625 0.0125 0.05
2 0.5046875 0.3953125 0.009375 0.046875
2 0.0859375 0.45625 0.009375 0.05
2 0.65 0.36953125 0.0125 0.0421875
3 0.44375 0.4 0.009375 0.04375
2 0.82265625 0.5 0.0140625 0.05625
2 0.76328125 0.321875 0.0109375 0.034375
1 0.11328125 0.36953125 0.0109375 0.0421875
2 0.42421875 0.4796875 0.0140625 0.053125
2 0.23515625 0.39453125 0.0109375 0.0421875
3 0.84453125 0.76328125 0.0234375 0.0765625
2 0.2234375 0.40625 0.0125 0.0375
3 0.35703125 0.25 0.0078125 0.03125
2 0.25078125 0.32890625 0.0078125 0.0390625
2 0.6984375 0.29296875 0.009375 0.0328125