2 0.2875 0.4859375 0.0125 0.04375
2 0.48828125 0.4125 0.0078125 0.0375
2 0.2203125 0.59296875 0.0125 0.0390625
2 0.58671875 0.5421875 0.0140625 0.0375
2 0.56328125 0.50390625 0.0109375 0.0453125
2 0.4640625 0.3875 0.00625 0.034375
2 0.38828125 0.41640625 0.0078125 0.0359375
2 0.36875 0.52421875 0.00625 0.0421875
2 0.31328125 0.62421875 0.0140625 0.0546875
2 0.50234375 0.45703125 0.0140625 0.0359375
2 0.38046875 0.46796875 0.0078125 0.0421875
1 0.08828125 0.42265625 0.0109375 0.0359375
2 0.3359375 0.40390625 0.009375 0.0359375
2 0.56328125 0.63671875 0.0109375 0.0515625
2 0.3703125 0.43125 0.009375 0.0375
2 0.36953125 0.36640625 0.0109375 0.0296875
3 0.5078125 0.39296875 0.00625 0.0328125
2 0.15703125 0.65390625 0.0140625 0.0515625
2 0.5578125 0.3546875 0.009375 0.03125
3 0.1671875 0.67421875 0.015625 0.0546875
2 0.7453125 0.43203125 0.009375 0.0328125
3 0.6703125 0.31171875 0.00625 0.0234375
2 0.34921875 0.4359375 0.0109375 0.040625