2 0.65703125 0.6859375 0.0296875 0.08125
2 0.44453125 0.48125 0.0171875 0.06875
2 0.44921875 0.6609375 0.0296875 0.075
2 0.3 0.40546875 0.01875 0.0671875
2 0.86796875 0.525 0.0203125 0.075
2 0.35859375 0.7875 0.0328125 0.06875
2 0.60703125 0.6296875 0.0171875 0.0875
2 0.85234375 0.75546875 0.0203125 0.0984375
2 0.57578125 0.4296875 0.0140625 0.06875
2 0.15859375 0.675 0.0234375 0.09375
2 0.50546875 0.3734375 0.0140625 0.05625
2 0.34453125 0.68046875 0.0234375 0.0890625
2 0.4625 0.81328125 0.025 0.0890625
2 0.34609375 0.3625 0.0140625 0.05625
2 0.7984375 0.31796875 0.0125 0.0609375
3 0.01484375 0.79453125 0.0265625 0.1015625
2 0.7953125 0.50390625 0.015625 0.0734375
2 0.24375 0.4609375 0.0125 0.06875
2 0.3828125 0.31796875 0.0125 0.0515625
2 0.31953125 0.43828125 0.0171875 0.0671875
2 0.4859375 0.23515625 0.0125 0.0484375
3 0.83203125 0.22890625 0.0140625 0.0484375
3 0.5765625 0.3765625 0.0125 0.053125