2 0.77578125 0.64375 0.0203125 0.078125
2 0.58125 0.45078125 0.015625 0.0578125
3 0.5265625 0.4296875 0.021875 0.05625
2 0.1984375 0.5296875 0.015625 0.06875
2 0.56953125 0.2984375 0.0140625 0.0375
2 0.49375 0.3546875 0.0125 0.05
1 0.971875 0.3765625 0.0125 0.05625
2 0.77421875 0.446875 0.0140625 0.05625
2 0.61484375 0.403125 0.0171875 0.053125
2 0.43203125 0.35703125 0.0109375 0.0515625
2 0.53359375 0.30390625 0.0171875 0.0421875
2 0.19375 0.32578125 0.0125 0.0484375
2 0.515625 0.35 0.0125 0.05
2 0.6921875 0.35390625 0.01875 0.0453125
2 0.75625 0.42890625 0.015625 0.0578125
3 0.58984375 0.24296875 0.0109375 0.0390625
2 0.1609375 0.3671875 0.015625 0.05625