2 0.2375 0.60625 0.01875 0.06875
2 0.64296875 0.70703125 0.0296875 0.0640625
2 0.78125 0.596875 0.01875 0.0625
2 0.54296875 0.69921875 0.0203125 0.0703125
2 0.46171875 0.6125 0.0203125 0.06875
2 0.61875 0.7 0.01875 0.075
2 0.4 0.6 0.01875 0.0625
2 0.58203125 0.51796875 0.0140625 0.0578125
2 0.20703125 0.6375 0.0171875 0.06875
2 0.68125 0.5484375 0.0125 0.059375
2 0.60625 0.37578125 0.0125 0.0484375
2 0.2609375 0.3640625 0.0125 0.046875
3 0.88671875 0.70703125 0.0234375 0.0796875
2 0.2734375 0.60390625 0.01875 0.0671875
1 0.95 0.40390625 0.01875 0.0484375
3 0.35703125 0.4546875 0.0171875 0.05
2 0.7078125 0.46015625 0.015625 0.0546875
2 0.38203125 0.70625 0.0203125 0.06875
2 0.56796875 0.38671875 0.0109375 0.0484375
2 0.24140625 0.4703125 0.0140625 0.05625
2 0.3875 0.2921875 0.0125 0.03125
2 0.42265625 0.39921875 0.0109375 0.0484375
2 0.36328125 0.50546875 0.0109375 0.0546875
3 0.26640625 0.26328125 0.0078125 0.0359375