2 0.80546875 0.60703125 0.0203125 0.0640625
2 0.5625 0.52578125 0.01875 0.0640625
2 0.35703125 0.41953125 0.0234375 0.0546875
2 0.83125 0.74375 0.01875 0.08125
2 0.24453125 0.43125 0.0171875 0.05625
3 0.46015625 0.37265625 0.0140625 0.0484375
2 0.34296875 0.33515625 0.0140625 0.0453125
2 0.73828125 0.475 0.0140625 0.0625
2 0.59453125 0.4671875 0.0109375 0.05625
2 0.509375 0.6671875 0.015625 0.08125
1 0.01796875 0.3796875 0.0109375 0.05
2 0.68046875 0.3046875 0.0109375 0.0375
2 0.70625 0.37890625 0.0125 0.0515625
3 0.92890625 0.7796875 0.0265625 0.0875
2 0.421875 0.28046875 0.0125 0.0359375
2 0.65546875 0.2625 0.0078125 0.0375
2 0.56015625 0.3265625 0.0078125 0.04375
2 0.59296875 0.34765625 0.0078125 0.0515625
3 0.31796875 0.2484375 0.0109375 0.040625
2 0.75 0.40546875 0.0125 0.0421875