2 0.4640625 0.56015625 0.01875 0.0578125
2 0.2359375 0.475 0.015625 0.05
2 0.66640625 0.4078125 0.0140625 0.040625
2 0.7984375 0.628125 0.0125 0.06875
2 0.15546875 0.4421875 0.0140625 0.05
2 0.3 0.5203125 0.0125 0.059375
2 0.8 0.4984375 0.0125 0.05625
3 0.45078125 0.39375 0.0140625 0.04375
2 0.50390625 0.4625 0.0140625 0.05
2 0.82421875 0.51171875 0.0140625 0.0546875
2 0.64921875 0.5421875 0.0171875 0.0625
2 0.30625 0.403125 0.0125 0.040625
2 0.225 0.403125 0.0125 0.040625
2 0.80546875 0.44140625 0.0109375 0.0515625
2 0.58125 0.3453125 0.00625 0.040625
2 0.5515625 0.36171875 0.0125 0.0421875
2 0.31015625 0.33203125 0.0140625 0.0359375
2 0.734375 0.36953125 0.009375 0.0390625
2 0.73046875 0.31015625 0.0078125 0.0328125
3 0.35390625 0.2546875 0.0109375 0.0375
1 0.13671875 0.35546875 0.0140625 0.0484375
3 0.8859375 0.7609375 0.01875 0.078125