2 0.21953125 0.659375 0.0203125 0.078125
2 0.340625 0.51875 0.015625 0.06875
2 0.5671875 0.50546875 0.01875 0.0671875
2 0.41328125 0.403125 0.0140625 0.0625
2 0.41796875 0.69453125 0.0234375 0.0859375
2 0.50703125 0.4375 0.0140625 0.0625
2 0.11328125 0.52265625 0.0140625 0.0703125
2 0.1015625 0.62421875 0.015625 0.0703125
2 0.2046875 0.37578125 0.0125 0.0578125
2 0.33828125 0.4328125 0.0140625 0.059375
3 0.37578125 0.32890625 0.0140625 0.0546875
2 0.65546875 0.4359375 0.0140625 0.059375
2 0.48828125 0.54921875 0.0140625 0.0703125
2 0.38125 0.37421875 0.0125 0.0515625
2 0.5609375 0.68828125 0.015625 0.0734375
2 0.23125 0.37421875 0.0125 0.0546875
2 0.24140625 0.30625 0.0109375 0.04375
2 0.25078125 0.3296875 0.0109375 0.05
1 0.93125 0.45 0.0125 0.059375
2 0.4125 0.25390625 0.0125 0.0421875
3 0.59375 0.21796875 0.0125 0.0359375