2 0.45390625 0.571875 0.0078125 0.034375
2 0.57890625 0.5546875 0.0078125 0.03125
2 0.6609375 0.64296875 0.00625 0.0421875
2 0.52578125 0.68828125 0.0140625 0.0421875
2 0.69453125 0.56171875 0.0078125 0.0390625
2 0.46015625 0.51015625 0.0078125 0.0296875
2 0.66796875 0.5234375 0.0078125 0.034375
2 0.5671875 0.53125 0.0125 0.03125
2 0.44375 0.525 0.00625 0.03125
2 0.3046875 0.5234375 0.009375 0.03125
3 0.8078125 0.7453125 0.015625 0.05
2 0.56171875 0.48515625 0.0078125 0.0265625
3 0.3671875 0.43203125 0.00625 0.0265625
2 0.51171875 0.4921875 0.0078125 0.028125
1 0.12890625 0.5265625 0.0078125 0.034375