2 0.4546875 0.49453125 0.015625 0.0734375
2 0.6453125 0.45703125 0.015625 0.0640625
2 0.728125 0.3125 0.0125 0.053125
2 0.4953125 0.6625 0.01875 0.08125
2 0.46640625 0.63828125 0.0171875 0.0828125
2 0.83125 0.60078125 0.015625 0.0703125
2 0.8484375 0.63515625 0.01875 0.0765625
2 0.52578125 0.3046875 0.0109375 0.05
2 0.4625 0.43671875 0.01875 0.0703125
2 0.39296875 0.2921875 0.0140625 0.05
2 0.84453125 0.4609375 0.0140625 0.06875
2 0.784375 0.3640625 0.0125 0.0625
2 0.76015625 0.34921875 0.0140625 0.0578125
2 0.43515625 0.3859375 0.0140625 0.0625
2 0.56171875 0.21640625 0.0140625 0.0390625
2 0.290625 0.39765625 0.015625 0.0609375
3 0.58828125 0.30703125 0.0109375 0.0515625
2 0.58828125 0.3640625 0.0109375 0.059375
2 0.48203125 0.35546875 0.0109375 0.0578125
2 0.69140625 0.26796875 0.0078125 0.0421875
2 0.67265625 0.28671875 0.0109375 0.0515625
3 0.3328125 0.21171875 0.009375 0.0390625
0 0.40703125 0.3109375 0.0078125 0.0125