2 0.61875 0.4046875 0.01875 0.06875
2 0.19453125 0.38125 0.0140625 0.06875
2 0.88828125 0.58125 0.0171875 0.08125
2 0.5734375 0.30546875 0.015625 0.0546875
2 0.35546875 0.61796875 0.0171875 0.0890625
2 0.55703125 0.6484375 0.0203125 0.0875
2 0.378125 0.30078125 0.0125 0.0609375
2 0.81953125 0.425 0.0171875 0.075
2 0.34375 0.36640625 0.0125 0.0671875
3 0.54453125 0.3046875 0.0171875 0.05625
2 0.24296875 0.26875 0.0140625 0.05625
2 0.775 0.3609375 0.01875 0.065625
2 0.44140625 0.38828125 0.0140625 0.0671875
2 0.87265625 0.68125 0.0203125 0.090625
2 0.7921875 0.32578125 0.0125 0.0671875
2 0.37265625 0.4859375 0.0140625 0.075
2 0.484375 0.2671875 0.0125 0.05625
2 0.53125 0.21875 0.0125 0.03125
2 0.6734375 0.234375 0.01875 0.05
2 0.4859375 0.2109375 0.0125 0.04375