2 0.18984375 0.30390625 0.0203125 0.0546875
2 0.23359375 0.39921875 0.0203125 0.0671875
3 0.5078125 0.375 0.025 0.05625
2 0.58203125 0.30390625 0.0171875 0.0515625
2 0.64453125 0.50390625 0.0140625 0.0640625
2 0.51796875 0.3359375 0.0171875 0.05625
2 0.67734375 0.39296875 0.0140625 0.0609375
2 0.3171875 0.26328125 0.01875 0.0484375
2 0.48671875 0.2484375 0.0140625 0.04375
2 0.5453125 0.2734375 0.015625 0.053125
2 0.41796875 0.26171875 0.0234375 0.0484375
2 0.73671875 0.3875 0.0234375 0.065625
2 0.76328125 0.46328125 0.0140625 0.0578125
2 0.68359375 0.3046875 0.0140625 0.05625
2 0.5328125 0.240625 0.0125 0.05
2 0.43828125 0.26875 0.0140625 0.04375
2 0.72109375 0.3046875 0.0109375 0.05625
2 0.37578125 0.37265625 0.0140625 0.0609375
2 0.64296875 0.25625 0.0171875 0.05625