2 0.28984375 0.3453125 0.0171875 0.05625
2 0.4640625 0.42421875 0.021875 0.0609375
2 0.3125 0.70546875 0.01875 0.0859375
2 0.20625 0.43046875 0.01875 0.0671875
2 0.765625 0.375 0.015625 0.05625
2 0.21328125 0.55546875 0.0203125 0.0734375
2 0.78828125 0.5609375 0.0171875 0.078125
2 0.23671875 0.4421875 0.0171875 0.05625
2 0.25546875 0.38203125 0.0109375 0.0578125
3 0.44296875 0.3328125 0.0109375 0.053125
2 0.35625 0.27265625 0.0125 0.0484375
2 0.37109375 0.27265625 0.0109375 0.0484375
2 0.57421875 0.29453125 0.0109375 0.0546875
2 0.61171875 0.33671875 0.0078125 0.0609375
2 0.78828125 0.28515625 0.0140625 0.0484375
2 0.40234375 0.34140625 0.0109375 0.0546875
2 0.92421875 0.3875 0.0109375 0.059375
2 0.51875 0.26015625 0.00625 0.0390625
3 0.80703125 0.22421875 0.0078125 0.0390625
2 0.58984375 0.3421875 0.0078125 0.05625
0 0.78125 0.30546875 0.00625 0.0109375