2 0.1546875 0.565625 0.025 0.075
2 0.24140625 0.76171875 0.0296875 0.1015625
2 0.421875 0.44140625 0.01875 0.0671875
3 0.46328125 0.41796875 0.0140625 0.0671875
2 0.178125 0.46640625 0.01875 0.0734375
2 0.37578125 0.4375 0.0140625 0.06875
2 0.60625 0.36171875 0.0125 0.0609375
2 0.19296875 0.35390625 0.0140625 0.0609375
2 0.83671875 0.55546875 0.0265625 0.0765625
2 0.39453125 0.2875 0.0140625 0.05
2 0.63515625 0.225 0.0171875 0.05
2 0.61875 0.2984375 0.0125 0.05625
2 0.69296875 0.290625 0.0109375 0.053125
2 0.46015625 0.19921875 0.0078125 0.0390625
2 0.246875 0.290625 0.015625 0.05625
2 0.440625 0.2734375 0.0125 0.053125
3 0.21796875 0.19453125 0.0109375 0.0421875
2 0.35703125 0.34453125 0.0109375 0.0609375
2 0.57421875 0.3171875 0.0109375 0.053125