2 0.225 0.5984375 0.01875 0.0875
2 0.81796875 0.596875 0.0359375 0.06875
2 0.39375 0.36328125 0.015625 0.0609375
2 0.2984375 0.46875 0.01875 0.075
2 0.56328125 0.42890625 0.0203125 0.0703125
2 0.6796875 0.39375 0.015625 0.06875
2 0.075 0.39296875 0.0125 0.0640625
2 0.78671875 0.571875 0.0203125 0.078125
2 0.2046875 0.30625 0.015625 0.0625
2 0.27890625 0.36875 0.0140625 0.0625
2 0.73828125 0.41171875 0.0203125 0.0734375
2 0.6984375 0.36171875 0.015625 0.0671875
2 0.47578125 0.340625 0.0140625 0.0625
2 0.32421875 0.3171875 0.0140625 0.0625
2 0.58046875 0.26796875 0.0140625 0.0609375
2 0.46953125 0.234375 0.0109375 0.046875
2 0.60625 0.53671875 0.01875 0.0671875
2 0.509375 0.215625 0.0125 0.046875
2 0.3171875 0.2203125 0.01875 0.05
2 0.12890625 0.26171875 0.0140625 0.0453125
3 0.4671875 0.31640625 0.0125 0.0578125
3 0.09375 0.20625 0.0125 0.04375