2 0.375 0.5296875 0.01875 0.0625
2 0.36640625 0.67890625 0.0203125 0.0703125
2 0.465625 0.45546875 0.015625 0.0609375
2 0.62265625 0.5484375 0.0203125 0.0625
2 0.39296875 0.51796875 0.0171875 0.0578125
2 0.63671875 0.63203125 0.0234375 0.0703125
2 0.73125 0.64375 0.01875 0.078125
2 0.76640625 0.57421875 0.0203125 0.0703125
2 0.38125 0.59765625 0.01875 0.0671875
2 0.30703125 0.45546875 0.0140625 0.0609375
2 0.28203125 0.59921875 0.0234375 0.0671875
3 0.79453125 0.7796875 0.0171875 0.0875
2 0.59296875 0.434375 0.0140625 0.05625
2 0.48515625 0.2875 0.0078125 0.0375
2 0.3484375 0.59140625 0.021875 0.0703125
3 0.42578125 0.45078125 0.0140625 0.0578125
2 0.41171875 0.34453125 0.0109375 0.0484375
1 0.1125 0.36796875 0.0125 0.0390625
2 0.2359375 0.58828125 0.0125 0.0640625
2 0.56640625 0.55 0.0109375 0.0625
2 0.725 0.44765625 0.0125 0.0578125
3 0.48125 0.23046875 0.00625 0.0359375