2 0.65 0.65703125 0.01875 0.0796875
2 0.16953125 0.59375 0.0296875 0.078125
2 0.24296875 0.5734375 0.0328125 0.075
2 0.71953125 0.5 0.0203125 0.06875
2 0.4421875 0.6375 0.021875 0.075
2 0.49453125 0.43671875 0.0171875 0.0671875
2 0.478125 0.5234375 0.025 0.059375
2 0.7609375 0.4859375 0.01875 0.06875
2 0.55390625 0.30546875 0.0140625 0.0421875
2 0.6421875 0.46796875 0.0125 0.0703125
2 0.384375 0.51796875 0.015625 0.0703125
2 0.3171875 0.40625 0.0125 0.0625
2 0.5203125 0.49921875 0.015625 0.0640625
2 0.63046875 0.5296875 0.0140625 0.071875
2 0.3484375 0.3875 0.01875 0.05625
2 0.18125 0.340625 0.015625 0.05625
3 0.4609375 0.3734375 0.0125 0.059375
2 0.178125 0.5046875 0.01875 0.06875
2 0.45625 0.25703125 0.0125 0.0453125
3 0.2203125 0.2265625 0.0125 0.04375
3 0.96875 0.8046875 0.03125 0.1
0 0.41953125 0.49453125 0.0078125 0.0140625