2 0.565625 0.8 0.0375 0.1
2 0.75078125 0.47890625 0.0140625 0.0734375
2 0.4109375 0.56953125 0.021875 0.0703125
2 0.696875 0.54140625 0.01875 0.0734375
2 0.74296875 0.66796875 0.0265625 0.0859375
2 0.375 0.38203125 0.0125 0.0640625
2 0.62578125 0.39765625 0.0140625 0.0515625
2 0.59453125 0.3640625 0.0140625 0.059375
2 0.16796875 0.33203125 0.0140625 0.0546875
2 0.76953125 0.3640625 0.0140625 0.065625
2 0.30703125 0.61875 0.0234375 0.08125
2 0.34296875 0.31640625 0.0109375 0.0609375
2 0.54375 0.29453125 0.0125 0.0546875
2 0.64140625 0.25 0.0109375 0.04375
2 0.421875 0.31640625 0.0125 0.0546875
2 0.3609375 0.28046875 0.015625 0.0546875
2 0.43046875 0.23203125 0.0109375 0.0421875
2 0.74453125 0.3125 0.0140625 0.05
3 0.62421875 0.44375 0.0140625 0.06875
3 0.69453125 0.19296875 0.0078125 0.0390625
2 0.725 0.309375 0.0125 0.0625
0 0.33515625 0.63671875 0.0078125 0.0140625