2 0.16953125 0.69296875 0.0203125 0.0890625
2 0.40390625 0.29140625 0.0140625 0.0515625
2 0.37265625 0.378125 0.0265625 0.059375
2 0.18125 0.5234375 0.01875 0.06875
2 0.2296875 0.42890625 0.01875 0.0671875
2 0.29765625 0.25078125 0.0203125 0.0484375
2 0.5265625 0.26953125 0.015625 0.0515625
2 0.2109375 0.39296875 0.015625 0.0609375
2 0.7921875 0.5203125 0.01875 0.075
2 0.6359375 0.33046875 0.0125 0.0578125
2 0.55625 0.2703125 0.0125 0.053125
3 0.45390625 0.40703125 0.0109375 0.0671875
2 0.61328125 0.23671875 0.0140625 0.0484375
2 0.29375 0.375 0.0125 0.0625
2 0.4515625 0.21875 0.009375 0.0375
2 0.375 0.25078125 0.0125 0.0484375
2 0.2703125 0.27421875 0.021875 0.0421875
3 0.27265625 0.19921875 0.0140625 0.0359375
2 0.5703125 0.19921875 0.009375 0.0421875