2 0.6625 0.3875 0.01875 0.0625
2 0.68671875 0.28828125 0.0171875 0.0484375
2 0.39921875 0.43046875 0.0140625 0.0640625
2 0.1140625 0.58125 0.015625 0.078125
2 0.5609375 0.375 0.015625 0.0625
2 0.3 0.44140625 0.0125 0.0640625
2 0.2875 0.29921875 0.0125 0.0515625
2 0.78046875 0.571875 0.0234375 0.08125
2 0.31171875 0.29765625 0.0140625 0.0515625
2 0.403125 0.25625 0.015625 0.040625
2 0.84609375 0.37890625 0.0140625 0.0609375
3 0.47734375 0.3234375 0.0140625 0.05625
2 0.44453125 0.36328125 0.0140625 0.0609375
2 0.36484375 0.6921875 0.0234375 0.084375
2 0.21796875 0.34765625 0.0140625 0.0609375
2 0.19296875 0.41875 0.0140625 0.06875
2 0.265625 0.39453125 0.015625 0.0609375
2 0.39296875 0.3484375 0.0109375 0.053125
2 0.51484375 0.36328125 0.0109375 0.0609375
3 0.76171875 0.2203125 0.0140625 0.046875
2 0.55703125 0.2296875 0.0109375 0.04375