2 0.75703125 0.49921875 0.0140625 0.0640625
2 0.47265625 0.62578125 0.0171875 0.0734375
2 0.80546875 0.43203125 0.0140625 0.0515625
2 0.51953125 0.47890625 0.0140625 0.0609375
2 0.8109375 0.71015625 0.01875 0.0765625
2 0.7359375 0.36171875 0.0125 0.0484375
2 0.3875 0.29140625 0.0125 0.0421875
2 0.83046875 0.62578125 0.0140625 0.0703125
2 0.64921875 0.378125 0.0140625 0.05
2 0.41953125 0.3453125 0.0140625 0.046875
2 0.21171875 0.4296875 0.0171875 0.05625
2 0.696875 0.47421875 0.0125 0.0546875
2 0.36953125 0.37265625 0.0109375 0.0484375
3 0.91796875 0.80546875 0.0296875 0.0890625
2 0.49296875 0.384375 0.0078125 0.053125
2 0.69296875 0.30078125 0.0109375 0.0359375
2 0.70390625 0.309375 0.0109375 0.040625
2 0.66875 0.278125 0.0125 0.040625
2 0.775 0.4078125 0.0125 0.05625
1 0.1296875 0.36953125 0.0125 0.0453125
3 0.50078125 0.36171875 0.0109375 0.0484375