2 0.58828125 0.33125 0.0203125 0.0625
2 0.07421875 0.6296875 0.0203125 0.084375
2 0.3734375 0.228125 0.0125 0.046875
2 0.09453125 0.55546875 0.0203125 0.0765625
2 0.61796875 0.5671875 0.0265625 0.0875
2 0.24140625 0.32890625 0.0140625 0.0640625
2 0.42265625 0.36328125 0.0140625 0.0640625
2 0.540625 0.3265625 0.015625 0.065625
2 0.39453125 0.5484375 0.0171875 0.103125
2 0.1796875 0.39921875 0.01875 0.0703125
2 0.76171875 0.2421875 0.0140625 0.053125
2 0.64921875 0.44140625 0.0140625 0.0734375
3 0.434375 0.29453125 0.015625 0.0578125
2 0.65390625 0.28515625 0.0140625 0.0578125
2 0.4015625 0.19765625 0.0125 0.0484375
2 0.80625 0.35546875 0.0125 0.0640625
2 0.50078125 0.21796875 0.0109375 0.0421875
2 0.2171875 0.36875 0.0125 0.06875
2 0.57421875 0.26640625 0.0109375 0.0546875
2 0.44375 0.29375 0.0125 0.05625
2 0.54765625 0.20390625 0.0109375 0.0515625
3 0.7984375 0.20078125 0.0125 0.0484375