2 0.35859375 0.41953125 0.0203125 0.0546875
2 0.80625 0.60703125 0.01875 0.0640625
2 0.5640625 0.5265625 0.01875 0.0625
2 0.73984375 0.47421875 0.0140625 0.0640625
2 0.24609375 0.43203125 0.0171875 0.0546875
2 0.8328125 0.74375 0.01875 0.08125
2 0.59609375 0.4671875 0.0109375 0.05625
3 0.46171875 0.37265625 0.0140625 0.0484375
2 0.4234375 0.2796875 0.0125 0.0375
2 0.5109375 0.6671875 0.015625 0.08125
2 0.34453125 0.33671875 0.0171875 0.0453125
2 0.68203125 0.3046875 0.0078125 0.040625
2 0.5625 0.3265625 0.009375 0.04375
2 0.7078125 0.37890625 0.0125 0.0515625
2 0.65703125 0.2625 0.0109375 0.0375
2 0.59453125 0.34765625 0.0109375 0.0515625
3 0.93046875 0.77890625 0.0265625 0.0890625
3 0.31875 0.25 0.0125 0.0375
2 0.7515625 0.40546875 0.0125 0.0390625
1 0.01875 0.38046875 0.0125 0.0484375
0 0.35625 0.35078125 0.00625 0.0109375