2 0.22109375 0.659375 0.0203125 0.078125
2 0.340625 0.51875 0.015625 0.06875
2 0.56875 0.50625 0.01875 0.065625
2 0.65703125 0.4359375 0.0109375 0.059375
2 0.1140625 0.5234375 0.015625 0.06875
2 0.5078125 0.43828125 0.015625 0.0640625
2 0.48984375 0.5484375 0.0140625 0.06875
2 0.41875 0.6953125 0.025 0.0875
2 0.5625 0.68828125 0.01875 0.0734375
2 0.3828125 0.37421875 0.0125 0.0515625
3 0.3796875 0.32890625 0.0125 0.0546875
2 0.20625 0.3765625 0.0125 0.05625
2 0.23359375 0.37421875 0.0109375 0.0546875
2 0.33984375 0.43515625 0.0109375 0.0578125
2 0.4171875 0.40078125 0.0125 0.0609375
2 0.10546875 0.62421875 0.0140625 0.0703125
2 0.41328125 0.2546875 0.0109375 0.04375
2 0.24296875 0.30625 0.0078125 0.04375
2 0.25234375 0.3296875 0.0109375 0.046875
1 0.93203125 0.45078125 0.0109375 0.0609375
3 0.5953125 0.21796875 0.009375 0.0359375