2 0.4328125 0.628125 0.028125 0.05625
2 0.53671875 0.48046875 0.0140625 0.0515625
2 0.16328125 0.65546875 0.0203125 0.0703125
2 0.71953125 0.41640625 0.0109375 0.0515625
2 0.54375 0.62421875 0.015625 0.0640625
2 0.31953125 0.63046875 0.0203125 0.0671875
2 0.653125 0.37578125 0.0125 0.0453125
2 0.38125 0.52265625 0.0125 0.0640625
2 0.64453125 0.53671875 0.0171875 0.0515625
3 0.32734375 0.475 0.0140625 0.05625
2 0.2078125 0.60546875 0.01875 0.0703125
2 0.88671875 0.60078125 0.0140625 0.0703125
2 0.35859375 0.6671875 0.0203125 0.075
2 0.31796875 0.37578125 0.0140625 0.0484375
2 0.6109375 0.38203125 0.009375 0.0484375
2 0.4921875 0.38671875 0.009375 0.0484375
3 0.96953125 0.7390625 0.0234375 0.078125
2 0.25 0.49140625 0.0125 0.0578125
2 0.28828125 0.65703125 0.0140625 0.0640625
3 0.29609375 0.27421875 0.0109375 0.0328125
0 0.4703125 0.66953125 0.00625 0.0109375