2 0.28125 0.41171875 0.015625 0.0546875
2 0.83828125 0.525 0.0171875 0.075
2 0.6109375 0.534375 0.015625 0.06875
2 0.8703125 0.49453125 0.0125 0.0671875
2 0.1640625 0.56640625 0.0125 0.0640625
2 0.33828125 0.54453125 0.0109375 0.0609375
2 0.70625 0.32578125 0.015625 0.0515625
2 0.25859375 0.40546875 0.0078125 0.0515625
2 0.48046875 0.42421875 0.0140625 0.0609375
2 0.58046875 0.29921875 0.0078125 0.0484375
2 0.11171875 0.44140625 0.0109375 0.0578125
2 0.29296875 0.3625 0.0109375 0.05
2 0.38359375 0.278125 0.0109375 0.0375
2 0.8125 0.36171875 0.0125 0.0515625
2 0.14921875 0.36953125 0.0171875 0.0546875
2 0.2140625 0.33046875 0.01875 0.0484375
3 0.3265625 0.3765625 0.0125 0.053125
2 0.33671875 0.3421875 0.0109375 0.04375
2 0.4265625 0.2921875 0.009375 0.04375
3 0.89296875 0.25390625 0.0109375 0.0421875
2 0.1875 0.33828125 0.015625 0.0515625