2 0.3796875 0.4046875 0.01875 0.06875
2 0.11015625 0.58125 0.0171875 0.08125
2 0.80390625 0.38046875 0.0171875 0.0640625
2 0.17890625 0.42421875 0.0171875 0.0734375
2 0.12578125 0.68046875 0.0203125 0.0890625
2 0.4421875 0.64765625 0.021875 0.0859375
2 0.425 0.30546875 0.015625 0.0546875
2 0.2234375 0.3609375 0.015625 0.065625
2 0.62578125 0.4859375 0.0140625 0.075
2 0.6421875 0.61796875 0.01875 0.0890625
2 0.65546875 0.36640625 0.0140625 0.0671875
2 0.55703125 0.38828125 0.0140625 0.0671875
3 0.45390625 0.3046875 0.0171875 0.05625
2 0.6203125 0.30078125 0.0125 0.0609375
2 0.20625 0.3265625 0.0125 0.065625
2 0.75546875 0.26875 0.0109375 0.05625
2 0.5140625 0.26796875 0.0125 0.0578125
2 0.4671875 0.21796875 0.0125 0.0328125
2 0.3234375 0.2359375 0.01875 0.046875
2 0.51328125 0.21171875 0.0140625 0.0453125