2 0.62421875 0.228125 0.0140625 0.046875
2 0.41015625 0.33125 0.0203125 0.0625
2 0.19375 0.35546875 0.0125 0.0640625
2 0.60390625 0.5484375 0.0171875 0.103125
2 0.90078125 0.55546875 0.0203125 0.0765625
2 0.92265625 0.6296875 0.0203125 0.084375
2 0.23671875 0.24296875 0.0140625 0.0515625
2 0.59453125 0.19765625 0.0140625 0.0484375
2 0.75703125 0.32890625 0.0140625 0.0640625
2 0.57578125 0.3640625 0.0140625 0.0625
2 0.81875 0.4 0.01875 0.06875
2 0.78046875 0.36875 0.0140625 0.06875
2 0.4578125 0.32890625 0.015625 0.0640625
2 0.34453125 0.28515625 0.0140625 0.0578125
3 0.565625 0.29453125 0.015625 0.0578125
2 0.49765625 0.21796875 0.0109375 0.0421875
2 0.5546875 0.29375 0.0125 0.05625
2 0.34921875 0.4390625 0.0140625 0.071875
2 0.425 0.2671875 0.0125 0.05
2 0.45078125 0.2015625 0.0109375 0.05
2 0.38046875 0.56796875 0.0296875 0.0890625