2 0.37421875 0.5546875 0.0171875 0.0625
2 0.1734375 0.51640625 0.015625 0.0609375
2 0.51328125 0.60546875 0.0171875 0.0703125
2 0.54453125 0.42890625 0.0140625 0.0546875
2 0.22421875 0.66796875 0.0203125 0.0703125
2 0.2875 0.3859375 0.0125 0.05
2 0.3125 0.3328125 0.0125 0.04375
2 0.35859375 0.70078125 0.0203125 0.0765625
3 0.44453125 0.35625 0.0109375 0.046875
3 0.04921875 0.734375 0.0203125 0.078125
2 0.35625 0.42578125 0.0125 0.0546875
2 0.2390625 0.42890625 0.0125 0.0578125
2 0.14453125 0.63515625 0.0140625 0.0640625
2 0.4109375 0.3953125 0.0125 0.05
2 0.56328125 0.5265625 0.0109375 0.0625
2 0.33125 0.3296875 0.0125 0.0375
2 0.4953125 0.29140625 0.009375 0.0421875
2 0.5953125 0.44765625 0.0125 0.0515625
2 0.6921875 0.37578125 0.0125 0.0484375
2 0.628125 0.68203125 0.021875 0.0640625
2 0.390625 0.4046875 0.009375 0.05
3 0.64296875 0.2484375 0.0078125 0.034375