2 0.153125 0.63046875 0.025 0.0828125
2 0.1765625 0.45625 0.021875 0.06875
2 0.84296875 0.31328125 0.0171875 0.0640625
2 0.30546875 0.43203125 0.0171875 0.0765625
2 0.25703125 0.2734375 0.0203125 0.05625
2 0.66015625 0.26953125 0.0140625 0.0546875
2 0.5296875 0.32265625 0.015625 0.0609375
2 0.2046875 0.32578125 0.015625 0.0609375
2 0.48671875 0.24921875 0.0171875 0.0515625
2 0.41875 0.28046875 0.01875 0.0578125
2 0.3875 0.3421875 0.03125 0.0625
2 0.65703125 0.35625 0.0171875 0.065625
2 0.81796875 0.44140625 0.0203125 0.0765625
2 0.61171875 0.28125 0.0109375 0.05625
2 0.2859375 0.290625 0.01875 0.05625
3 0.28828125 0.175 0.0140625 0.04375
2 0.56640625 0.2109375 0.0140625 0.04375
2 0.34765625 0.19375 0.0140625 0.04375
3 0.51328125 0.37578125 0.0265625 0.0453125
2 0.8109375 0.26875 0.015625 0.0625