2 0.1 0.56875 0.01875 0.059375
2 0.334375 0.62265625 0.015625 0.0609375
2 0.87421875 0.5609375 0.0171875 0.05625
3 0.5953125 0.41328125 0.009375 0.0484375
2 0.70625 0.42421875 0.0125 0.0484375
2 0.49375 0.534375 0.0125 0.05625
2 0.17109375 0.53671875 0.0140625 0.0515625
2 0.58125 0.53671875 0.015625 0.0515625
2 0.2765625 0.4265625 0.01875 0.04375
2 0.40859375 0.4625 0.0171875 0.05
2 0.40625 0.60546875 0.015625 0.0609375
3 0.06796875 0.60546875 0.0171875 0.0609375
2 0.88984375 0.553125 0.0140625 0.05625
2 0.71953125 0.34921875 0.0109375 0.0421875
2 0.8046875 0.62578125 0.015625 0.0703125
2 0.54296875 0.45390625 0.0109375 0.0515625
2 0.475 0.49140625 0.0125 0.0484375
2 0.67109375 0.353125 0.0078125 0.040625
2 0.8203125 0.63515625 0.0125 0.0703125
2 0.36953125 0.403125 0.0109375 0.046875
2 0.88984375 0.43671875 0.0109375 0.0515625
1 0.16171875 0.41953125 0.0140625 0.0546875
2 0.72578125 0.4546875 0.0109375 0.05
3 0.91953125 0.30390625 0.0078125 0.0390625