2 0.3640625 0.35546875 0.01875 0.0484375
2 0.290625 0.4890625 0.01875 0.059375
2 0.44453125 0.5171875 0.0140625 0.059375
2 0.34140625 0.6046875 0.0203125 0.0625
2 0.26640625 0.4109375 0.0140625 0.05625
2 0.16171875 0.63125 0.0140625 0.075
3 0.63125 0.48515625 0.025 0.0546875
2 0.834375 0.46953125 0.025 0.0515625
2 0.79921875 0.47265625 0.0234375 0.0546875
2 0.82421875 0.56875 0.0203125 0.0625
2 0.4484375 0.31875 0.015625 0.0375
2 0.49765625 0.38828125 0.0171875 0.0453125
2 0.13671875 0.4546875 0.0171875 0.059375
2 0.51796875 0.4484375 0.0171875 0.05
2 0.3171875 0.46328125 0.0125 0.0609375
2 0.66953125 0.3453125 0.0171875 0.040625
2 0.68671875 0.409375 0.0171875 0.05
2 0.45546875 0.44296875 0.0171875 0.0515625
2 0.8046875 0.55078125 0.015625 0.0640625
2 0.3359375 0.53203125 0.021875 0.0578125
3 0.60625 0.24296875 0.0125 0.0328125
2 0.8109375 0.41953125 0.01875 0.0546875
0 0.87890625 0.5046875 0.0078125 0.009375