2 0.46328125 0.42421875 0.0203125 0.0609375
2 0.3109375 0.70546875 0.021875 0.0859375
2 0.2875 0.3453125 0.01875 0.05625
2 0.20546875 0.43046875 0.0171875 0.0671875
2 0.23515625 0.4421875 0.0171875 0.05625
2 0.2109375 0.55546875 0.01875 0.0734375
2 0.7875 0.5609375 0.01875 0.078125
3 0.4421875 0.3328125 0.0125 0.053125
2 0.7640625 0.375 0.015625 0.05625
2 0.3546875 0.2734375 0.0125 0.05
2 0.25390625 0.38203125 0.0109375 0.0578125
2 0.61015625 0.3359375 0.0109375 0.05625
2 0.36953125 0.27265625 0.0109375 0.0484375
2 0.7859375 0.2828125 0.0125 0.046875
2 0.57265625 0.29375 0.0109375 0.05
2 0.921875 0.38828125 0.009375 0.0609375
2 0.40078125 0.3421875 0.0109375 0.053125
3 0.80546875 0.22421875 0.0109375 0.0421875
2 0.51640625 0.2609375 0.0109375 0.040625
2 0.5890625 0.3421875 0.009375 0.05625
0 0.7796875 0.30546875 0.00625 0.0109375