2 0.77890625 0.659375 0.0203125 0.078125
2 0.659375 0.51875 0.015625 0.06875
2 0.43125 0.50625 0.01875 0.065625
2 0.8859375 0.5234375 0.015625 0.06875
2 0.34296875 0.43671875 0.0109375 0.0578125
2 0.58125 0.6953125 0.025 0.0875
2 0.49140625 0.43828125 0.0140625 0.0640625
2 0.51015625 0.5484375 0.0140625 0.06875
2 0.6171875 0.37421875 0.0125 0.0515625
2 0.79375 0.3765625 0.0125 0.05625
2 0.76640625 0.37421875 0.0109375 0.0546875
3 0.62265625 0.32890625 0.0109375 0.0546875
2 0.5828125 0.40078125 0.0125 0.0609375
2 0.66015625 0.43515625 0.0109375 0.0578125
2 0.43828125 0.68828125 0.0140625 0.0734375
2 0.89453125 0.62421875 0.0140625 0.0703125
2 0.58671875 0.25390625 0.0109375 0.0421875
2 0.75703125 0.30625 0.0078125 0.04375
2 0.74765625 0.3296875 0.0109375 0.046875
1 0.06796875 0.45078125 0.0109375 0.0609375
3 0.4046875 0.21953125 0.009375 0.0328125
2 0.425 0.31640625 0.0125 0.0484375