2 0.6828125 0.48046875 0.015625 0.0453125
2 0.30390625 0.54453125 0.0140625 0.0546875
2 0.8109375 0.5578125 0.0125 0.059375
2 0.89375 0.4734375 0.0125 0.05
2 0.48203125 0.55625 0.0140625 0.05
2 0.88046875 0.47578125 0.0109375 0.0484375
2 0.47890625 0.39375 0.0078125 0.0375
2 0.26015625 0.46015625 0.0109375 0.0453125
2 0.40546875 0.44296875 0.0109375 0.0421875
2 0.5796875 0.4546875 0.0125 0.04375
2 0.09375 0.53203125 0.01875 0.0421875
2 0.46328125 0.36953125 0.0078125 0.0328125
3 0.42265625 0.46953125 0.0078125 0.0484375
2 0.34140625 0.41796875 0.0078125 0.0390625
2 0.07578125 0.53125 0.0109375 0.046875
2 0.26171875 0.50546875 0.0078125 0.0421875
2 0.38671875 0.39921875 0.0109375 0.0390625
2 0.4125 0.38671875 0.009375 0.0359375
2 0.13125 0.5234375 0.0125 0.0375