2 0.60703125 0.75390625 0.0265625 0.0921875
2 0.5703125 0.73515625 0.025 0.0828125
2 0.36796875 0.65078125 0.0203125 0.0828125
2 0.5453125 0.61328125 0.01875 0.0859375
2 0.15546875 0.66953125 0.0203125 0.0953125
2 0.10859375 0.3921875 0.0140625 0.0625
2 0.5890625 0.49453125 0.021875 0.0671875
2 0.31875 0.359375 0.0125 0.065625
2 0.36171875 0.45625 0.0140625 0.075
2 0.64453125 0.36171875 0.0171875 0.0484375
2 0.33828125 0.30078125 0.0203125 0.0515625
2 0.49296875 0.425 0.0171875 0.06875
2 0.46328125 0.60625 0.0265625 0.08125
3 0.62578125 0.46953125 0.0140625 0.0703125
2 0.71484375 0.3640625 0.0140625 0.0625
2 0.56171875 0.33828125 0.0140625 0.0609375
2 0.69453125 0.35625 0.0140625 0.0625
2 0.66796875 0.2796875 0.0109375 0.04375
2 0.74453125 0.440625 0.0265625 0.075
3 0.63984375 0.1875 0.0109375 0.0375
2 0.4265625 0.25703125 0.0125 0.0484375