2 0.64453125 0.52890625 0.0171875 0.0671875
3 0.53125 0.38203125 0.015625 0.0546875
2 0.16171875 0.47421875 0.0109375 0.0640625
2 0.55625 0.51171875 0.0125 0.0640625
2 0.56796875 0.31640625 0.0109375 0.0421875
2 0.2234375 0.46953125 0.015625 0.0640625
2 0.2375 0.43046875 0.0125 0.0578125
2 0.54375 0.29296875 0.0125 0.0453125
2 0.18125 0.37421875 0.0125 0.0515625
2 0.26953125 0.37421875 0.0109375 0.0515625
2 0.61640625 0.2921875 0.0109375 0.04375
2 0.5546875 0.371875 0.015625 0.040625
2 0.59453125 0.28515625 0.0109375 0.0421875
2 0.51171875 0.26015625 0.0109375 0.0359375
2 0.415625 0.2859375 0.009375 0.040625
2 0.51640625 0.2984375 0.0109375 0.04375
2 0.23515625 0.3171875 0.0109375 0.05
2 0.48046875 0.2875 0.0109375 0.04375
2 0.19296875 0.3359375 0.0140625 0.046875
2 0.8484375 0.39453125 0.0125 0.0515625
2 0.94296875 0.34921875 0.0109375 0.0484375
0 0.70546875 0.35390625 0.0046875 0.0109375