2 0.5359375 0.42421875 0.021875 0.0609375
2 0.71015625 0.3453125 0.0171875 0.05625
2 0.23515625 0.375 0.0171875 0.05625
2 0.68828125 0.70546875 0.0203125 0.0828125
2 0.79375 0.43046875 0.01875 0.0671875
2 0.21171875 0.56015625 0.0171875 0.0796875
2 0.78671875 0.55546875 0.0203125 0.0734375
2 0.42578125 0.29375 0.0109375 0.05
2 0.76328125 0.4421875 0.0171875 0.05625
3 0.55703125 0.3328125 0.0109375 0.053125
2 0.74453125 0.38203125 0.0109375 0.0578125
2 0.21171875 0.28515625 0.0140625 0.0484375
2 0.64375 0.2703125 0.0125 0.05
2 0.62890625 0.2703125 0.0109375 0.046875
2 0.07578125 0.38828125 0.0109375 0.0609375
2 0.59765625 0.34140625 0.0109375 0.0546875
2 0.48125 0.2609375 0.0125 0.040625
2 0.38828125 0.33671875 0.0109375 0.0578125
2 0.4078125 0.3421875 0.009375 0.05625
3 0.19296875 0.2234375 0.0109375 0.04375
0 0.21875 0.30546875 0.00625 0.0109375