2 0.64140625 0.41953125 0.0203125 0.0546875
2 0.19375 0.60703125 0.01875 0.0640625
2 0.4359375 0.5265625 0.01875 0.0625
2 0.26015625 0.47421875 0.0140625 0.0640625
2 0.75390625 0.43203125 0.0171875 0.0546875
2 0.1671875 0.74375 0.01875 0.08125
2 0.40390625 0.4671875 0.0109375 0.05625
3 0.53828125 0.37265625 0.0140625 0.0484375
2 0.5765625 0.2796875 0.0125 0.0375
2 0.4890625 0.6671875 0.015625 0.08125
2 0.65546875 0.33671875 0.0171875 0.0453125
2 0.31796875 0.3046875 0.0078125 0.040625
2 0.4375 0.3265625 0.009375 0.04375
2 0.2921875 0.37890625 0.0125 0.0515625
2 0.34296875 0.2625 0.0109375 0.0375
2 0.40546875 0.34765625 0.0109375 0.0515625
3 0.06953125 0.77890625 0.0265625 0.0890625
3 0.68125 0.25 0.0125 0.0375
2 0.2484375 0.40546875 0.0125 0.0390625
1 0.98125 0.38046875 0.0125 0.0484375
0 0.64375 0.35078125 0.00625 0.0109375