2 0.184375 0.71328125 0.021875 0.0921875
2 0.41796875 0.3125 0.0140625 0.05625
2 0.24375 0.35625 0.015625 0.05625
2 0.25 0.4359375 0.0125 0.06875
2 0.6375 0.275 0.0125 0.05
2 0.18046875 0.5234375 0.0171875 0.06875
2 0.8265625 0.28671875 0.015625 0.0546875
2 0.240625 0.28515625 0.015625 0.0515625
2 0.3375 0.2609375 0.0125 0.05
2 0.28125 0.29921875 0.0125 0.0578125
2 0.72890625 0.5046875 0.0171875 0.06875
2 0.40546875 0.26328125 0.0109375 0.0484375
2 0.29296875 0.32890625 0.0140625 0.0546875
2 0.55625 0.25625 0.0125 0.04375
2 0.6671875 0.31796875 0.0125 0.0515625
2 0.67265625 0.26328125 0.0140625 0.0546875
3 0.43125 0.41328125 0.0125 0.0640625
2 0.4734375 0.22421875 0.0125 0.0390625
2 0.4359375 0.3890625 0.009375 0.040625