2 0.5828125 0.54140625 0.0125 0.0390625
2 0.3875 0.415625 0.00625 0.034375
2 0.28671875 0.4859375 0.0109375 0.04375
2 0.5625 0.50390625 0.0125 0.0453125
2 0.21875 0.59296875 0.0125 0.0390625
2 0.36796875 0.52265625 0.0109375 0.0421875
2 0.48671875 0.41171875 0.0109375 0.0328125
2 0.37890625 0.46796875 0.0078125 0.0421875
2 0.46171875 0.38671875 0.0078125 0.0328125
2 0.3125 0.62421875 0.0125 0.0546875
2 0.5625 0.6359375 0.0125 0.053125
2 0.50078125 0.45703125 0.0109375 0.0359375
1 0.0875 0.421875 0.0125 0.0375
2 0.55546875 0.3546875 0.0109375 0.03125
2 0.36953125 0.43125 0.0109375 0.0375
2 0.36796875 0.3671875 0.0109375 0.03125
3 0.5046875 0.3921875 0.00625 0.034375
2 0.15546875 0.6515625 0.0109375 0.05
2 0.3328125 0.40390625 0.009375 0.0359375
2 0.74375 0.43203125 0.00625 0.0328125
3 0.16640625 0.675 0.0140625 0.05625
3 0.66796875 0.31171875 0.0078125 0.0234375
2 0.3484375 0.43671875 0.009375 0.0421875