3 0.6328125 0.48671875 0.025 0.0578125
2 0.4453125 0.51640625 0.015625 0.0578125
2 0.365625 0.35546875 0.01875 0.0484375
2 0.1640625 0.63046875 0.01875 0.0734375
2 0.67109375 0.3453125 0.0171875 0.040625
2 0.44921875 0.31796875 0.0140625 0.0390625
2 0.6875 0.40703125 0.01875 0.0515625
2 0.45625 0.4421875 0.01875 0.053125
2 0.8 0.4703125 0.025 0.05625
2 0.29296875 0.4890625 0.0171875 0.059375
2 0.13984375 0.4546875 0.0140625 0.059375
2 0.34296875 0.6046875 0.0203125 0.0625
2 0.834375 0.46953125 0.025 0.0515625
2 0.49921875 0.38828125 0.0171875 0.0453125
2 0.82578125 0.56875 0.0203125 0.0625
2 0.51953125 0.4484375 0.0140625 0.05
2 0.26796875 0.41015625 0.0140625 0.0546875
2 0.80703125 0.55078125 0.0140625 0.0671875
2 0.31875 0.4625 0.0125 0.05625
3 0.60703125 0.24296875 0.0140625 0.0328125
2 0.33671875 0.53203125 0.0234375 0.0578125
2 0.8125 0.421875 0.01875 0.05625
0 0.88125 0.50546875 0.00625 0.0109375