2 0.184375 0.7125 0.021875 0.090625
2 0.24609375 0.35625 0.0140625 0.05625
2 0.2515625 0.4359375 0.0125 0.06875
2 0.18203125 0.5234375 0.0140625 0.06875
2 0.41953125 0.3125 0.0109375 0.053125
2 0.240625 0.28515625 0.015625 0.0515625
2 0.2953125 0.32890625 0.0125 0.0546875
2 0.2828125 0.29921875 0.0125 0.0578125
2 0.3375 0.2609375 0.0125 0.05
3 0.43359375 0.41328125 0.0109375 0.0671875
2 0.63828125 0.275 0.0109375 0.05
2 0.40625 0.26328125 0.0125 0.0484375
2 0.83046875 0.28671875 0.0140625 0.0546875
2 0.66875 0.31875 0.0125 0.05
2 0.67421875 0.26328125 0.0140625 0.0546875
2 0.5578125 0.25625 0.0125 0.04375
2 0.475 0.22421875 0.0125 0.0390625
2 0.73046875 0.5046875 0.0171875 0.06875
2 0.43671875 0.38828125 0.0109375 0.0390625