2 0.3015625 0.5421875 0.01875 0.075
2 0.434375 0.8 0.0375 0.1
2 0.40390625 0.36640625 0.0140625 0.0609375
2 0.24765625 0.47890625 0.0140625 0.0703125
2 0.58828125 0.56953125 0.0203125 0.0703125
2 0.2265625 0.3640625 0.0125 0.065625
2 0.8296875 0.33125 0.0125 0.05625
2 0.25625 0.66796875 0.025 0.0859375
2 0.62265625 0.384375 0.0140625 0.0625
2 0.37265625 0.3953125 0.0140625 0.05
2 0.57578125 0.3171875 0.0109375 0.053125
2 0.4546875 0.29453125 0.0125 0.0546875
2 0.65546875 0.31640625 0.0140625 0.0609375
2 0.69140625 0.61875 0.0234375 0.08125
2 0.253125 0.3125 0.0125 0.05
2 0.63828125 0.28046875 0.0140625 0.0546875
2 0.35703125 0.25 0.0109375 0.04375
3 0.3734375 0.44453125 0.0125 0.0671875
2 0.2734375 0.3078125 0.0125 0.059375
2 0.56953125 0.23203125 0.0078125 0.0421875
3 0.30390625 0.19296875 0.0109375 0.0390625
0 0.66328125 0.63671875 0.0078125 0.0140625