2 0.9 0.56875 0.01875 0.059375
2 0.665625 0.62265625 0.015625 0.0609375
2 0.12578125 0.5609375 0.0171875 0.05625
3 0.4046875 0.41328125 0.009375 0.0484375
2 0.29375 0.42421875 0.0125 0.0484375
2 0.50625 0.534375 0.0125 0.05625
2 0.82890625 0.53671875 0.0140625 0.0515625
2 0.41875 0.53671875 0.015625 0.0515625
2 0.7234375 0.4265625 0.01875 0.04375
2 0.59140625 0.4625 0.0171875 0.05
2 0.59375 0.60546875 0.015625 0.0609375
3 0.93203125 0.60546875 0.0171875 0.0609375
2 0.11015625 0.553125 0.0140625 0.05625
2 0.28046875 0.34921875 0.0109375 0.0421875
2 0.1953125 0.62578125 0.015625 0.0703125
2 0.45703125 0.45390625 0.0109375 0.0515625
2 0.525 0.49140625 0.0125 0.0484375
2 0.32890625 0.353125 0.0078125 0.040625
2 0.1796875 0.63515625 0.0125 0.0703125
2 0.63046875 0.403125 0.0109375 0.046875
2 0.11015625 0.43671875 0.0109375 0.0515625
1 0.83828125 0.41953125 0.0140625 0.0546875
2 0.27421875 0.4546875 0.0109375 0.05
3 0.08046875 0.30390625 0.0078125 0.0390625