2 0.2125 0.58828125 0.01875 0.0828125
2 0.5734375 0.70625 0.01875 0.0875
2 0.43359375 0.41640625 0.0171875 0.0640625
2 0.60546875 0.4859375 0.0171875 0.071875
2 0.88359375 0.634375 0.0203125 0.08125
2 0.80078125 0.37578125 0.0171875 0.0640625
2 0.82734375 0.45625 0.0140625 0.075
2 0.41484375 0.37421875 0.0234375 0.0578125
2 0.33828125 0.39375 0.0109375 0.0625
2 0.61171875 0.3140625 0.0140625 0.05625
2 0.76171875 0.32421875 0.0140625 0.0578125
2 0.52109375 0.37890625 0.0109375 0.0609375
2 0.29296875 0.278125 0.0109375 0.046875
2 0.55859375 0.3171875 0.0109375 0.05625
3 0.2375 0.215625 0.0125 0.04375
2 0.65703125 0.384375 0.0109375 0.059375
2 0.70546875 0.27421875 0.0109375 0.0484375
2 0.1265625 0.3953125 0.0125 0.0625
2 0.6140625 0.3890625 0.0125 0.05
3 0.50625 0.30390625 0.0125 0.0515625
2 0.63828125 0.4109375 0.0140625 0.0625
2 0.584375 0.23671875 0.0125 0.0421875
0 0.31171875 0.3421875 0.0078125 0.0125