2 0.4375 0.525 0.01875 0.0625
2 0.19453125 0.60625 0.0203125 0.0625
2 0.64296875 0.41953125 0.0234375 0.0546875
2 0.75546875 0.43203125 0.0171875 0.0546875
2 0.16796875 0.74375 0.0171875 0.08125
2 0.65703125 0.33515625 0.0140625 0.0453125
2 0.26171875 0.47421875 0.0140625 0.0640625
3 0.5390625 0.3734375 0.0125 0.05
2 0.40546875 0.4671875 0.0109375 0.05625
2 0.31953125 0.3046875 0.0109375 0.0375
2 0.490625 0.66796875 0.015625 0.0796875
1 0.98203125 0.3796875 0.0109375 0.05
2 0.29375 0.37890625 0.0125 0.0515625
2 0.40703125 0.34765625 0.0078125 0.0515625
2 0.578125 0.28046875 0.0125 0.0359375
3 0.07109375 0.77890625 0.0265625 0.0890625
2 0.43984375 0.3265625 0.0078125 0.04375
2 0.34453125 0.2625 0.0078125 0.0375
2 0.25 0.40546875 0.0125 0.0421875
3 0.6828125 0.2484375 0.0125 0.040625
0 0.64609375 0.35234375 0.00625 0.00859375