3 0.61875 0.32421875 0.01875 0.0515625
2 0.60078125 0.38125 0.0171875 0.05625
2 0.82578125 0.54453125 0.0171875 0.0671875
2 0.8 0.62421875 0.021875 0.0765625
2 0.26796875 0.3015625 0.0171875 0.046875
2 0.78046875 0.40390625 0.0171875 0.0609375
2 0.78046875 0.3359375 0.0171875 0.05625
2 0.5125 0.26796875 0.0125 0.0484375
2 0.671875 0.3 0.015625 0.05
2 0.4484375 0.31953125 0.015625 0.0515625
2 0.70546875 0.296875 0.0140625 0.05
2 0.30625 0.525 0.01875 0.075
2 0.43046875 0.31171875 0.0140625 0.0515625
2 0.565625 0.26875 0.015625 0.04375
2 0.81875 0.34921875 0.0125 0.0546875
2 0.18203125 0.37578125 0.0140625 0.0546875
2 0.23828125 0.2609375 0.0078125 0.04375
2 0.4296875 0.25546875 0.015625 0.0421875