2 0.53671875 0.42421875 0.0203125 0.0609375
2 0.6890625 0.70546875 0.021875 0.0859375
2 0.7125 0.3453125 0.01875 0.05625
2 0.79453125 0.43046875 0.0171875 0.0671875
2 0.76484375 0.4421875 0.0171875 0.05625
2 0.7890625 0.55546875 0.01875 0.0734375
2 0.2125 0.5609375 0.01875 0.078125
3 0.5578125 0.3328125 0.0125 0.053125
2 0.2359375 0.375 0.015625 0.05625
2 0.6453125 0.2734375 0.0125 0.05
2 0.74609375 0.38203125 0.0109375 0.0578125
2 0.38984375 0.3359375 0.0109375 0.05625
2 0.63046875 0.27265625 0.0109375 0.0484375
2 0.2140625 0.2828125 0.0125 0.046875
2 0.42734375 0.29375 0.0109375 0.05
2 0.078125 0.38828125 0.009375 0.0609375
2 0.59921875 0.3421875 0.0109375 0.053125
3 0.19453125 0.22421875 0.0109375 0.0421875
2 0.48359375 0.2609375 0.0109375 0.040625
2 0.4109375 0.3421875 0.009375 0.05625
0 0.2203125 0.30546875 0.00625 0.0109375