2 0.71875 0.41171875 0.015625 0.0546875
2 0.16171875 0.525 0.0171875 0.075
2 0.3890625 0.534375 0.015625 0.06875
2 0.1296875 0.49453125 0.0125 0.0671875
2 0.8359375 0.56640625 0.0125 0.0640625
2 0.66171875 0.54453125 0.0109375 0.0609375
2 0.29375 0.32578125 0.015625 0.0515625
2 0.74140625 0.40546875 0.0078125 0.0515625
2 0.51953125 0.42421875 0.0140625 0.0609375
2 0.41953125 0.29921875 0.0078125 0.0484375
2 0.88828125 0.44140625 0.0109375 0.0578125
2 0.70703125 0.3625 0.0109375 0.05
2 0.61640625 0.278125 0.0109375 0.0375
2 0.1875 0.36171875 0.0125 0.0515625
2 0.85078125 0.36953125 0.0171875 0.0546875
2 0.7859375 0.33046875 0.01875 0.0484375
3 0.6734375 0.3765625 0.0125 0.053125
2 0.66328125 0.3421875 0.0109375 0.04375
2 0.5734375 0.2921875 0.009375 0.04375
3 0.10703125 0.25390625 0.0109375 0.0421875
2 0.8125 0.33828125 0.015625 0.0515625