2 0.40078125 0.60390625 0.0203125 0.0734375
2 0.22421875 0.58515625 0.0203125 0.0703125
2 0.34453125 0.68828125 0.0171875 0.0765625
2 0.45859375 0.43671875 0.0203125 0.0515625
2 0.83046875 0.6609375 0.0203125 0.075
2 0.45625 0.603125 0.01875 0.075
2 0.54609375 0.76328125 0.0171875 0.0828125
2 0.6640625 0.4796875 0.015625 0.0625
2 0.70546875 0.62421875 0.0234375 0.0703125
2 0.25703125 0.35625 0.0109375 0.04375
2 0.24296875 0.56875 0.0140625 0.0625
2 0.73828125 0.475 0.0140625 0.05625
2 0.3890625 0.38671875 0.0125 0.0484375
3 0.4484375 0.39296875 0.015625 0.0484375
2 0.56796875 0.31953125 0.0140625 0.0453125
2 0.18828125 0.5 0.0140625 0.06875
2 0.20703125 0.45546875 0.0203125 0.0578125
2 0.23671875 0.38828125 0.0109375 0.0453125
2 0.309375 0.26328125 0.0125 0.0453125
3 0.65703125 0.25625 0.0109375 0.0375
0 0.80859375 0.66953125 0.0078125 0.0140625
2 0.4015625 0.46953125 0.0125 0.0609375