2 0.815625 0.7125 0.021875 0.090625
2 0.75390625 0.35625 0.0140625 0.05625
2 0.7484375 0.4359375 0.0125 0.06875
2 0.81796875 0.5234375 0.0140625 0.06875
2 0.58046875 0.3125 0.0109375 0.053125
2 0.759375 0.28515625 0.015625 0.0515625
2 0.7046875 0.32890625 0.0125 0.0546875
2 0.7171875 0.29921875 0.0125 0.0578125
2 0.6625 0.2609375 0.0125 0.05
3 0.56640625 0.41328125 0.0109375 0.0671875
2 0.36171875 0.275 0.0109375 0.05
2 0.59375 0.26328125 0.0125 0.0484375
2 0.16953125 0.28671875 0.0140625 0.0546875
2 0.33125 0.31875 0.0125 0.05
2 0.32578125 0.26328125 0.0140625 0.0546875
2 0.4421875 0.25625 0.0125 0.04375
2 0.525 0.22421875 0.0125 0.0390625
2 0.26953125 0.5046875 0.0171875 0.06875
2 0.56328125 0.38828125 0.0109375 0.0390625