2 0.2234375 0.66796875 0.021875 0.0703125
2 0.5125 0.60546875 0.01875 0.0703125
2 0.3734375 0.5546875 0.01875 0.0625
2 0.54375 0.4265625 0.0125 0.05625
2 0.28671875 0.38515625 0.0109375 0.0515625
2 0.35703125 0.70078125 0.0203125 0.0765625
2 0.171875 0.51640625 0.015625 0.0609375
2 0.3546875 0.42578125 0.0125 0.0546875
2 0.5609375 0.52890625 0.0125 0.0640625
2 0.31171875 0.3328125 0.0109375 0.04375
2 0.2375 0.42890625 0.0125 0.0578125
2 0.14375 0.63515625 0.0125 0.0640625
3 0.44296875 0.35703125 0.0078125 0.0453125
2 0.59375 0.446875 0.0125 0.053125
2 0.62578125 0.68203125 0.0234375 0.0609375
2 0.40703125 0.39453125 0.0140625 0.0484375
2 0.3296875 0.3296875 0.0125 0.0375
2 0.690625 0.375 0.0125 0.05
2 0.49453125 0.29140625 0.0109375 0.0421875
3 0.04765625 0.73515625 0.0203125 0.0796875
3 0.64140625 0.24921875 0.0109375 0.0359375