2 0.72421875 0.51796875 0.0203125 0.0609375
2 0.31796875 0.4609375 0.0203125 0.05625
2 0.76796875 0.5375 0.0203125 0.0625
2 0.50859375 0.54140625 0.0140625 0.0578125
2 0.47109375 0.4 0.0140625 0.04375
2 0.36328125 0.3625 0.0171875 0.0375
2 0.58203125 0.31796875 0.0140625 0.0359375
3 0.59609375 0.39453125 0.0140625 0.0390625
2 0.38671875 0.35 0.0140625 0.0375
2 0.64296875 0.5890625 0.0171875 0.0625
2 0.33203125 0.4046875 0.0171875 0.04375
2 0.63671875 0.43125 0.0171875 0.05
2 0.37578125 0.49140625 0.0140625 0.0578125
2 0.52734375 0.41171875 0.0140625 0.0484375
2 0.63671875 0.3296875 0.0203125 0.0375
2 0.6578125 0.38046875 0.0125 0.0390625
2 0.828125 0.49921875 0.015625 0.0546875
2 0.71484375 0.43125 0.0109375 0.05
2 0.78828125 0.40703125 0.0140625 0.0484375
2 0.5765625 0.41953125 0.0125 0.0546875
3 0.1875 0.70078125 0.025 0.0734375
1 0.11171875 0.3625 0.0171875 0.0375