2 0.625 0.5296875 0.01875 0.0625
2 0.63359375 0.67890625 0.0203125 0.0703125
2 0.534375 0.45546875 0.015625 0.0609375
2 0.37734375 0.5484375 0.0203125 0.0625
2 0.60703125 0.51796875 0.0171875 0.0578125
2 0.36328125 0.63203125 0.0234375 0.0703125
2 0.26875 0.64375 0.01875 0.078125
2 0.23359375 0.57421875 0.0203125 0.0703125
2 0.61875 0.59765625 0.01875 0.0671875
2 0.69296875 0.45546875 0.0140625 0.0609375
2 0.71796875 0.59921875 0.0234375 0.0671875
3 0.20546875 0.7796875 0.0171875 0.0875
2 0.40703125 0.434375 0.0140625 0.05625
2 0.51484375 0.2875 0.0078125 0.0375
2 0.6515625 0.59140625 0.021875 0.0703125
3 0.57421875 0.45078125 0.0140625 0.0578125
2 0.58828125 0.34453125 0.0109375 0.0484375
1 0.8875 0.36796875 0.0125 0.0390625
2 0.7640625 0.58828125 0.0125 0.0640625
2 0.43359375 0.55 0.0109375 0.0625
2 0.275 0.44765625 0.0125 0.0578125
3 0.51875 0.23046875 0.00625 0.0359375