2 0.62578125 0.378125 0.0265625 0.059375
2 0.82890625 0.69296875 0.0203125 0.0890625
2 0.76796875 0.42890625 0.0171875 0.0671875
2 0.8171875 0.52265625 0.01875 0.0703125
2 0.70078125 0.2515625 0.0203125 0.05
2 0.59375 0.29296875 0.0125 0.0546875
2 0.7875 0.39296875 0.01875 0.0609375
2 0.4703125 0.26875 0.015625 0.05
2 0.4421875 0.2703125 0.0125 0.053125
2 0.7046875 0.375 0.0125 0.0625
2 0.3625 0.33046875 0.0125 0.0578125
2 0.38515625 0.23671875 0.0140625 0.0453125
2 0.73515625 0.290625 0.0140625 0.05625
2 0.20625 0.5203125 0.01875 0.075
2 0.54765625 0.21875 0.0109375 0.0375
3 0.54453125 0.40703125 0.0109375 0.0640625
2 0.62265625 0.25078125 0.0109375 0.0484375
3 0.728125 0.1984375 0.0125 0.0375
2 0.42578125 0.19921875 0.0109375 0.0421875
2 0.275 0.28671875 0.0125 0.0546875