2 0.15390625 0.56640625 0.0265625 0.0765625
2 0.24140625 0.7609375 0.0296875 0.1
2 0.41953125 0.440625 0.0171875 0.065625
2 0.37578125 0.4375 0.0140625 0.06875
2 0.60625 0.36171875 0.0125 0.0609375
2 0.61875 0.2984375 0.0125 0.05625
3 0.46328125 0.41796875 0.0140625 0.0671875
2 0.634375 0.22578125 0.015625 0.0484375
2 0.16171875 0.44375 0.0203125 0.071875
2 0.43828125 0.2734375 0.0109375 0.053125
2 0.83671875 0.55546875 0.0265625 0.0765625
2 0.39375 0.2875 0.0125 0.05
2 0.24453125 0.28828125 0.0140625 0.0578125
2 0.1921875 0.35390625 0.0125 0.0609375
2 0.359375 0.34375 0.0125 0.05625
2 0.69296875 0.28828125 0.0109375 0.0546875
3 0.21796875 0.19453125 0.0109375 0.0421875
2 0.46015625 0.19921875 0.0078125 0.0390625