2 0.24296875 0.49921875 0.0140625 0.0640625
2 0.52734375 0.62578125 0.0171875 0.0734375
2 0.19453125 0.43203125 0.0140625 0.0515625
2 0.48046875 0.47890625 0.0140625 0.0609375
2 0.1890625 0.71015625 0.01875 0.0765625
2 0.2640625 0.36171875 0.0125 0.0484375
2 0.6125 0.29140625 0.0125 0.0421875
2 0.16953125 0.62578125 0.0140625 0.0703125
2 0.35078125 0.378125 0.0140625 0.05
2 0.58046875 0.3453125 0.0140625 0.046875
2 0.78828125 0.4296875 0.0171875 0.05625
2 0.303125 0.47421875 0.0125 0.0546875
2 0.63046875 0.37265625 0.0109375 0.0484375
3 0.08203125 0.80546875 0.0296875 0.0890625
2 0.50703125 0.384375 0.0078125 0.053125
2 0.30703125 0.30078125 0.0109375 0.0359375
2 0.29609375 0.309375 0.0109375 0.040625
2 0.33125 0.278125 0.0125 0.040625
2 0.225 0.4078125 0.0125 0.05625
1 0.8703125 0.36953125 0.0125 0.0453125
3 0.49921875 0.36171875 0.0109375 0.0484375