2 0.25078125 0.5359375 0.0171875 0.06875
2 0.36953125 0.36640625 0.0140625 0.0484375
3 0.44453125 0.40546875 0.0140625 0.0546875
2 0.74453125 0.471875 0.0171875 0.059375
2 0.28515625 0.34375 0.0140625 0.05
2 0.7671875 0.325 0.0125 0.05
2 0.2265625 0.3984375 0.015625 0.053125
2 0.5359375 0.2828125 0.009375 0.040625
2 0.45546875 0.278125 0.0140625 0.040625
2 0.61953125 0.34140625 0.0109375 0.0484375
2 0.4296875 0.30703125 0.015625 0.0484375
2 0.40546875 0.35 0.0109375 0.05
2 0.92890625 0.3796875 0.0109375 0.05625
2 0.31953125 0.35078125 0.0109375 0.0484375
2 0.36015625 0.2796875 0.0203125 0.0375
2 0.2609375 0.38125 0.0125 0.05625
1 0.1625 0.3546875 0.0125 0.05
3 0.4125 0.234375 0.009375 0.0375