2 0.27578125 0.51796875 0.0203125 0.0609375
2 0.68203125 0.4609375 0.0203125 0.05625
2 0.23203125 0.5375 0.0203125 0.0625
2 0.49140625 0.54140625 0.0140625 0.0578125
2 0.52890625 0.4 0.0140625 0.04375
2 0.63671875 0.3625 0.0171875 0.0375
2 0.41796875 0.31796875 0.0140625 0.0359375
3 0.40390625 0.39453125 0.0140625 0.0390625
2 0.61328125 0.35 0.0140625 0.0375
2 0.35703125 0.5890625 0.0171875 0.0625
2 0.66796875 0.4046875 0.0171875 0.04375
2 0.36328125 0.43125 0.0171875 0.05
2 0.62421875 0.49140625 0.0140625 0.0578125
2 0.47265625 0.41171875 0.0140625 0.0484375
2 0.36328125 0.3296875 0.0203125 0.0375
2 0.3421875 0.38046875 0.0125 0.0390625
2 0.171875 0.49921875 0.015625 0.0546875
2 0.28515625 0.43125 0.0109375 0.05
2 0.21171875 0.40703125 0.0140625 0.0484375
2 0.4234375 0.41953125 0.0125 0.0546875
3 0.8125 0.70078125 0.025 0.0734375
1 0.88828125 0.3625 0.0171875 0.0375