2 0.4640625 0.42421875 0.021875 0.0609375
2 0.28984375 0.3453125 0.0171875 0.05625
2 0.76484375 0.375 0.0171875 0.05625
2 0.31171875 0.70546875 0.0203125 0.0828125
2 0.20625 0.43046875 0.01875 0.0671875
2 0.78828125 0.56015625 0.0171875 0.0796875
2 0.21328125 0.55546875 0.0203125 0.0734375
2 0.57421875 0.29375 0.0109375 0.05
2 0.23671875 0.4421875 0.0171875 0.05625
3 0.44296875 0.3328125 0.0109375 0.053125
2 0.25546875 0.38203125 0.0109375 0.0578125
2 0.78828125 0.28515625 0.0140625 0.0484375
2 0.35625 0.2703125 0.0125 0.05
2 0.37109375 0.2703125 0.0109375 0.046875
2 0.92421875 0.38828125 0.0109375 0.0609375
2 0.40234375 0.34140625 0.0109375 0.0546875
2 0.51875 0.2609375 0.0125 0.040625
2 0.61171875 0.33671875 0.0109375 0.0578125
2 0.5921875 0.3421875 0.009375 0.05625
3 0.80703125 0.2234375 0.0109375 0.04375
0 0.78125 0.30546875 0.00625 0.0109375