2 0.35546875 0.52890625 0.0171875 0.0671875
3 0.46875 0.38203125 0.015625 0.0546875
2 0.83828125 0.47421875 0.0109375 0.0640625
2 0.44375 0.51171875 0.0125 0.0640625
2 0.43203125 0.31640625 0.0109375 0.0421875
2 0.7765625 0.46953125 0.015625 0.0640625
2 0.7625 0.43046875 0.0125 0.0578125
2 0.45625 0.29296875 0.0125 0.0453125
2 0.81875 0.37421875 0.0125 0.0515625
2 0.73046875 0.37421875 0.0109375 0.0515625
2 0.38359375 0.2921875 0.0109375 0.04375
2 0.4453125 0.371875 0.015625 0.040625
2 0.40546875 0.28515625 0.0109375 0.0421875
2 0.48828125 0.26015625 0.0109375 0.0359375
2 0.584375 0.2859375 0.009375 0.040625
2 0.48359375 0.2984375 0.0109375 0.04375
2 0.76484375 0.3171875 0.0109375 0.05
2 0.51953125 0.2875 0.0109375 0.04375
2 0.80703125 0.3359375 0.0140625 0.046875
2 0.1515625 0.39453125 0.0125 0.0515625
2 0.05703125 0.34921875 0.0109375 0.0484375
0 0.29453125 0.35390625 0.0046875 0.0109375