2 0.37421875 0.378125 0.0265625 0.059375
2 0.17109375 0.69296875 0.0203125 0.0890625
2 0.23203125 0.4296875 0.0171875 0.06875
2 0.1828125 0.52265625 0.01875 0.0703125
2 0.40625 0.29140625 0.0125 0.0515625
2 0.29921875 0.2515625 0.0203125 0.05
2 0.2125 0.39296875 0.01875 0.0609375
2 0.5296875 0.26953125 0.015625 0.0515625
2 0.5578125 0.2703125 0.0125 0.053125
2 0.2953125 0.375 0.0125 0.0625
2 0.6375 0.33046875 0.0125 0.0578125
2 0.61484375 0.23671875 0.0140625 0.0453125
2 0.79375 0.5203125 0.01875 0.075
2 0.37734375 0.25078125 0.0109375 0.0484375
2 0.26484375 0.29140625 0.0140625 0.0546875
3 0.45546875 0.40703125 0.0109375 0.0640625
2 0.453125 0.21875 0.009375 0.0375
3 0.271875 0.1984375 0.0125 0.0375
2 0.57421875 0.19921875 0.0109375 0.0421875