2 0.54609375 0.571875 0.0078125 0.034375
2 0.42109375 0.5546875 0.0078125 0.03125
2 0.3390625 0.64296875 0.00625 0.0421875
2 0.47421875 0.68828125 0.0140625 0.0421875
2 0.30546875 0.56171875 0.0078125 0.0390625
2 0.53984375 0.51015625 0.0078125 0.0296875
2 0.33203125 0.5234375 0.0078125 0.034375
2 0.4328125 0.53125 0.0125 0.03125
2 0.55625 0.525 0.00625 0.03125
2 0.6953125 0.5234375 0.009375 0.03125
3 0.1921875 0.7453125 0.015625 0.05
2 0.43828125 0.48515625 0.0078125 0.0265625
3 0.6328125 0.43203125 0.00625 0.0265625
2 0.48828125 0.4921875 0.0078125 0.028125
1 0.87109375 0.5265625 0.0078125 0.034375