2 0.73203125 0.53515625 0.0140625 0.0578125
2 0.19375 0.6640625 0.0125 0.06875
2 0.3953125 0.55625 0.0125 0.0625
2 0.8046875 0.38046875 0.015625 0.0328125
2 0.77734375 0.49375 0.0109375 0.05625
2 0.2921875 0.4375 0.0125 0.05
2 0.55078125 0.56796875 0.0140625 0.0578125
2 0.19375 0.51171875 0.0125 0.0609375
2 0.2578125 0.40625 0.0125 0.05
2 0.4953125 0.3953125 0.009375 0.046875
2 0.9140625 0.45625 0.009375 0.05
2 0.35 0.36953125 0.0125 0.0421875
3 0.55625 0.4 0.009375 0.04375
2 0.17734375 0.5 0.0140625 0.05625
2 0.23671875 0.321875 0.0109375 0.034375
1 0.88671875 0.36953125 0.0109375 0.0421875
2 0.57578125 0.4796875 0.0140625 0.053125
2 0.76484375 0.39453125 0.0109375 0.0421875
3 0.15546875 0.76328125 0.0234375 0.0765625
2 0.7765625 0.40625 0.0125 0.0375
3 0.64296875 0.25 0.0078125 0.03125
2 0.74921875 0.32890625 0.0078125 0.0390625
2 0.3015625 0.29296875 0.009375 0.0328125