2 0.65 0.5421875 0.01875 0.0625
2 0.775 0.57421875 0.01875 0.0703125
2 0.39375 0.73515625 0.03125 0.0796875
2 0.1875 0.6671875 0.03125 0.075
2 0.36640625 0.5890625 0.0171875 0.071875
2 0.45546875 0.46015625 0.0140625 0.0578125
2 0.28671875 0.5484375 0.0203125 0.065625
2 0.41796875 0.56953125 0.0171875 0.0671875
2 0.26796875 0.4578125 0.0171875 0.05625
3 0.81171875 0.78203125 0.0234375 0.0828125
2 0.75625 0.66875 0.01875 0.08125
2 0.7359375 0.44375 0.0125 0.05625
2 0.16953125 0.57421875 0.0234375 0.0609375
2 0.68125 0.64140625 0.0125 0.0734375
2 0.39296875 0.35078125 0.0140625 0.0484375
2 0.54921875 0.4328125 0.0140625 0.059375
2 0.54765625 0.5515625 0.0109375 0.0625
2 0.484375 0.29140625 0.009375 0.0390625
3 0.415625 0.45390625 0.015625 0.0578125
2 0.21953125 0.66171875 0.0328125 0.0640625
2 0.13515625 0.59453125 0.0234375 0.0578125
1 0.06171875 0.37421875 0.0140625 0.0359375
3 0.41328125 0.23125 0.0078125 0.03125
0 0.37890625 0.6515625 0.0078125 0.015625