2 0.17421875 0.40078125 0.0171875 0.0515625
2 0.25 0.36796875 0.015625 0.0515625
2 0.6328125 0.3953125 0.021875 0.05
2 0.6125 0.48828125 0.025 0.0515625
2 0.4125 0.5859375 0.025 0.06875
2 0.73046875 0.34296875 0.0171875 0.0421875
2 0.33828125 0.34765625 0.0109375 0.0484375
2 0.26875 0.375 0.01875 0.05
2 0.5359375 0.4296875 0.01875 0.05625
3 0.45859375 0.4515625 0.0265625 0.059375
2 0.69921875 0.49921875 0.0171875 0.0546875
2 0.28359375 0.4234375 0.0140625 0.059375
2 0.54375 0.29453125 0.0125 0.0390625
2 0.31875 0.35546875 0.01875 0.0484375
2 0.24453125 0.45390625 0.0203125 0.0546875
2 0.38359375 0.40390625 0.0203125 0.0546875
2 0.80859375 0.38671875 0.0171875 0.0484375
2 0.5953125 0.3546875 0.01875 0.04375
3 0.76875 0.2421875 0.0125 0.0375