2 0.84609375 0.56328125 0.0265625 0.0765625
2 0.75859375 0.7609375 0.0265625 0.1
2 0.58125 0.44140625 0.01875 0.0671875
2 0.62421875 0.4375 0.0140625 0.06875
2 0.38125 0.2984375 0.0125 0.05625
2 0.39375 0.36171875 0.0125 0.0609375
3 0.53671875 0.41796875 0.0140625 0.0671875
2 0.36484375 0.22578125 0.0171875 0.0484375
2 0.753125 0.290625 0.015625 0.05625
2 0.60546875 0.2875 0.0140625 0.05
2 0.56171875 0.2734375 0.0109375 0.053125
2 0.16328125 0.55546875 0.0265625 0.0765625
2 0.83828125 0.44375 0.0203125 0.071875
2 0.8078125 0.35390625 0.0125 0.0609375
2 0.640625 0.34375 0.0125 0.05625
2 0.30703125 0.290625 0.0109375 0.053125
2 0.53984375 0.19921875 0.0078125 0.0390625
3 0.78203125 0.19453125 0.0109375 0.0421875
2 0.42578125 0.3171875 0.0109375 0.053125