2 0.74921875 0.5359375 0.0171875 0.06875
2 0.63046875 0.36640625 0.0140625 0.0484375
3 0.55546875 0.40546875 0.0140625 0.0546875
2 0.25546875 0.471875 0.0171875 0.059375
2 0.71484375 0.34375 0.0140625 0.05
2 0.2328125 0.325 0.0125 0.05
2 0.7734375 0.3984375 0.015625 0.053125
2 0.4640625 0.2828125 0.009375 0.040625
2 0.54453125 0.278125 0.0140625 0.040625
2 0.38046875 0.34140625 0.0109375 0.0484375
2 0.5703125 0.30703125 0.015625 0.0484375
2 0.59453125 0.35 0.0109375 0.05
2 0.07109375 0.3796875 0.0109375 0.05625
2 0.68046875 0.35078125 0.0109375 0.0484375
2 0.63984375 0.2796875 0.0203125 0.0375
2 0.7390625 0.38125 0.0125 0.05625
1 0.8375 0.3546875 0.0125 0.05
3 0.5875 0.234375 0.009375 0.0375