2 0.39296875 0.75390625 0.0265625 0.0921875
2 0.4296875 0.73515625 0.025 0.0828125
2 0.63203125 0.65078125 0.0203125 0.0828125
2 0.4546875 0.61328125 0.01875 0.0859375
2 0.84453125 0.66953125 0.0203125 0.0953125
2 0.89140625 0.3921875 0.0140625 0.0625
2 0.4109375 0.49453125 0.021875 0.0671875
2 0.68125 0.359375 0.0125 0.065625
2 0.63828125 0.45625 0.0140625 0.075
2 0.35546875 0.36171875 0.0171875 0.0484375
2 0.66171875 0.30078125 0.0203125 0.0515625
2 0.50703125 0.425 0.0171875 0.06875
2 0.53671875 0.60625 0.0265625 0.08125
3 0.37421875 0.46953125 0.0140625 0.0703125
2 0.28515625 0.3640625 0.0140625 0.0625
2 0.43828125 0.33828125 0.0140625 0.0609375
2 0.30546875 0.35625 0.0140625 0.0625
2 0.33203125 0.2796875 0.0109375 0.04375
2 0.25546875 0.440625 0.0265625 0.075
3 0.36015625 0.1875 0.0109375 0.0375
2 0.5734375 0.25703125 0.0125 0.0484375