2 0.61171875 0.5734375 0.0140625 0.0625
2 0.584375 0.46875 0.01875 0.053125
2 0.50625 0.425 0.01875 0.05
2 0.39453125 0.42578125 0.0140625 0.0453125
2 0.75 0.47265625 0.0125 0.0546875
2 0.790625 0.48515625 0.0125 0.0546875
2 0.80859375 0.58828125 0.0140625 0.0671875
2 0.5984375 0.36796875 0.0125 0.0546875
2 0.48671875 0.33046875 0.0140625 0.0359375
1 0.153125 0.378125 0.015625 0.04375
2 0.83046875 0.4296875 0.0109375 0.053125
2 0.85859375 0.4703125 0.0109375 0.053125
2 0.47421875 0.484375 0.0109375 0.05625
3 0.33203125 0.4625 0.0109375 0.05
2 0.3140625 0.371875 0.015625 0.0375
2 0.215625 0.44140625 0.0125 0.0453125
2 0.328125 0.4109375 0.0125 0.04375
2 0.23046875 0.39453125 0.0109375 0.0421875
2 0.16953125 0.46875 0.0203125 0.040625
3 0.41796875 0.2546875 0.0078125 0.03125
3 0.93828125 0.8171875 0.0171875 0.084375
2 0.475 0.37578125 0.0125 0.0421875