2 0.38828125 0.5734375 0.0140625 0.0625
2 0.415625 0.46875 0.01875 0.053125
2 0.5125 0.33125 0.0125 0.0375
2 0.60546875 0.42578125 0.0140625 0.0453125
2 0.4015625 0.36796875 0.0125 0.0546875
2 0.49375 0.425 0.01875 0.05
2 0.20703125 0.48515625 0.0109375 0.0546875
2 0.25 0.4703125 0.0125 0.053125
2 0.1921875 0.58828125 0.015625 0.0671875
3 0.66796875 0.4625 0.0109375 0.05
2 0.14140625 0.46953125 0.0109375 0.0515625
2 0.52578125 0.484375 0.0109375 0.05625
2 0.6859375 0.371875 0.015625 0.0375
2 0.16953125 0.4296875 0.0109375 0.053125
2 0.784375 0.44140625 0.0125 0.0453125
1 0.846875 0.37578125 0.015625 0.0421875
2 0.671875 0.4109375 0.0125 0.04375
2 0.76875 0.39453125 0.0125 0.0390625
2 0.83046875 0.46796875 0.0203125 0.0390625
3 0.58203125 0.2546875 0.0078125 0.03125
3 0.06171875 0.8171875 0.0171875 0.084375
2 0.525 0.37578125 0.0125 0.0421875