3 0.3671875 0.48671875 0.025 0.0578125
2 0.5546875 0.51640625 0.015625 0.0578125
2 0.634375 0.35546875 0.01875 0.0484375
2 0.8359375 0.63046875 0.01875 0.0734375
2 0.32890625 0.3453125 0.0171875 0.040625
2 0.55078125 0.31796875 0.0140625 0.0390625
2 0.3125 0.40703125 0.01875 0.0515625
2 0.54375 0.4421875 0.01875 0.053125
2 0.2 0.4703125 0.025 0.05625
2 0.70703125 0.4890625 0.0171875 0.059375
2 0.86015625 0.4546875 0.0140625 0.059375
2 0.65703125 0.6046875 0.0203125 0.0625
2 0.165625 0.46953125 0.025 0.0515625
2 0.50078125 0.38828125 0.0171875 0.0453125
2 0.17421875 0.56875 0.0203125 0.0625
2 0.48046875 0.4484375 0.0140625 0.05
2 0.73203125 0.41015625 0.0140625 0.0546875
2 0.19296875 0.55078125 0.0140625 0.0671875
2 0.68125 0.4625 0.0125 0.05625
3 0.39296875 0.24296875 0.0140625 0.0328125
2 0.66328125 0.53203125 0.0234375 0.0578125
2 0.1875 0.421875 0.01875 0.05625
0 0.11875 0.50546875 0.00625 0.0109375