2 0.56328125 0.39296875 0.0203125 0.0671875
2 0.47578125 0.72578125 0.0234375 0.0765625
2 0.31171875 0.53828125 0.0203125 0.0671875
2 0.725 0.30078125 0.0125 0.0609375
2 0.73203125 0.4234375 0.0234375 0.075
2 0.7859375 0.39921875 0.025 0.0734375
3 0.4265625 0.353125 0.015625 0.0625
2 0.22890625 0.41171875 0.0265625 0.0734375
2 0.384375 0.478125 0.01875 0.08125
2 0.28671875 0.60625 0.0328125 0.08125
2 0.13203125 0.46171875 0.0203125 0.0703125
2 0.65546875 0.62421875 0.0234375 0.0765625
2 0.14296875 0.3453125 0.0171875 0.0625
2 0.60625 0.5109375 0.01875 0.078125
2 0.65 0.2484375 0.0125 0.05
2 0.8359375 0.45390625 0.015625 0.0765625
2 0.6234375 0.5359375 0.01875 0.075
2 0.32578125 0.25390625 0.0109375 0.0546875
2 0.36796875 0.325 0.0140625 0.05625
2 0.5171875 0.2375 0.0125 0.046875
3 0.1546875 0.19296875 0.0125 0.0484375
0 0.40546875 0.7546875 0.0078125 0.01875