2 0.5671875 0.628125 0.028125 0.05625
2 0.4625 0.48125 0.0125 0.05
2 0.28046875 0.41640625 0.0109375 0.0515625
2 0.83671875 0.65546875 0.0203125 0.0703125
2 0.68046875 0.63046875 0.0203125 0.0671875
2 0.45625 0.62421875 0.015625 0.0640625
2 0.346875 0.37578125 0.0125 0.0453125
2 0.35546875 0.53671875 0.0171875 0.0515625
2 0.61875 0.52265625 0.0125 0.0640625
3 0.67265625 0.475 0.0140625 0.05625
2 0.11328125 0.59921875 0.0140625 0.0734375
2 0.79296875 0.60546875 0.0171875 0.0703125
3 0.03046875 0.7421875 0.0234375 0.078125
2 0.64140625 0.6671875 0.0203125 0.075
2 0.3890625 0.38203125 0.009375 0.0484375
2 0.68203125 0.37578125 0.0140625 0.0484375
2 0.5078125 0.38671875 0.009375 0.0484375
2 0.75 0.49140625 0.0125 0.0578125
2 0.71171875 0.65703125 0.0140625 0.0640625
3 0.70390625 0.27421875 0.0109375 0.0328125
0 0.5296875 0.66953125 0.00625 0.0109375