2 0.7765625 0.66796875 0.021875 0.0703125
2 0.62734375 0.5546875 0.0171875 0.0625
2 0.4875 0.60546875 0.01875 0.0703125
2 0.45625 0.4265625 0.0125 0.05625
2 0.64296875 0.7 0.0203125 0.075
2 0.71328125 0.3859375 0.0109375 0.05
2 0.371875 0.68203125 0.021875 0.0640625
2 0.828125 0.51640625 0.015625 0.0609375
2 0.6453125 0.4265625 0.0125 0.05625
3 0.55703125 0.35703125 0.0109375 0.0453125
2 0.4390625 0.5265625 0.0125 0.0625
2 0.7625 0.42890625 0.0125 0.0578125
2 0.68828125 0.3328125 0.0109375 0.04375
2 0.6703125 0.3296875 0.0125 0.0375
2 0.309375 0.375 0.0125 0.05
2 0.40625 0.446875 0.0125 0.053125
2 0.85625 0.63515625 0.0125 0.0640625
2 0.590625 0.39453125 0.0125 0.0484375
2 0.50546875 0.2921875 0.0109375 0.04375
3 0.95234375 0.73515625 0.0203125 0.0796875
3 0.35859375 0.2484375 0.0109375 0.034375
2 0.6109375 0.40390625 0.009375 0.0484375
2 0.0625 0.48125 0.0125 0.05625