2 0.43671875 0.25078125 0.01328125 0.04609375
2 0.434375 0.2703125 0.01640625 0.04296875
2 0.559375 0.26171875 0.01015625 0.04140625
3 0.75078125 0.22265625 0.01015625 0.03984375
2 0.5703125 0.25390625 0.01328125 0.0453125
2 0.29921875 0.36796875 0.009375 0.0515625
2 0.76015625 0.26015625 0.009375 0.04609375
2 0.48671875 0.26875 0.01171875 0.0484375
2 0.29140625 0.2953125 0.01328125 0.05
2 0.5515625 0.32109375 0.01484375 0.053125
2 0.5703125 0.31328125 0.0140625 0.0515625
2 0.32734375 0.30234375 0.01796875 0.05078125
2 0.39765625 0.38203125 0.01640625 0.05703125
2 0.21875 0.33828125 0.01796875 0.05546875
2 0.73125 0.30390625 0.01953125 0.04921875
2 0.1796875 0.34921875 0.0125 0.0546875
3 0.38046875 0.325 0.01640625 0.0515625
2 0.21796875 0.40390625 0.01875 0.0609375
2 0.815625 0.3765625 0.01484375 0.05546875
2 0.17265625 0.54609375 0.01640625 0.06640625
2 0.69296875 0.525 0.01796875 0.07421875
2 0.19765625 0.62578125 0.02109375 0.078125
0 0.6390625 0.278125 0.00625 0.00859375