2 0.5 0.59375 0.0125 0.0625
1 0.15078125 0.37265625 0.0171875 0.0453125
2 0.3 0.53671875 0.015625 0.0609375
2 0.88203125 0.73671875 0.0234375 0.0765625
2 0.28046875 0.42421875 0.0140625 0.0421875
2 0.66171875 0.30625 0.0109375 0.03125
2 0.27890625 0.55 0.0140625 0.0625
2 0.71796875 0.40546875 0.0171875 0.0421875
2 0.78125 0.3921875 0.0125 0.046875
2 0.06171875 0.4328125 0.0140625 0.05
2 0.74375 0.32578125 0.0125 0.0359375
2 0.5671875 0.47421875 0.009375 0.0515625
2 0.38046875 0.3484375 0.0109375 0.040625
2 0.75546875 0.59296875 0.0203125 0.0640625
2 0.39375 0.38671875 0.00625 0.0453125
2 0.91015625 0.51796875 0.0109375 0.0609375
2 0.92265625 0.596875 0.0109375 0.065625