2 0.4734375 0.61015625 0.03125 0.0734375
3 0.43203125 0.41015625 0.0171875 0.0546875
2 0.11875 0.54453125 0.01875 0.0765625
2 0.3109375 0.5140625 0.01875 0.065625
2 0.275 0.29140625 0.0125 0.0421875
2 0.28828125 0.5796875 0.0171875 0.075
2 0.7234375 0.40625 0.01875 0.05625
2 0.56953125 0.46015625 0.0140625 0.0609375
2 0.6671875 0.496875 0.01875 0.059375
2 0.38046875 0.33046875 0.0109375 0.0484375
2 0.409375 0.43125 0.01875 0.0625
2 0.54453125 0.33828125 0.0140625 0.0515625
2 0.15625 0.35703125 0.0125 0.0578125
2 0.78828125 0.7 0.0265625 0.08125
2 0.1 0.46640625 0.0125 0.0609375
2 0.1796875 0.33671875 0.0125 0.0484375
2 0.45625 0.28515625 0.015625 0.0484375
2 0.51171875 0.33671875 0.0109375 0.0484375
2 0.59765625 0.30625 0.0109375 0.04375
2 0.33125 0.25546875 0.0125 0.0390625
3 0.13125 0.246875 0.0125 0.040625
1 0.95546875 0.34375 0.0109375 0.05