2 0.4703125 0.46796875 0.015625 0.0703125
2 0.36171875 0.36328125 0.0171875 0.0515625
2 0.49609375 0.69921875 0.0203125 0.0859375
2 0.3703125 0.48828125 0.01875 0.0703125
2 0.41171875 0.325 0.0140625 0.05625
2 0.784375 0.5671875 0.015625 0.08125
2 0.1703125 0.62890625 0.01875 0.0796875
3 0.48046875 0.30390625 0.0109375 0.0515625
2 0.24609375 0.32890625 0.0109375 0.0578125
2 0.50625 0.31796875 0.0125 0.0578125
2 0.64375 0.35625 0.0125 0.059375
2 0.3140625 0.3875 0.0125 0.0625
2 0.69375 0.39765625 0.0125 0.0671875
2 0.68359375 0.290625 0.0109375 0.05625
2 0.1625 0.46875 0.0125 0.075
2 0.4953125 0.39921875 0.0125 0.0671875
2 0.18203125 0.38515625 0.0109375 0.0640625
2 0.30625 0.2765625 0.00625 0.05
2 0.86875 0.39140625 0.0125 0.0609375
2 0.5125 0.23671875 0.0125 0.0453125
3 0.7625 0.21328125 0.0125 0.0453125