2 0.478125 0.44921875 0.0125 0.0484375
2 0.19765625 0.5109375 0.0140625 0.05625
2 0.2109375 0.41640625 0.0125 0.0453125
2 0.19375 0.40703125 0.0125 0.0484375
2 0.2421875 0.49296875 0.0125 0.0578125
2 0.65546875 0.48828125 0.0078125 0.0515625
2 0.70546875 0.47265625 0.0109375 0.0515625
1 0.91796875 0.36328125 0.0109375 0.0390625
2 0.309375 0.3859375 0.009375 0.04375
2 0.51328125 0.4046875 0.0109375 0.04375
2 0.50546875 0.36015625 0.0109375 0.0390625
2 0.21796875 0.359375 0.0109375 0.0375
2 0.25625 0.35 0.009375 0.04375
2 0.76328125 0.42265625 0.0109375 0.0484375
3 0.21953125 0.30546875 0.0078125 0.0328125
2 0.4296875 0.31796875 0.00625 0.0328125
2 0.53046875 0.34296875 0.0078125 0.0390625
2 0.71953125 0.325 0.0109375 0.0375
2 0.6390625 0.31640625 0.0125 0.0296875