2 0.38671875 0.78671875 0.0203125 0.0828125
2 0.234375 0.7 0.01875 0.075
2 0.23671875 0.6140625 0.0265625 0.075
2 0.1546875 0.64765625 0.01875 0.0796875
2 0.16640625 0.56796875 0.0203125 0.0734375
2 0.43515625 0.46328125 0.0234375 0.0578125
2 0.875 0.45 0.0125 0.0625
2 0.31328125 0.44921875 0.0171875 0.0546875
2 0.3875 0.51328125 0.01875 0.0640625
2 0.60078125 0.5734375 0.0296875 0.06875
2 0.24296875 0.4421875 0.0171875 0.05625
2 0.3609375 0.3140625 0.015625 0.046875
2 0.53671875 0.24375 0.0109375 0.0375
2 0.64296875 0.4359375 0.0140625 0.05625
2 0.71328125 0.3484375 0.0171875 0.04375
2 0.78125 0.36953125 0.0125 0.0515625
3 0.2171875 0.23671875 0.00625 0.0421875
3 0.6359375 0.41328125 0.0125 0.0421875
2 0.5484375 0.32421875 0.0125 0.0484375