2 0.4859375 0.61640625 0.025 0.0640625
2 0.7703125 0.55 0.015625 0.071875
2 0.59765625 0.58125 0.0203125 0.06875
2 0.6421875 0.58125 0.01875 0.06875
2 0.40390625 0.5578125 0.0140625 0.065625
2 0.31171875 0.5421875 0.0203125 0.0625
2 0.58125 0.52421875 0.025 0.0515625
2 0.35546875 0.4421875 0.0140625 0.05625
2 0.5125 0.5375 0.01875 0.0625
2 0.4125 0.49296875 0.0125 0.0609375
2 0.54765625 0.48203125 0.0203125 0.0578125
2 0.36328125 0.59921875 0.0140625 0.0734375
2 0.4671875 0.3359375 0.01875 0.04375
2 0.74453125 0.45546875 0.0203125 0.0453125
3 0.4546875 0.45 0.0125 0.05625
2 0.5 0.290625 0.0125 0.034375
1 0.10625 0.3671875 0.0125 0.04375
3 0.51171875 0.23125 0.0109375 0.0375
3 0.796875 0.78046875 0.021875 0.0859375
2 0.46796875 0.5296875 0.0109375 0.065625
0 0.58671875 0.44140625 0.0109375 0.0140625