2 0.11796875 0.634375 0.0234375 0.08125
2 0.17421875 0.45625 0.0140625 0.075
2 0.58671875 0.3734375 0.0203125 0.059375
2 0.78828125 0.58828125 0.0171875 0.0828125
2 0.39609375 0.4859375 0.0171875 0.071875
2 0.428125 0.70625 0.01875 0.0875
2 0.56796875 0.41640625 0.0171875 0.0640625
2 0.29609375 0.27421875 0.0109375 0.0484375
2 0.2015625 0.375 0.01875 0.06875
2 0.2390625 0.32421875 0.0125 0.0578125
2 0.38984375 0.3140625 0.0140625 0.05625
2 0.6625 0.39375 0.0125 0.0625
2 0.70859375 0.278125 0.0109375 0.046875
2 0.34453125 0.38203125 0.0140625 0.0609375
2 0.44375 0.3171875 0.0125 0.05625
3 0.4953125 0.3015625 0.0125 0.053125
3 0.7625 0.21640625 0.0125 0.0421875
2 0.87578125 0.39453125 0.0140625 0.0640625
2 0.478125 0.37890625 0.009375 0.0609375
2 0.3875 0.3890625 0.0125 0.053125
2 0.3640625 0.41171875 0.0125 0.0609375
2 0.41796875 0.23671875 0.0140625 0.0421875