2 0.88203125 0.634375 0.0234375 0.08125
2 0.82578125 0.45625 0.0140625 0.075
2 0.41328125 0.3734375 0.0203125 0.059375
2 0.21171875 0.58828125 0.0171875 0.0828125
2 0.60390625 0.4859375 0.0171875 0.071875
2 0.571875 0.70625 0.01875 0.0875
2 0.43203125 0.41640625 0.0171875 0.0640625
2 0.70390625 0.27421875 0.0109375 0.0484375
2 0.7984375 0.375 0.01875 0.06875
2 0.7609375 0.32421875 0.0125 0.0578125
2 0.61015625 0.3140625 0.0140625 0.05625
2 0.3375 0.39375 0.0125 0.0625
2 0.29140625 0.278125 0.0109375 0.046875
2 0.65546875 0.38203125 0.0140625 0.0609375
2 0.55625 0.3171875 0.0125 0.05625
3 0.5046875 0.3015625 0.0125 0.053125
3 0.2375 0.21640625 0.0125 0.0421875
2 0.12421875 0.39453125 0.0140625 0.0640625
2 0.521875 0.37890625 0.009375 0.0609375
2 0.6125 0.3890625 0.0125 0.053125
2 0.6359375 0.41171875 0.0125 0.0609375
2 0.58203125 0.23671875 0.0140625 0.0421875