2 0.675 0.5515625 0.02578125 0.12421875
2 0.90859375 0.89453125 0.03046875 0.15859375
2 0.71484375 0.24609375 0.015625 0.0828125
2 0.646875 0.3359375 0.02109375 0.08984375
2 0.4171875 0.371875 0.01953125 0.09765625
2 0.4171875 0.33828125 0.02578125 0.08984375
2 0.27890625 0.3296875 0.02265625 0.0703125
2 0.2765625 0.41171875 0.02265625 0.09609375
2 0.3171875 0.55234375 0.02421875 0.11015625
2 0.17109375 0.53359375 0.0328125 0.0921875
2 0.1484375 0.5953125 0.03359375 0.115625
2 0.05234375 0.5265625 0.0234375 0.125
2 0.0859375 0.44296875 0.03125 0.1125
2 0.1203125 0.39453125 0.01875 0.103125
2 0.18515625 0.39296875 0.01796875 0.0921875
2 0.1625 0.37578125 0.02578125 0.09375
3 0.64453125 0.46875 0.0171875 0.10625