2 0.55 0.39140625 0.015625 0.0453125
2 0.39609375 0.59765625 0.0328125 0.0734375
2 0.459375 0.36640625 0.015625 0.0484375
2 0.88984375 0.49140625 0.0140625 0.0609375
2 0.8328125 0.51796875 0.0125 0.0578125
2 0.28203125 0.4078125 0.0171875 0.053125
2 0.675 0.55546875 0.01875 0.0671875
2 0.54453125 0.32421875 0.0109375 0.0390625
2 0.65546875 0.39921875 0.0109375 0.0484375
2 0.71171875 0.3921875 0.0109375 0.05
2 0.7703125 0.34140625 0.009375 0.0421875
2 0.39296875 0.34765625 0.0109375 0.0484375
2 0.60859375 0.3109375 0.0078125 0.0375
1 0.0671875 0.35 0.0125 0.05
2 0.82421875 0.34765625 0.0109375 0.0453125
2 0.91171875 0.4296875 0.0109375 0.05625
2 0.41796875 0.4109375 0.0171875 0.04375
2 0.6234375 0.34765625 0.009375 0.0453125
3 0.075 0.709375 0.03125 0.0875
2 0.68359375 0.4 0.0109375 0.05