2 0.8375 0.359375 0.0125 0.046875
2 0.74140625 0.38828125 0.0171875 0.0484375
2 0.81015625 0.43046875 0.0171875 0.0578125
2 0.95078125 0.44921875 0.0140625 0.0640625
2 0.8859375 0.33828125 0.0125 0.0484375
2 0.93203125 0.32578125 0.0109375 0.0421875
2 0.8609375 0.48828125 0.01875 0.0640625
2 0.58671875 0.41640625 0.0140625 0.0515625
2 0.86171875 0.31015625 0.0109375 0.0390625
2 0.678125 0.31875 0.009375 0.04375
2 0.5671875 0.31015625 0.0125 0.0421875
2 0.84453125 0.29765625 0.0109375 0.0390625
2 0.53828125 0.34921875 0.0140625 0.0484375
3 0.5265625 0.36953125 0.0125 0.0515625
2 0.74296875 0.33046875 0.0109375 0.0453125
2 0.31171875 0.36875 0.0109375 0.05
2 0.41796875 0.4796875 0.0140625 0.0625