2 0.38515625 0.5484375 0.0171875 0.075
2 0.1484375 0.47421875 0.015625 0.0640625
2 0.36171875 0.44921875 0.0140625 0.0609375
2 0.66953125 0.43828125 0.0140625 0.0640625
1 0.9109375 0.325 0.009375 0.046875
2 0.5046875 0.36875 0.009375 0.04375
2 0.62265625 0.4859375 0.0171875 0.06875
2 0.53203125 0.34375 0.0109375 0.04375
2 0.5609375 0.30625 0.0125 0.04375
2 0.20546875 0.3265625 0.0078125 0.04375
2 0.1953125 0.4046875 0.0125 0.059375
2 0.51640625 0.27265625 0.0109375 0.0359375
3 0.44296875 0.33828125 0.0078125 0.0484375
2 0.33671875 0.278125 0.0109375 0.0375
2 0.353125 0.28671875 0.009375 0.0328125
2 0.5421875 0.30546875 0.009375 0.0390625
2 0.36328125 0.36875 0.0109375 0.05
2 0.503125 0.3125 0.009375 0.04375
2 0.625 0.35546875 0.0125 0.0515625