2 0.5234375 0.471875 0.015625 0.0625
2 0.18671875 0.4734375 0.0203125 0.0625
2 0.3796875 0.31953125 0.0125 0.0421875
2 0.70546875 0.60546875 0.0171875 0.0828125
2 0.29296875 0.359375 0.0140625 0.05
2 0.46171875 0.3484375 0.0109375 0.05
2 0.32421875 0.35546875 0.0140625 0.0484375
3 0.43125 0.41171875 0.0125 0.0578125
2 0.4078125 0.45625 0.015625 0.0625
2 0.21328125 0.45 0.0140625 0.05625
2 0.55703125 0.37265625 0.0140625 0.0515625
2 0.83828125 0.46015625 0.0140625 0.0671875
2 0.50546875 0.3234375 0.0109375 0.046875
2 0.678125 0.34921875 0.009375 0.0515625
2 0.5921875 0.3390625 0.0125 0.04375
2 0.47890625 0.33203125 0.0109375 0.0484375
2 0.4375 0.29375 0.009375 0.0375
2 0.725 0.33515625 0.0125 0.0484375
2 0.4296875 0.384375 0.009375 0.04375
3 0.34375 0.290625 0.009375 0.040625