2 0.7171875 0.52265625 0.015625 0.0734375
2 0.82421875 0.37578125 0.0171875 0.0546875
2 0.40703125 0.4890625 0.0203125 0.06875
2 0.60703125 0.38046875 0.0140625 0.0515625
3 0.49765625 0.36640625 0.0109375 0.0515625
2 0.76171875 0.32421875 0.0140625 0.0484375
2 0.4171875 0.34296875 0.015625 0.0484375
2 0.3625 0.4515625 0.0125 0.0625
2 0.29375 0.3375 0.0125 0.05
2 0.5390625 0.290625 0.009375 0.040625
2 0.60390625 0.3171875 0.0109375 0.0375
2 0.525 0.3484375 0.0125 0.053125
2 0.46796875 0.3078125 0.0109375 0.04375
2 0.2359375 0.39921875 0.0125 0.0546875
2 0.68203125 0.28203125 0.0078125 0.0328125