2 0.49375 0.38046875 0.01875 0.0515625
2 0.66015625 0.60546875 0.0296875 0.0859375
2 0.77578125 0.44140625 0.0140625 0.0671875
2 0.23515625 0.44765625 0.0234375 0.0640625
2 0.56875 0.35 0.0125 0.053125
2 0.7640625 0.35546875 0.0125 0.0578125
2 0.43671875 0.2875 0.0078125 0.04375
2 0.3890625 0.278125 0.0125 0.0375
2 0.73125 0.34140625 0.0125 0.0578125
2 0.38671875 0.3375 0.0140625 0.05
2 0.60625 0.34140625 0.0125 0.0515625
2 0.6203125 0.27578125 0.0125 0.0421875
2 0.35546875 0.321875 0.0140625 0.05
2 0.31328125 0.28046875 0.0140625 0.0421875
2 0.67578125 0.2984375 0.0109375 0.046875
2 0.36328125 0.25703125 0.0109375 0.0328125
2 0.5671875 0.28125 0.009375 0.040625