2 0.53125 0.74140625 0.03125 0.0921875
2 0.21328125 0.4859375 0.0140625 0.05625
2 0.6546875 0.38046875 0.0125 0.0421875
2 0.4609375 0.359375 0.00625 0.034375
2 0.821875 0.46015625 0.0125 0.0515625
2 0.3375 0.4796875 0.0125 0.053125
2 0.3921875 0.446875 0.0125 0.053125
2 0.6828125 0.55390625 0.015625 0.0671875
2 0.76640625 0.38046875 0.0109375 0.0421875
2 0.66328125 0.46328125 0.0078125 0.0515625
2 0.35 0.41171875 0.0125 0.0421875
2 0.74296875 0.3984375 0.0109375 0.046875
2 0.54453125 0.3796875 0.0109375 0.040625
2 0.71015625 0.35390625 0.0078125 0.0421875
2 0.73046875 0.34765625 0.0109375 0.0390625
2 0.76015625 0.465625 0.0140625 0.053125
1 0.17890625 0.39296875 0.0109375 0.0453125
2 0.53046875 0.39375 0.0140625 0.04375