2 0.53828125 0.71875 0.0234375 0.09375
2 0.60234375 0.44453125 0.0140625 0.0546875
2 0.33359375 0.38203125 0.0171875 0.0453125
2 0.2640625 0.56171875 0.01875 0.0703125
2 0.21484375 0.44765625 0.0140625 0.0515625
2 0.80625 0.48203125 0.01875 0.0515625
2 0.17109375 0.4609375 0.0140625 0.05625
2 0.64453125 0.48515625 0.0140625 0.0546875
2 0.56875 0.35 0.0125 0.0375
2 0.7203125 0.43125 0.0125 0.05
2 0.3578125 0.45546875 0.0125 0.0515625
2 0.2328125 0.375 0.0125 0.04375
2 0.2015625 0.3796875 0.0125 0.04375
2 0.4234375 0.39296875 0.0125 0.0453125
2 0.275 0.3359375 0.0125 0.0375
2 0.86875 0.40390625 0.0125 0.0421875
2 0.5359375 0.35625 0.0125 0.034375
2 0.37421875 0.4734375 0.0109375 0.05625
3 0.4125 0.41640625 0.01875 0.0453125