2 0.58046875 0.51171875 0.0171875 0.0453125
2 0.68828125 0.55546875 0.0109375 0.0515625
2 0.82109375 0.525 0.0140625 0.05
3 0.53359375 0.45625 0.0109375 0.0375
2 0.77578125 0.54921875 0.0140625 0.0484375
2 0.85546875 0.44765625 0.0078125 0.0390625
2 0.43203125 0.44140625 0.0109375 0.0390625
2 0.40859375 0.5359375 0.0171875 0.05625
2 0.73828125 0.47890625 0.0171875 0.0421875
2 0.38984375 0.45 0.0140625 0.0375
2 0.90703125 0.59765625 0.0140625 0.0546875
2 0.3703125 0.52421875 0.009375 0.0515625
1 0.13984375 0.425 0.0078125 0.03125
2 0.46171875 0.41796875 0.0109375 0.0359375
2 0.5296875 0.51640625 0.015625 0.0390625
2 0.49921875 0.5046875 0.0203125 0.0375
2 0.5515625 0.5796875 0.0125 0.05625
2 0.80234375 0.475 0.0109375 0.04375
2 0.67734375 0.44375 0.0078125 0.0375