2 0.3421875 0.61875 0.0125 0.0625
2 0.4796875 0.48515625 0.0125 0.0453125
2 0.87265625 0.55 0.0109375 0.046875
2 0.19140625 0.50390625 0.0109375 0.0421875
2 0.540625 0.54375 0.015625 0.04375
2 0.1046875 0.52265625 0.0125 0.0484375
2 0.2109375 0.44453125 0.0125 0.0359375
2 0.40546875 0.4859375 0.0109375 0.04375
2 0.51796875 0.41171875 0.0109375 0.0328125
2 0.81875 0.534375 0.0125 0.046875
1 0.65625 0.41953125 0.0125 0.0296875
2 0.15390625 0.4609375 0.0109375 0.0375
2 0.3328125 0.475 0.0125 0.0375