2 0.725 0.55390625 0.01875 0.0796875
2 0.45859375 0.56328125 0.0171875 0.0703125
2 0.67109375 0.465625 0.0171875 0.06875
2 0.5390625 0.496875 0.015625 0.075
2 0.28984375 0.70703125 0.0234375 0.0984375
2 0.38203125 0.48046875 0.0140625 0.0703125
3 0.56875 0.46875 0.01875 0.06875
2 0.5875 0.45390625 0.0125 0.0609375
2 0.16875 0.55390625 0.01875 0.0796875
2 0.51875 0.40390625 0.015625 0.0609375
2 0.20546875 0.4359375 0.0140625 0.0625
2 0.1453125 0.36171875 0.0125 0.0578125
2 0.58046875 0.35078125 0.0140625 0.0546875
2 0.36796875 0.34921875 0.0109375 0.0515625
2 0.4140625 0.36171875 0.0125 0.0515625
2 0.63828125 0.51875 0.0140625 0.06875
2 0.63203125 0.39296875 0.0171875 0.0609375
2 0.453125 0.33046875 0.009375 0.0484375
2 0.615625 0.3890625 0.0125 0.0625
2 0.415625 0.2984375 0.009375 0.0375
1 0.98125 0.3890625 0.0125 0.05625
3 0.5109375 0.27265625 0.009375 0.0484375
2 0.475 0.3421875 0.0125 0.05
3 0.0203125 0.9015625 0.0375 0.128125