2 0.33828125 0.48828125 0.0140625 0.0578125
1 0.03828125 0.39140625 0.0140625 0.0453125
3 0.5625 0.3890625 0.0125 0.04375
2 0.4609375 0.359375 0.0125 0.040625
2 0.36875 0.37265625 0.0125 0.0484375
2 0.5296875 0.44296875 0.01875 0.0515625
2 0.61328125 0.35390625 0.0109375 0.0421875
2 0.53046875 0.321875 0.0078125 0.040625
2 0.36015625 0.33828125 0.0109375 0.0421875
2 0.421875 0.31640625 0.009375 0.0390625
2 0.690625 0.38828125 0.0125 0.0453125
2 0.80625 0.35546875 0.0125 0.0421875
2 0.90078125 0.46796875 0.0140625 0.0578125
2 0.9 0.33125 0.0125 0.0375
2 0.31796875 0.37265625 0.0109375 0.0421875
2 0.69296875 0.309375 0.0109375 0.0375
2 0.5046875 0.31015625 0.009375 0.0328125
2 0.30546875 0.35390625 0.0109375 0.0421875
2 0.29921875 0.44375 0.0140625 0.05625
2 0.575 0.4890625 0.0125 0.053125