2 0.353125 0.784375 0.028125 0.096875
2 0.79453125 0.62421875 0.0140625 0.0765625
2 0.06796875 0.59921875 0.0203125 0.0734375
2 0.68046875 0.6515625 0.0171875 0.075
2 0.8546875 0.6375 0.015625 0.075
2 0.7046875 0.50078125 0.01875 0.0609375
2 0.52421875 0.565625 0.0171875 0.06875
2 0.80390625 0.4640625 0.0109375 0.059375
2 0.5984375 0.41796875 0.01875 0.0484375
2 0.85625 0.56171875 0.0125 0.0703125
2 0.44453125 0.4234375 0.0171875 0.046875
2 0.29296875 0.49140625 0.0140625 0.0578125
2 0.20546875 0.45 0.0109375 0.05625
2 0.64296875 0.5046875 0.0140625 0.0625
2 0.78046875 0.45546875 0.0140625 0.0578125
3 0.5625 0.471875 0.0125 0.059375
2 0.40078125 0.4921875 0.0140625 0.059375
2 0.4234375 0.48671875 0.0125 0.0578125
2 0.56796875 0.4171875 0.0109375 0.05
2 0.34296875 0.41328125 0.0109375 0.0484375
2 0.44921875 0.56328125 0.0265625 0.0515625
3 0.33515625 0.3328125 0.0078125 0.0375
2 0.4046875 0.35546875 0.0125 0.0390625