2 0.63828125 0.45546875 0.0140625 0.0453125
2 0.53203125 0.41875 0.0109375 0.04375
2 0.48046875 0.51640625 0.0171875 0.0515625
2 0.16796875 0.52890625 0.0140625 0.0578125
2 0.57578125 0.5375 0.0140625 0.065625
2 0.3265625 0.503125 0.0125 0.05625
2 0.3421875 0.4421875 0.009375 0.04375
2 0.73125 0.4625 0.0125 0.05
2 0.61875 0.3671875 0.0125 0.0375
2 0.13046875 0.6484375 0.0203125 0.06875
1 0.88125 0.384375 0.0125 0.0375
2 0.2109375 0.49453125 0.0125 0.0515625
2 0.44765625 0.415625 0.0109375 0.04375
2 0.38125 0.52265625 0.0125 0.0578125
2 0.21953125 0.37578125 0.0078125 0.0328125
2 0.225 0.42578125 0.0125 0.0453125
2 0.353125 0.44921875 0.009375 0.0515625