2 0.36171875 0.45546875 0.0140625 0.0453125
2 0.46796875 0.41875 0.0109375 0.04375
2 0.51953125 0.51640625 0.0171875 0.0515625
2 0.83203125 0.52890625 0.0140625 0.0578125
2 0.42421875 0.5375 0.0140625 0.065625
2 0.6734375 0.503125 0.0125 0.05625
2 0.6578125 0.4421875 0.009375 0.04375
2 0.26875 0.4625 0.0125 0.05
2 0.38125 0.3671875 0.0125 0.0375
2 0.86953125 0.6484375 0.0203125 0.06875
1 0.11875 0.384375 0.0125 0.0375
2 0.7890625 0.49453125 0.0125 0.0515625
2 0.55234375 0.415625 0.0109375 0.04375
2 0.61875 0.52265625 0.0125 0.0578125
2 0.78046875 0.37578125 0.0078125 0.0328125
2 0.775 0.42578125 0.0125 0.0453125
2 0.646875 0.44921875 0.009375 0.0515625