2 0.7515625 0.64921875 0.01875 0.0734375
2 0.44921875 0.58828125 0.0171875 0.0671875
2 0.62109375 0.60390625 0.0140625 0.0671875
2 0.82734375 0.5171875 0.0140625 0.0625
2 0.24375 0.5875 0.01875 0.06875
2 0.4296875 0.5859375 0.021875 0.05625
3 0.54453125 0.43671875 0.0109375 0.0515625
2 0.51953125 0.46171875 0.0140625 0.0546875
2 0.61484375 0.4078125 0.0109375 0.046875
2 0.34921875 0.4734375 0.0140625 0.053125
2 0.90078125 0.50546875 0.0140625 0.0640625
2 0.78359375 0.3890625 0.0109375 0.04375
2 0.64921875 0.4234375 0.0109375 0.05
2 0.21484375 0.6515625 0.0140625 0.0875
2 0.503125 0.36875 0.009375 0.04375
2 0.48125 0.4734375 0.0125 0.053125
1 0.240625 0.375 0.015625 0.0375