2 0.40078125 0.41328125 0.0203125 0.0578125
2 0.54453125 0.30078125 0.0140625 0.0421875
2 0.43828125 0.34921875 0.0140625 0.0515625
2 0.39453125 0.278125 0.0140625 0.0375
2 0.1625 0.34296875 0.0125 0.0546875
2 0.2296875 0.31640625 0.0125 0.0484375
2 0.27421875 0.47265625 0.0140625 0.0734375
2 0.7625 0.55078125 0.01875 0.0828125
2 0.31796875 0.36328125 0.0140625 0.0578125
2 0.47421875 0.39296875 0.0140625 0.0578125
2 0.6109375 0.2875 0.009375 0.04375
2 0.51796875 0.34296875 0.0109375 0.0515625
2 0.790625 0.38046875 0.0125 0.0578125
2 0.71328125 0.3640625 0.0109375 0.053125
3 0.35703125 0.36015625 0.0109375 0.0546875
2 0.64375 0.41640625 0.0125 0.0609375
2 0.68203125 0.34140625 0.0109375 0.0515625
2 0.46484375 0.325 0.0109375 0.04375
2 0.26953125 0.2875 0.0140625 0.040625
2 0.3765625 0.35078125 0.01875 0.0515625
2 0.73046875 0.35078125 0.0109375 0.0421875