2 0.56171875 0.63046875 0.0171875 0.0671875
2 0.16796875 0.73828125 0.0296875 0.0859375
2 0.12265625 0.59296875 0.0265625 0.0609375
2 0.77421875 0.6296875 0.0140625 0.071875
2 0.71796875 0.43203125 0.0140625 0.0453125
2 0.78671875 0.484375 0.0109375 0.05625
2 0.38828125 0.540625 0.0140625 0.0625
2 0.54921875 0.5734375 0.0265625 0.0625
2 0.61875 0.53671875 0.0125 0.0578125
2 0.26875 0.61875 0.015625 0.0625
2 0.690625 0.4984375 0.0125 0.05
2 0.81328125 0.56015625 0.0171875 0.0671875
2 0.83046875 0.60390625 0.0140625 0.0640625
2 0.75390625 0.4484375 0.0109375 0.05
2 0.55 0.40546875 0.0125 0.0390625
2 0.62578125 0.41796875 0.0109375 0.0453125
2 0.45546875 0.38828125 0.0109375 0.0390625
2 0.384375 0.48203125 0.0125 0.0515625
3 0.55078125 0.48203125 0.0109375 0.0546875
2 0.2828125 0.42265625 0.009375 0.0453125
3 0.96171875 0.81953125 0.0328125 0.1015625