1 0.92890625 0.39765625 0.0078125 0.0359375
2 0.61796875 0.39140625 0.0140625 0.0390625
2 0.30625 0.45390625 0.0125 0.0484375
2 0.48125 0.55625 0.025 0.05
2 0.10546875 0.49921875 0.0109375 0.0546875
2 0.49453125 0.40390625 0.0140625 0.0390625
2 0.43203125 0.35390625 0.0109375 0.0328125
2 0.36171875 0.3875 0.0140625 0.0375
2 0.184375 0.41875 0.0125 0.04375
2 0.68828125 0.42421875 0.0109375 0.0484375
2 0.24140625 0.41796875 0.0140625 0.0453125
2 0.634375 0.48125 0.0125 0.05
2 0.5828125 0.48125 0.0125 0.05
3 0.16171875 0.34296875 0.0078125 0.0359375
2 0.13671875 0.37578125 0.0078125 0.0359375
2 0.14453125 0.40078125 0.0078125 0.0421875
2 0.03828125 0.375 0.0078125 0.03125
2 0.2296875 0.48515625 0.01875 0.0484375
2 0.5 0.44765625 0.0125 0.0484375
2 0.58828125 0.3734375 0.0140625 0.034375
3 0.421875 0.4265625 0.009375 0.040625
2 0.0734375 0.41171875 0.009375 0.0421875
2 0.32265625 0.3484375 0.0109375 0.0375