2 0.42421875 0.59296875 0.0171875 0.0765625
3 0.46796875 0.42421875 0.0109375 0.0578125
2 0.2875 0.45546875 0.0125 0.0515625
2 0.6203125 0.3984375 0.0125 0.05
2 0.76484375 0.59921875 0.0234375 0.0734375
2 0.6953125 0.51875 0.021875 0.0625
2 0.534375 0.41640625 0.015625 0.0515625
2 0.23828125 0.3375 0.0109375 0.04375
2 0.16953125 0.4421875 0.0140625 0.05625
2 0.4640625 0.2828125 0.009375 0.03125
2 0.371875 0.30078125 0.009375 0.0359375
2 0.55859375 0.4 0.0140625 0.05
2 0.49453125 0.3046875 0.0109375 0.0375
2 0.35234375 0.34765625 0.0109375 0.0484375
2 0.584375 0.36015625 0.009375 0.0484375
1 0.83359375 0.35390625 0.0140625 0.0421875
2 0.54296875 0.325 0.0109375 0.04375
2 0.5 0.37265625 0.0125 0.0453125