2 0.50625 0.38046875 0.01875 0.0515625
2 0.33984375 0.60546875 0.0296875 0.0859375
2 0.22421875 0.44140625 0.0140625 0.0671875
2 0.76484375 0.44765625 0.0234375 0.0640625
2 0.43125 0.35 0.0125 0.053125
2 0.2359375 0.35546875 0.0125 0.0578125
2 0.56328125 0.2875 0.0078125 0.04375
2 0.6109375 0.278125 0.0125 0.0375
2 0.26875 0.34140625 0.0125 0.0578125
2 0.61328125 0.3375 0.0140625 0.05
2 0.39375 0.34140625 0.0125 0.0515625
2 0.3796875 0.27578125 0.0125 0.0421875
2 0.64453125 0.321875 0.0140625 0.05
2 0.68671875 0.28046875 0.0140625 0.0421875
2 0.32421875 0.2984375 0.0109375 0.046875
2 0.63671875 0.25703125 0.0109375 0.0328125
2 0.4328125 0.28125 0.009375 0.040625