2 0.48828125 0.6546875 0.0203125 0.0875
2 0.8109375 0.5625 0.025 0.08125
2 0.1 0.5546875 0.01875 0.078125
2 0.6625 0.53671875 0.01875 0.0734375
2 0.4359375 0.478125 0.0125 0.065625
2 0.22890625 0.35 0.0140625 0.05
2 0.52578125 0.45625 0.0140625 0.0625
2 0.6375 0.41171875 0.0125 0.0578125
3 0.478125 0.35703125 0.009375 0.0515625
2 0.68125 0.43046875 0.0125 0.0640625
2 0.603125 0.36171875 0.0125 0.0484375
2 0.19375 0.45625 0.0125 0.0625
2 0.54296875 0.36328125 0.0109375 0.0515625
2 0.35546875 0.51015625 0.0140625 0.0640625
2 0.35703125 0.42421875 0.0140625 0.0609375
2 0.2921875 0.29296875 0.0125 0.0390625
2 0.565625 0.33515625 0.009375 0.0453125
0 0.24296875 0.36875 0.0078125 0.0125
2 0.375 0.3453125 0.0125 0.046875
2 0.96640625 0.34453125 0.0109375 0.0515625