2 0.25703125 0.3640625 0.0109375 0.04375
2 0.18359375 0.471875 0.0140625 0.059375
2 0.34609375 0.46171875 0.0171875 0.0515625
2 0.19453125 0.3609375 0.0109375 0.046875
2 0.40234375 0.36875 0.0140625 0.04375
3 0.446875 0.44375 0.009375 0.053125
2 0.3203125 0.32421875 0.0125 0.0453125
2 0.3453125 0.4 0.0125 0.05
2 0.50703125 0.54375 0.0171875 0.0625
2 0.54375 0.340625 0.0125 0.040625
2 0.55078125 0.49453125 0.0203125 0.0546875
2 0.81953125 0.5734375 0.0171875 0.06875
2 0.50546875 0.31640625 0.0109375 0.0390625
2 0.5125 0.35 0.0125 0.040625
2 0.46953125 0.29453125 0.0078125 0.0359375
2 0.5390625 0.4 0.0125 0.05