2 0.6625 0.3640625 0.0125 0.0375
2 0.51015625 0.53515625 0.0140625 0.0578125
2 0.7640625 0.44921875 0.009375 0.0484375
3 0.4234375 0.43203125 0.0125 0.0484375
2 0.38671875 0.4296875 0.0140625 0.04375
2 0.74453125 0.48828125 0.0109375 0.0515625
2 0.325 0.5296875 0.015625 0.05625
2 0.35 0.51953125 0.021875 0.0578125
2 0.46953125 0.54765625 0.0140625 0.0546875
2 0.2484375 0.50703125 0.01875 0.0578125
3 0.91953125 0.66875 0.0171875 0.075
2 0.19921875 0.62421875 0.0171875 0.0703125
2 0.51875 0.39453125 0.009375 0.0421875
2 0.609375 0.38046875 0.009375 0.0390625
2 0.28671875 0.4484375 0.0078125 0.05
2 0.5140625 0.3171875 0.0125 0.03125
1 0.06953125 0.39921875 0.0078125 0.0328125
2 0.3890625 0.3703125 0.0125 0.034375
2 0.371875 0.35625 0.009375 0.0375