2 0.25546875 0.49921875 0.0203125 0.0484375
2 0.228125 0.58671875 0.021875 0.0609375
2 0.6234375 0.49296875 0.015625 0.0484375
2 0.63828125 0.36875 0.0140625 0.03125
2 0.80546875 0.53046875 0.0171875 0.0546875
2 0.709375 0.43671875 0.0125 0.0421875
3 0.5078125 0.43046875 0.015625 0.0390625
2 0.86796875 0.4046875 0.0140625 0.0375
2 0.59609375 0.45546875 0.0109375 0.0453125
2 0.59375 0.4046875 0.009375 0.0375
2 0.38125 0.39453125 0.0125 0.0328125
2 0.81171875 0.446875 0.0109375 0.046875
2 0.36328125 0.4859375 0.0109375 0.05
2 0.43984375 0.43046875 0.0109375 0.0421875
2 0.50703125 0.36953125 0.0078125 0.0328125
2 0.94921875 0.4515625 0.0171875 0.04375
2 0.35859375 0.39765625 0.0109375 0.0390625
2 0.9390625 0.4 0.0125 0.03125
2 0.34375 0.48515625 0.0125 0.0484375