2 0.27421875 0.5171875 0.0140625 0.05625
2 0.49375 0.465625 0.0125 0.046875
2 0.55703125 0.52578125 0.0140625 0.0515625
2 0.76875 0.34375 0.00625 0.03125
2 0.78671875 0.44453125 0.0109375 0.0484375
2 0.31171875 0.40703125 0.0109375 0.0453125
2 0.38671875 0.32890625 0.0078125 0.0265625
2 0.71796875 0.37890625 0.0078125 0.0390625
3 0.45703125 0.3875 0.0109375 0.0375
2 0.36640625 0.375 0.0109375 0.0375
2 0.41953125 0.3359375 0.0078125 0.03125
2 0.29296875 0.421875 0.0109375 0.040625
2 0.34296875 0.37578125 0.0078125 0.0390625
1 0.05390625 0.41953125 0.0078125 0.0421875
2 0.353125 0.3375 0.009375 0.03125
2 0.46953125 0.3796875 0.0078125 0.0375
2 0.50078125 0.36015625 0.0078125 0.0359375
3 0.9359375 0.63203125 0.025 0.0671875
2 0.33046875 0.3671875 0.0109375 0.0375