2 0.23671875 0.5625 0.0109375 0.0625
2 0.18671875 0.49765625 0.0109375 0.0515625
2 0.45390625 0.4125 0.0109375 0.0375
2 0.38125 0.4546875 0.009375 0.04375
2 0.39453125 0.55 0.0140625 0.053125
2 0.2 0.45078125 0.0125 0.0421875
2 0.4625 0.56171875 0.0125 0.0546875
2 0.30625 0.43828125 0.0125 0.0421875
2 0.14921875 0.45390625 0.0140625 0.0453125
2 0.35546875 0.4890625 0.0109375 0.05
2 0.59375 0.45078125 0.0125 0.0421875
2 0.64375 0.48046875 0.009375 0.0484375
2 0.2546875 0.4234375 0.009375 0.0375
2 0.740625 0.4515625 0.009375 0.040625
1 0.76171875 0.4125 0.0109375 0.0375