2 0.18828125 0.41875 0.0078125 0.04375
2 0.103125 0.44296875 0.009375 0.0390625
2 0.08828125 0.53046875 0.0109375 0.0546875
2 0.23984375 0.49296875 0.0109375 0.0484375
2 0.68671875 0.52265625 0.0140625 0.0546875
2 0.09453125 0.41640625 0.0078125 0.0421875
2 0.8453125 0.48203125 0.0125 0.0515625
2 0.24453125 0.38125 0.0109375 0.0375
2 0.13203125 0.36796875 0.0109375 0.0328125
2 0.290625 0.3734375 0.009375 0.0375
2 0.30078125 0.5546875 0.0140625 0.0625
2 0.56953125 0.48046875 0.0203125 0.0453125
1 0.64296875 0.3671875 0.0078125 0.0375
2 0.8109375 0.484375 0.015625 0.05
2 0.621875 0.41953125 0.0125 0.0484375
2 0.4203125 0.34921875 0.0125 0.0328125
2 0.30625 0.46171875 0.00625 0.0484375
3 0.46796875 0.41796875 0.0109375 0.0453125
2 0.203125 0.403125 0.009375 0.040625
2 0.46796875 0.3875 0.0109375 0.034375
2 0.1796875 0.34765625 0.00625 0.0328125