2 0.7484375 0.51953125 0.015625 0.0703125
2 0.78125 0.49140625 0.01875 0.0703125
2 0.26484375 0.5578125 0.0203125 0.078125
2 0.45234375 0.34296875 0.0140625 0.0515625
2 0.39609375 0.384375 0.0109375 0.05625
2 0.11171875 0.4546875 0.0203125 0.06875
2 0.36171875 0.46953125 0.0140625 0.0671875
2 0.31953125 0.34375 0.0109375 0.05
2 0.61953125 0.3125 0.0109375 0.04375
2 0.7453125 0.4234375 0.0125 0.0625
2 0.57578125 0.3375 0.0140625 0.04375
2 0.4859375 0.38046875 0.0125 0.0609375
2 0.7296875 0.375 0.0125 0.053125
2 0.53359375 0.46875 0.0140625 0.06875
3 0.53671875 0.38046875 0.0140625 0.0546875
2 0.24296875 0.3234375 0.0140625 0.05
2 0.4875 0.3078125 0.0125 0.04375
2 0.4421875 0.29921875 0.009375 0.0453125
2 0.52734375 0.29765625 0.0140625 0.0390625
3 0.66875 0.27578125 0.0125 0.0421875