2 0.6578125 0.61875 0.0125 0.0625
2 0.5203125 0.48515625 0.0125 0.0453125
2 0.12734375 0.55 0.0109375 0.046875
2 0.80859375 0.50390625 0.0109375 0.0421875
2 0.459375 0.54375 0.015625 0.04375
2 0.8953125 0.52265625 0.0125 0.0484375
2 0.7890625 0.44453125 0.0125 0.0359375
2 0.59453125 0.4859375 0.0109375 0.04375
2 0.48203125 0.41171875 0.0109375 0.0328125
2 0.18125 0.534375 0.0125 0.046875
1 0.34375 0.41953125 0.0125 0.0296875
2 0.84609375 0.4609375 0.0109375 0.0375
2 0.6671875 0.475 0.0125 0.0375