2 0.41171875 0.35 0.0140625 0.05625
2 0.40625 0.23671875 0.0125 0.0328125
2 0.40234375 0.48671875 0.0140625 0.0765625
2 0.83828125 0.46875 0.0203125 0.06875
2 0.7875 0.32421875 0.0125 0.0484375
2 0.8734375 0.36015625 0.0125 0.0546875
2 0.6359375 0.39375 0.0125 0.05625
2 0.49453125 0.31640625 0.0109375 0.0484375
3 0.6390625 0.325 0.0125 0.046875
2 0.8375 0.2796875 0.0125 0.040625
2 0.67421875 0.31640625 0.0109375 0.0453125
2 0.88828125 0.3109375 0.0109375 0.05
2 0.9234375 0.31875 0.009375 0.04375
2 0.9359375 0.3375 0.0125 0.05
2 0.74921875 0.275 0.0109375 0.04375
2 0.7015625 0.2703125 0.0125 0.040625
2 0.6390625 0.30078125 0.0125 0.0453125
2 0.4765625 0.2515625 0.0125 0.0375