2 0.3390625 0.47578125 0.01875 0.0546875
2 0.41171875 0.4578125 0.0109375 0.053125
2 0.309375 0.3671875 0.015625 0.040625
3 0.50546875 0.37578125 0.0109375 0.0453125
2 0.571875 0.42421875 0.015625 0.0515625
2 0.23203125 0.35625 0.0078125 0.04375
2 0.553125 0.35625 0.009375 0.04375
2 0.4171875 0.31875 0.015625 0.0375
2 0.5359375 0.32578125 0.009375 0.0390625
2 0.66875 0.42890625 0.0125 0.0484375
2 0.69921875 0.39921875 0.0171875 0.0515625
2 0.71640625 0.37265625 0.0109375 0.0484375
2 0.39453125 0.35 0.0109375 0.040625
2 0.62265625 0.34921875 0.0109375 0.0421875
2 0.56328125 0.31015625 0.0078125 0.0328125
2 0.69921875 0.33828125 0.0109375 0.0421875
2 0.35 0.34765625 0.009375 0.0421875