2 0.38203125 0.728125 0.0265625 0.078125
2 0.20078125 0.46796875 0.0140625 0.0515625
2 0.25703125 0.56796875 0.0140625 0.0609375
3 0.3859375 0.4609375 0.0125 0.05625
2 0.17578125 0.3921875 0.0109375 0.04375
2 0.14140625 0.48671875 0.0171875 0.0609375
2 0.29453125 0.5796875 0.0203125 0.059375
2 0.30390625 0.36796875 0.0078125 0.0390625
2 0.1578125 0.45078125 0.0125 0.0453125
2 0.2984375 0.671875 0.0375 0.075
2 0.46796875 0.546875 0.0203125 0.053125
1 0.86796875 0.37421875 0.0109375 0.0484375
2 0.74375 0.48046875 0.0125 0.0515625
3 0.18046875 0.33671875 0.0078125 0.0328125
2 0.575 0.4921875 0.01875 0.05
2 0.67578125 0.5234375 0.0171875 0.05
2 0.44921875 0.4171875 0.0140625 0.046875
2 0.6375 0.490625 0.0125 0.05625
2 0.66953125 0.3734375 0.0109375 0.0375