2 0.56796875 0.73046875 0.0265625 0.0828125
2 0.8015625 0.49921875 0.01875 0.0546875
2 0.40546875 0.73828125 0.0234375 0.0796875
2 0.89765625 0.50546875 0.0234375 0.0578125
2 0.51953125 0.34375 0.0140625 0.0375
2 0.56953125 0.47890625 0.0171875 0.0421875
2 0.36171875 0.4609375 0.0140625 0.053125
2 0.4625 0.596875 0.01875 0.06875
2 0.26640625 0.51640625 0.0203125 0.0609375
2 0.71875 0.40390625 0.0125 0.0453125
2 0.61875 0.54140625 0.0125 0.0609375
2 0.51875 0.43671875 0.0125 0.0484375
2 0.4125 0.509375 0.0125 0.05625
2 0.41171875 0.3796875 0.0109375 0.04375
2 0.5109375 0.58046875 0.025 0.0640625
2 0.3046875 0.38515625 0.01875 0.0328125
3 0.43046875 0.4734375 0.0109375 0.053125
2 0.62265625 0.47890625 0.0171875 0.0546875
2 0.27265625 0.58515625 0.0234375 0.0578125
2 0.45625 0.421875 0.0125 0.05