2 0.73828125 0.40078125 0.0140625 0.0578125
2 0.4609375 0.43515625 0.0125 0.0578125
2 0.21171875 0.4875 0.0234375 0.06875
2 0.77578125 0.47421875 0.0234375 0.0640625
2 0.29140625 0.35703125 0.0140625 0.0484375
2 0.1859375 0.47890625 0.01875 0.0640625
2 0.64375 0.49921875 0.015625 0.0640625
2 0.18046875 0.39375 0.0171875 0.05625
2 0.35703125 0.43203125 0.0109375 0.0609375
2 0.39296875 0.47421875 0.0140625 0.0640625
2 0.73046875 0.3546875 0.0109375 0.046875
2 0.7875 0.33828125 0.0125 0.0453125
2 0.7546875 0.31640625 0.00625 0.0390625
2 0.83125 0.3375 0.015625 0.05
2 0.38046875 0.3484375 0.0109375 0.05
2 0.51640625 0.32578125 0.0140625 0.0453125
2 0.73671875 0.3046875 0.0109375 0.04375
1 0.846875 0.31171875 0.0125 0.0421875