2 0.52421875 0.38671875 0.0203125 0.0765625
2 0.21171875 0.23671875 0.0171875 0.0578125
2 0.5203125 0.25546875 0.015625 0.0609375
2 0.11796875 0.2359375 0.0140625 0.05
2 0.0078125 0.2625 0.015625 0.0625
2 0.44296875 0.23828125 0.0109375 0.0546875
2 0.24296875 0.30078125 0.0203125 0.0640625
2 0.1359375 0.17890625 0.0125 0.0453125
2 0.18203125 0.19453125 0.0109375 0.0484375
2 0.2703125 0.22265625 0.0125 0.0578125
2 0.0703125 0.2046875 0.009375 0.05
2 0.44921875 0.1671875 0.0140625 0.04375
3 0.0046875 0.18046875 0.009375 0.0484375