2 0.26171875 0.40078125 0.0140625 0.0578125
2 0.5390625 0.43515625 0.0125 0.0578125
2 0.78828125 0.4875 0.0234375 0.06875
2 0.22421875 0.47421875 0.0234375 0.0640625
2 0.70859375 0.35703125 0.0140625 0.0484375
2 0.8140625 0.47890625 0.01875 0.0640625
2 0.35625 0.49921875 0.015625 0.0640625
2 0.81953125 0.39375 0.0171875 0.05625
2 0.64296875 0.43203125 0.0109375 0.0609375
2 0.60703125 0.47421875 0.0140625 0.0640625
2 0.26953125 0.3546875 0.0109375 0.046875
2 0.2125 0.33828125 0.0125 0.0453125
2 0.2453125 0.31640625 0.00625 0.0390625
2 0.16875 0.3375 0.015625 0.05
2 0.61953125 0.3484375 0.0109375 0.05
2 0.48359375 0.32578125 0.0140625 0.0453125
2 0.26328125 0.3046875 0.0109375 0.04375
1 0.153125 0.31171875 0.0125 0.0421875