2 0.74296875 0.3640625 0.0109375 0.04375
2 0.81640625 0.471875 0.0140625 0.059375
2 0.65390625 0.46171875 0.0171875 0.0515625
2 0.80546875 0.3609375 0.0109375 0.046875
2 0.59765625 0.36875 0.0140625 0.04375
3 0.553125 0.44375 0.009375 0.053125
2 0.6796875 0.32421875 0.0125 0.0453125
2 0.6546875 0.4 0.0125 0.05
2 0.49296875 0.54375 0.0171875 0.0625
2 0.45625 0.340625 0.0125 0.040625
2 0.44921875 0.49453125 0.0203125 0.0546875
2 0.18046875 0.5734375 0.0171875 0.06875
2 0.49453125 0.31640625 0.0109375 0.0390625
2 0.4875 0.35 0.0125 0.040625
2 0.53046875 0.29453125 0.0078125 0.0359375
2 0.4609375 0.4 0.0125 0.05