2 0.34765625 0.434375 0.0140625 0.05625
2 0.3546875 0.50703125 0.025 0.0640625
2 0.16640625 0.4296875 0.0140625 0.05625
2 0.60078125 0.55 0.0234375 0.06875
2 0.0921875 0.57421875 0.01875 0.0734375
2 0.45546875 0.3234375 0.0140625 0.04375
2 0.50546875 0.475 0.0109375 0.0625
2 0.21796875 0.36875 0.0109375 0.05
2 0.37265625 0.3765625 0.0140625 0.046875
2 0.64375 0.41640625 0.0125 0.0515625
3 0.42421875 0.3984375 0.0140625 0.05625
2 0.796875 0.44453125 0.015625 0.0609375
2 0.50546875 0.353125 0.0109375 0.04375
2 0.6734375 0.3171875 0.0125 0.04375
2 0.309375 0.31171875 0.009375 0.0390625
2 0.21015625 0.41640625 0.0140625 0.0609375
2 0.2640625 0.33046875 0.009375 0.0421875
2 0.55 0.34921875 0.009375 0.0421875
2 0.24921875 0.3671875 0.0109375 0.046875