2 0.20078125 0.4265625 0.0203125 0.071875
2 0.178125 0.3421875 0.015625 0.06875
2 0.80078125 0.29765625 0.0234375 0.0640625
2 0.50390625 0.353125 0.0171875 0.065625
2 0.73515625 0.28046875 0.0203125 0.0546875
2 0.68671875 0.415625 0.0171875 0.078125
2 0.31953125 0.30546875 0.0171875 0.0609375
2 0.665625 0.25078125 0.01875 0.0546875
2 0.225 0.3359375 0.0125 0.06875
2 0.45703125 0.340625 0.0203125 0.0625
2 0.51015625 0.25390625 0.0140625 0.0546875
3 0.62578125 0.34296875 0.0203125 0.0703125
2 0.38203125 0.2796875 0.0140625 0.059375
2 0.36875 0.35703125 0.0125 0.0640625
2 0.38515625 0.39296875 0.0140625 0.0671875
2 0.4015625 0.2875 0.0125 0.05625
2 0.61640625 0.309375 0.0171875 0.05625
2 0.26171875 0.3125 0.0140625 0.0625
2 0.42890625 0.31640625 0.0140625 0.0640625
2 0.2734375 0.3328125 0.0125 0.059375