2 0.646875 0.784375 0.028125 0.096875
2 0.20546875 0.62421875 0.0140625 0.0765625
2 0.93203125 0.59921875 0.0203125 0.0734375
2 0.31953125 0.6515625 0.0171875 0.075
2 0.1453125 0.6375 0.015625 0.075
2 0.2953125 0.50078125 0.01875 0.0609375
2 0.47578125 0.565625 0.0171875 0.06875
2 0.19609375 0.4640625 0.0109375 0.059375
2 0.4015625 0.41796875 0.01875 0.0484375
2 0.14375 0.56171875 0.0125 0.0703125
2 0.55546875 0.4234375 0.0171875 0.046875
2 0.70703125 0.49140625 0.0140625 0.0578125
2 0.79453125 0.45 0.0109375 0.05625
2 0.35703125 0.5046875 0.0140625 0.0625
2 0.21953125 0.45546875 0.0140625 0.0578125
3 0.4375 0.471875 0.0125 0.059375
2 0.59921875 0.4921875 0.0140625 0.059375
2 0.5765625 0.48671875 0.0125 0.0578125
2 0.43203125 0.4171875 0.0109375 0.05
2 0.65703125 0.41328125 0.0109375 0.0484375
2 0.55078125 0.56328125 0.0265625 0.0515625
3 0.66484375 0.3328125 0.0078125 0.0375
2 0.5953125 0.35546875 0.0125 0.0390625