2 0.7390625 0.43046875 0.0125 0.0453125
2 0.565625 0.4375 0.01875 0.05
2 0.30390625 0.35 0.0140625 0.0375
2 0.53671875 0.3171875 0.0109375 0.03125
2 0.55703125 0.55 0.0171875 0.06875
2 0.59453125 0.31328125 0.0109375 0.0328125
2 0.71015625 0.36171875 0.0078125 0.0453125
2 0.6421875 0.4171875 0.0125 0.046875
2 0.2375 0.35546875 0.0125 0.0421875
2 0.41015625 0.31796875 0.0109375 0.0359375
2 0.72890625 0.40390625 0.0109375 0.0546875
2 0.6328125 0.34296875 0.009375 0.0390625
2 0.5625 0.3375 0.00625 0.0375
2 0.25 0.4109375 0.0125 0.05
2 0.46796875 0.34921875 0.0078125 0.0390625