2 0.2859375 0.43046875 0.0125 0.0546875
2 0.5203125 0.56875 0.01875 0.06875
2 0.2890625 0.64375 0.015625 0.078125
2 0.60703125 0.46015625 0.0140625 0.0515625
2 0.58984375 0.52421875 0.0140625 0.0609375
2 0.48125 0.4046875 0.009375 0.040625
2 0.43671875 0.39453125 0.0109375 0.0421875
2 0.8453125 0.6953125 0.01875 0.084375
2 0.63828125 0.3671875 0.0109375 0.0375
2 0.8015625 0.54921875 0.0125 0.0609375
2 0.30234375 0.42421875 0.0109375 0.0484375
3 0.6203125 0.425 0.009375 0.05
2 0.61484375 0.39921875 0.0078125 0.0390625
2 0.37734375 0.34296875 0.0078125 0.0390625
2 0.775 0.4375 0.0125 0.04375
2 0.7703125 0.48515625 0.0125 0.0546875
2 0.73828125 0.40078125 0.0109375 0.0421875
1 0.09609375 0.371875 0.0109375 0.046875
3 0.04609375 0.66015625 0.0140625 0.0796875