2 0.85625 0.51015625 0.01875 0.0609375
3 0.9515625 0.56875 0.021875 0.059375
2 0.11171875 0.39453125 0.0109375 0.0421875
1 0.76796875 0.34375 0.0109375 0.04375
2 0.2109375 0.39765625 0.0125 0.0390625
2 0.19140625 0.47890625 0.0171875 0.0609375
2 0.2609375 0.3890625 0.0125 0.04375
2 0.71171875 0.41875 0.0140625 0.0375
2 0.61796875 0.38515625 0.0109375 0.0453125
2 0.5875 0.42265625 0.0125 0.0453125
2 0.2015625 0.3625 0.009375 0.0375
2 0.18515625 0.36640625 0.0109375 0.0359375
2 0.24453125 0.37265625 0.0078125 0.0421875