2 0.69296875 0.5 0.0171875 0.0625
2 0.13046875 0.44296875 0.0203125 0.0546875
2 0.70546875 0.4375 0.0171875 0.053125
2 0.5390625 0.47265625 0.0125 0.0609375
2 0.5875 0.36015625 0.0125 0.0421875
2 0.2875 0.53671875 0.01875 0.0671875
2 0.36171875 0.42421875 0.0171875 0.0578125
2 0.64296875 0.5484375 0.0140625 0.0625
2 0.24375 0.3421875 0.0125 0.04375
2 0.4875 0.43828125 0.0125 0.0578125
2 0.71328125 0.39140625 0.0109375 0.0484375
2 0.6921875 0.40546875 0.0125 0.0515625
2 0.54296875 0.32421875 0.0109375 0.0359375
3 0.4953125 0.3890625 0.0125 0.05
2 0.33125 0.375 0.0125 0.04375
2 0.43828125 0.34765625 0.0078125 0.0328125
2 0.55078125 0.3984375 0.0140625 0.05
2 0.65 0.346875 0.0125 0.04375