2 0.46171875 0.71875 0.0234375 0.09375
2 0.39765625 0.44453125 0.0140625 0.0546875
2 0.66640625 0.38203125 0.0171875 0.0453125
2 0.7359375 0.56171875 0.01875 0.0703125
2 0.78515625 0.44765625 0.0140625 0.0515625
2 0.19375 0.48203125 0.01875 0.0515625
2 0.82890625 0.4609375 0.0140625 0.05625
2 0.35546875 0.48515625 0.0140625 0.0546875
2 0.43125 0.35 0.0125 0.0375
2 0.2796875 0.43125 0.0125 0.05
2 0.6421875 0.45546875 0.0125 0.0515625
2 0.7671875 0.375 0.0125 0.04375
2 0.7984375 0.3796875 0.0125 0.04375
2 0.5765625 0.39296875 0.0125 0.0453125
2 0.725 0.3359375 0.0125 0.0375
2 0.13125 0.40390625 0.0125 0.0421875
2 0.4640625 0.35625 0.0125 0.034375
2 0.62578125 0.4734375 0.0109375 0.05625
3 0.5875 0.41640625 0.01875 0.0453125