2 0.61796875 0.728125 0.0265625 0.078125
2 0.79921875 0.46796875 0.0140625 0.0515625
2 0.74296875 0.56796875 0.0140625 0.0609375
3 0.6140625 0.4609375 0.0125 0.05625
2 0.82421875 0.3921875 0.0109375 0.04375
2 0.85859375 0.48671875 0.0171875 0.0609375
2 0.70546875 0.5796875 0.0203125 0.059375
2 0.69609375 0.36796875 0.0078125 0.0390625
2 0.8421875 0.45078125 0.0125 0.0453125
2 0.7015625 0.671875 0.0375 0.075
2 0.53203125 0.546875 0.0203125 0.053125
1 0.13203125 0.37421875 0.0109375 0.0484375
2 0.25625 0.48046875 0.0125 0.0515625
3 0.81953125 0.33671875 0.0078125 0.0328125
2 0.425 0.4921875 0.01875 0.05
2 0.32421875 0.5234375 0.0171875 0.05
2 0.55078125 0.4171875 0.0140625 0.046875
2 0.3625 0.490625 0.0125 0.05625
2 0.33046875 0.3734375 0.0109375 0.0375