2 0.81171875 0.52890625 0.0171875 0.0703125
2 0.78671875 0.371875 0.0109375 0.046875
2 0.36875 0.5484375 0.025 0.065625
2 0.596875 0.5109375 0.015625 0.0625
3 0.55 0.40625 0.0125 0.05
2 0.74375 0.309375 0.0125 0.0375
2 0.86640625 0.5125 0.0140625 0.0625
2 0.43203125 0.43203125 0.0140625 0.0546875
2 0.58515625 0.36171875 0.0109375 0.0453125
2 0.4890625 0.446875 0.015625 0.053125
2 0.665625 0.38828125 0.0125 0.0484375
2 0.4609375 0.39765625 0.0125 0.0453125
2 0.8421875 0.39375 0.0125 0.05
2 0.5140625 0.33671875 0.0125 0.0390625
2 0.4265625 0.3171875 0.009375 0.0375
2 0.3296875 0.38203125 0.0125 0.0453125
2 0.2296875 0.44140625 0.0125 0.0515625
2 0.11015625 0.62421875 0.0171875 0.0765625
1 0.21640625 0.35703125 0.0078125 0.0390625
2 0.14375 0.45 0.0125 0.05625