2 0.18828125 0.52890625 0.0171875 0.0703125
2 0.21328125 0.371875 0.0109375 0.046875
2 0.63125 0.5484375 0.025 0.065625
2 0.403125 0.5109375 0.015625 0.0625
3 0.45 0.40625 0.0125 0.05
2 0.25625 0.309375 0.0125 0.0375
2 0.13359375 0.5125 0.0140625 0.0625
2 0.56796875 0.43203125 0.0140625 0.0546875
2 0.41484375 0.36171875 0.0109375 0.0453125
2 0.5109375 0.446875 0.015625 0.053125
2 0.334375 0.38828125 0.0125 0.0484375
2 0.5390625 0.39765625 0.0125 0.0453125
2 0.1578125 0.39375 0.0125 0.05
2 0.4859375 0.33671875 0.0125 0.0390625
2 0.5734375 0.3171875 0.009375 0.0375
2 0.6703125 0.38203125 0.0125 0.0453125
2 0.7703125 0.44140625 0.0125 0.0515625
2 0.88984375 0.62421875 0.0171875 0.0765625
1 0.78359375 0.35703125 0.0078125 0.0390625
2 0.85625 0.45 0.0125 0.05625