2 0.6609375 0.47578125 0.01875 0.0546875
2 0.58828125 0.4578125 0.0109375 0.053125
2 0.690625 0.3671875 0.015625 0.040625
3 0.49453125 0.37578125 0.0109375 0.0453125
2 0.428125 0.42421875 0.015625 0.0515625
2 0.76796875 0.35625 0.0078125 0.04375
2 0.446875 0.35625 0.009375 0.04375
2 0.5828125 0.31875 0.015625 0.0375
2 0.4640625 0.32578125 0.009375 0.0390625
2 0.33125 0.42890625 0.0125 0.0484375
2 0.30078125 0.39921875 0.0171875 0.0515625
2 0.28359375 0.37265625 0.0109375 0.0484375
2 0.60546875 0.35 0.0109375 0.040625
2 0.37734375 0.34921875 0.0109375 0.0421875
2 0.43671875 0.31015625 0.0078125 0.0328125
2 0.30078125 0.33828125 0.0109375 0.0421875
2 0.65 0.34765625 0.009375 0.0421875