2 0.57578125 0.59296875 0.0171875 0.0765625
3 0.53203125 0.42421875 0.0109375 0.0578125
2 0.7125 0.45546875 0.0125 0.0515625
2 0.3796875 0.3984375 0.0125 0.05
2 0.23515625 0.59921875 0.0234375 0.0734375
2 0.3046875 0.51875 0.021875 0.0625
2 0.465625 0.41640625 0.015625 0.0515625
2 0.76171875 0.3375 0.0109375 0.04375
2 0.83046875 0.4421875 0.0140625 0.05625
2 0.5359375 0.2828125 0.009375 0.03125
2 0.628125 0.30078125 0.009375 0.0359375
2 0.44140625 0.4 0.0140625 0.05
2 0.50546875 0.3046875 0.0109375 0.0375
2 0.64765625 0.34765625 0.0109375 0.0484375
2 0.415625 0.36015625 0.009375 0.0484375
1 0.16640625 0.35390625 0.0140625 0.0421875
2 0.45703125 0.325 0.0109375 0.04375
2 0.5 0.37265625 0.0125 0.0453125