2 0.22890625 0.475 0.0140625 0.0625
2 0.31171875 0.359375 0.0109375 0.046875
2 0.26171875 0.4796875 0.0171875 0.0625
2 0.2046875 0.39375 0.015625 0.05625
2 0.4671875 0.4375 0.009375 0.05625
2 0.8109375 0.36875 0.0125 0.05
2 0.41328125 0.45 0.0109375 0.05625
2 0.5671875 0.32421875 0.009375 0.0453125
2 0.42578125 0.35 0.0109375 0.05
2 0.403125 0.41796875 0.009375 0.0546875
2 0.7921875 0.35390625 0.0125 0.0453125
2 0.67421875 0.475 0.0140625 0.0625
2 0.8984375 0.4734375 0.0125 0.0625
2 0.77265625 0.37265625 0.0109375 0.0515625
3 0.6015625 0.34375 0.009375 0.04375