2 0.51171875 0.6546875 0.0203125 0.0875
2 0.1890625 0.5625 0.025 0.08125
2 0.9 0.5546875 0.01875 0.078125
2 0.3375 0.53671875 0.01875 0.0734375
2 0.5640625 0.478125 0.0125 0.065625
2 0.77109375 0.35 0.0140625 0.05
2 0.47421875 0.45625 0.0140625 0.0625
2 0.3625 0.41171875 0.0125 0.0578125
3 0.521875 0.35703125 0.009375 0.0515625
2 0.31875 0.43046875 0.0125 0.0640625
2 0.396875 0.36171875 0.0125 0.0484375
2 0.80625 0.45625 0.0125 0.0625
2 0.45703125 0.36328125 0.0109375 0.0515625
2 0.64453125 0.51015625 0.0140625 0.0640625
2 0.64296875 0.42421875 0.0140625 0.0609375
2 0.7078125 0.29296875 0.0125 0.0390625
2 0.434375 0.33515625 0.009375 0.0453125
0 0.75703125 0.36875 0.0078125 0.0125
2 0.625 0.3453125 0.0125 0.046875
2 0.03359375 0.34453125 0.0109375 0.0515625