2 0.39609375 0.67421875 0.0203125 0.0609375
2 0.46953125 0.63515625 0.0140625 0.0609375
2 0.1515625 0.64296875 0.0125 0.0640625
2 0.48984375 0.6796875 0.0203125 0.0625
2 0.3484375 0.71953125 0.015625 0.0765625
2 0.52109375 0.73125 0.0203125 0.0625
2 0.15625 0.546875 0.0125 0.053125
2 0.1890625 0.50546875 0.0125 0.0484375
2 0.3390625 0.42890625 0.00625 0.0359375
2 0.48359375 0.584375 0.0140625 0.05625
2 0.34453125 0.46328125 0.0078125 0.0359375
2 0.4390625 0.6671875 0.01875 0.0625
2 0.28203125 0.59453125 0.0140625 0.0578125
3 0.41875 0.51171875 0.009375 0.0453125
2 0.35703125 0.58515625 0.0109375 0.0546875
2 0.66953125 0.5859375 0.0140625 0.0625