2 0.6171875 0.690625 0.025 0.09375
2 0.06328125 0.78671875 0.0359375 0.1046875
3 0.51875 0.39296875 0.015625 0.0484375
2 0.30625 0.33515625 0.0125 0.0453125
2 0.4 0.39765625 0.0125 0.0515625
2 0.4234375 0.55625 0.015625 0.075
2 0.2265625 0.46796875 0.015625 0.0546875
2 0.45546875 0.49375 0.0140625 0.0625
2 0.48671875 0.46171875 0.0140625 0.0640625
2 0.44296875 0.36796875 0.0109375 0.0484375
2 0.65078125 0.45546875 0.0140625 0.0640625
2 0.19296875 0.47265625 0.0171875 0.0609375
2 0.2375 0.4046875 0.0125 0.05625
2 0.5734375 0.55703125 0.01875 0.0734375
2 0.80703125 0.46328125 0.0140625 0.0609375
2 0.45703125 0.2734375 0.0109375 0.0375
2 0.35 0.33046875 0.0125 0.0484375
2 0.6859375 0.30625 0.0125 0.04375
2 0.76875 0.5046875 0.0375 0.065625
2 0.76875 0.41796875 0.0125 0.0609375
2 0.64765625 0.34765625 0.0109375 0.0421875