2 0.31015625 0.45078125 0.0140625 0.0609375
2 0.41796875 0.30390625 0.0140625 0.0390625
2 0.28046875 0.4578125 0.0109375 0.0625
2 0.7359375 0.40546875 0.01875 0.0578125
2 0.61640625 0.26328125 0.0078125 0.0328125
1 0.81171875 0.31875 0.0140625 0.04375
2 0.62421875 0.3609375 0.0171875 0.05
2 0.4921875 0.44765625 0.0125 0.0609375
2 0.4421875 0.36171875 0.0125 0.0484375
2 0.15546875 0.35625 0.0109375 0.046875
2 0.19296875 0.3921875 0.0109375 0.05625
2 0.296875 0.36328125 0.009375 0.0484375
2 0.20703125 0.4046875 0.0109375 0.05625
2 0.73125 0.5734375 0.01875 0.08125
2 0.340625 0.30703125 0.009375 0.0390625
2 0.171875 0.34921875 0.009375 0.0515625