2 0.89453125 0.56015625 0.0109375 0.0578125
2 0.76484375 0.47578125 0.0109375 0.0484375
2 0.8015625 0.421875 0.0125 0.0375
2 0.915625 0.49765625 0.0125 0.0515625
2 0.69375 0.44296875 0.0125 0.0421875
2 0.678125 0.41015625 0.009375 0.0359375
2 0.8765625 0.44375 0.0125 0.040625
2 0.94453125 0.44921875 0.0109375 0.0453125
2 0.52109375 0.39765625 0.0109375 0.0359375
2 0.67421875 0.53515625 0.0109375 0.0515625
3 0.9203125 0.4 0.009375 0.0375
2 0.52421875 0.55546875 0.0109375 0.0578125
2 0.46875 0.4421875 0.0125 0.040625
2 0.3875 0.44375 0.0125 0.0375
2 0.3609375 0.4484375 0.009375 0.04375