2 0.65234375 0.434375 0.0140625 0.05625
2 0.6453125 0.50703125 0.025 0.0640625
2 0.83359375 0.4296875 0.0140625 0.05625
2 0.39921875 0.55 0.0234375 0.06875
2 0.9078125 0.57421875 0.01875 0.0734375
2 0.54453125 0.3234375 0.0140625 0.04375
2 0.49453125 0.475 0.0109375 0.0625
2 0.78203125 0.36875 0.0109375 0.05
2 0.62734375 0.3765625 0.0140625 0.046875
2 0.35625 0.41640625 0.0125 0.0515625
3 0.57578125 0.3984375 0.0140625 0.05625
2 0.203125 0.44453125 0.015625 0.0609375
2 0.49453125 0.353125 0.0109375 0.04375
2 0.3265625 0.3171875 0.0125 0.04375
2 0.690625 0.31171875 0.009375 0.0390625
2 0.78984375 0.41640625 0.0140625 0.0609375
2 0.7359375 0.33046875 0.009375 0.0421875
2 0.45 0.34921875 0.009375 0.0421875
2 0.75078125 0.3671875 0.0109375 0.046875