2 0.46875 0.74140625 0.03125 0.0921875
2 0.78671875 0.4859375 0.0140625 0.05625
2 0.3453125 0.38046875 0.0125 0.0421875
2 0.5390625 0.359375 0.00625 0.034375
2 0.178125 0.46015625 0.0125 0.0515625
2 0.6625 0.4796875 0.0125 0.053125
2 0.6078125 0.446875 0.0125 0.053125
2 0.3171875 0.55390625 0.015625 0.0671875
2 0.23359375 0.38046875 0.0109375 0.0421875
2 0.33671875 0.46328125 0.0078125 0.0515625
2 0.65 0.41171875 0.0125 0.0421875
2 0.25703125 0.3984375 0.0109375 0.046875
2 0.45546875 0.3796875 0.0109375 0.040625
2 0.28984375 0.35390625 0.0078125 0.0421875
2 0.26953125 0.34765625 0.0109375 0.0390625
2 0.23984375 0.465625 0.0140625 0.053125
1 0.82109375 0.39296875 0.0109375 0.0453125
2 0.46953125 0.39375 0.0140625 0.04375