2 0.41953125 0.51171875 0.0171875 0.0453125
2 0.31171875 0.55546875 0.0109375 0.0515625
2 0.17890625 0.525 0.0140625 0.05
3 0.46640625 0.45625 0.0109375 0.0375
2 0.22421875 0.54921875 0.0140625 0.0484375
2 0.14453125 0.44765625 0.0078125 0.0390625
2 0.56796875 0.44140625 0.0109375 0.0390625
2 0.59140625 0.5359375 0.0171875 0.05625
2 0.26171875 0.47890625 0.0171875 0.0421875
2 0.61015625 0.45 0.0140625 0.0375
2 0.09296875 0.59765625 0.0140625 0.0546875
2 0.6296875 0.52421875 0.009375 0.0515625
1 0.86015625 0.425 0.0078125 0.03125
2 0.53828125 0.41796875 0.0109375 0.0359375
2 0.4703125 0.51640625 0.015625 0.0390625
2 0.50078125 0.5046875 0.0203125 0.0375
2 0.4484375 0.5796875 0.0125 0.05625
2 0.19765625 0.475 0.0109375 0.04375
2 0.32265625 0.44375 0.0078125 0.0375