2 0.2828125 0.52265625 0.015625 0.0734375
2 0.17578125 0.37578125 0.0171875 0.0546875
2 0.59296875 0.4890625 0.0203125 0.06875
2 0.39296875 0.38046875 0.0140625 0.0515625
3 0.50234375 0.36640625 0.0109375 0.0515625
2 0.23828125 0.32421875 0.0140625 0.0484375
2 0.5828125 0.34296875 0.015625 0.0484375
2 0.6375 0.4515625 0.0125 0.0625
2 0.70625 0.3375 0.0125 0.05
2 0.4609375 0.290625 0.009375 0.040625
2 0.39609375 0.3171875 0.0109375 0.0375
2 0.475 0.3484375 0.0125 0.053125
2 0.53203125 0.3078125 0.0109375 0.04375
2 0.7640625 0.39921875 0.0125 0.0546875
2 0.31796875 0.28203125 0.0078125 0.0328125