2 0.5046875 0.53671875 0.0125 0.0515625
2 0.48828125 0.46015625 0.0109375 0.0421875
2 0.49375 0.49921875 0.0125 0.0453125
2 0.34765625 0.58828125 0.0140625 0.0546875
2 0.28671875 0.46796875 0.0078125 0.0421875
2 0.26953125 0.50390625 0.0109375 0.0453125
2 0.61015625 0.53828125 0.0109375 0.0546875
2 0.29375 0.42421875 0.00625 0.0359375
3 0.4609375 0.45078125 0.00625 0.0421875
2 0.7046875 0.49296875 0.0125 0.0453125
2 0.3453125 0.43203125 0.009375 0.0390625
2 0.68515625 0.421875 0.0109375 0.034375
2 0.39296875 0.41796875 0.0109375 0.0359375
2 0.39921875 0.53203125 0.0109375 0.0515625
2 0.415625 0.46328125 0.00625 0.0421875
2 0.278125 0.46796875 0.009375 0.0421875
2 0.76171875 0.40703125 0.0078125 0.0296875
2 0.534375 0.38515625 0.009375 0.0296875
2 0.275 0.56015625 0.0125 0.0546875
2 0.62421875 0.4984375 0.0140625 0.05