1 0.07109375 0.39765625 0.0078125 0.0359375
2 0.38203125 0.39140625 0.0140625 0.0390625
2 0.69375 0.45390625 0.0125 0.0484375
2 0.51875 0.55625 0.025 0.05
2 0.89453125 0.49921875 0.0109375 0.0546875
2 0.50546875 0.40390625 0.0140625 0.0390625
2 0.56796875 0.35390625 0.0109375 0.0328125
2 0.63828125 0.3875 0.0140625 0.0375
2 0.815625 0.41875 0.0125 0.04375
2 0.31171875 0.42421875 0.0109375 0.0484375
2 0.75859375 0.41796875 0.0140625 0.0453125
2 0.365625 0.48125 0.0125 0.05
2 0.4171875 0.48125 0.0125 0.05
3 0.83828125 0.34296875 0.0078125 0.0359375
2 0.86328125 0.37578125 0.0078125 0.0359375
2 0.85546875 0.40078125 0.0078125 0.0421875
2 0.96171875 0.375 0.0078125 0.03125
2 0.7703125 0.48515625 0.01875 0.0484375
2 0.5 0.44765625 0.0125 0.0484375
2 0.41171875 0.3734375 0.0140625 0.034375
3 0.578125 0.4265625 0.009375 0.040625
2 0.9265625 0.41171875 0.009375 0.0421875
2 0.67734375 0.3484375 0.0109375 0.0375