2 0.34453125 0.47578125 0.0140625 0.0640625
2 0.49296875 0.51015625 0.0140625 0.0640625
2 0.7 0.6625 0.01875 0.09375
2 0.23125 0.4578125 0.015625 0.065625
3 0.38203125 0.4515625 0.0140625 0.0625
2 0.22421875 0.51796875 0.0140625 0.0703125
2 0.41328125 0.45 0.0109375 0.065625
2 0.54375 0.41796875 0.0125 0.0578125
2 0.79375 0.50703125 0.01875 0.0734375
2 0.69765625 0.39453125 0.0140625 0.0515625
2 0.4234375 0.38203125 0.0125 0.0546875
2 0.35078125 0.34765625 0.0109375 0.0484375
2 0.53671875 0.34375 0.0109375 0.04375
2 0.74375 0.35390625 0.0125 0.0515625
2 0.51640625 0.35546875 0.0140625 0.0453125
2 0.290625 0.384375 0.0125 0.05625
2 0.30625 0.37421875 0.0125 0.0515625
2 0.46015625 0.34765625 0.0109375 0.0484375
2 0.275 0.45078125 0.0125 0.0578125
2 0.44765625 0.3015625 0.0109375 0.04375
3 0.98671875 0.8984375 0.0234375 0.125