2 0.77109375 0.475 0.0140625 0.0625
2 0.68828125 0.359375 0.0109375 0.046875
2 0.73828125 0.4796875 0.0171875 0.0625
2 0.7953125 0.39375 0.015625 0.05625
2 0.5328125 0.4375 0.009375 0.05625
2 0.1890625 0.36875 0.0125 0.05
2 0.58671875 0.45 0.0109375 0.05625
2 0.4328125 0.32421875 0.009375 0.0453125
2 0.57421875 0.35 0.0109375 0.05
2 0.596875 0.41796875 0.009375 0.0546875
2 0.2078125 0.35390625 0.0125 0.0453125
2 0.32578125 0.475 0.0140625 0.0625
2 0.1015625 0.4734375 0.0125 0.0625
2 0.22734375 0.37265625 0.0109375 0.0515625
3 0.3984375 0.34375 0.009375 0.04375