2 0.74453125 0.49921875 0.0203125 0.0484375
2 0.771875 0.58671875 0.021875 0.0609375
2 0.3765625 0.49296875 0.015625 0.0484375
2 0.36171875 0.36875 0.0140625 0.03125
2 0.19453125 0.53046875 0.0171875 0.0546875
2 0.290625 0.43671875 0.0125 0.0421875
3 0.4921875 0.43046875 0.015625 0.0390625
2 0.13203125 0.4046875 0.0140625 0.0375
2 0.40390625 0.45546875 0.0109375 0.0453125
2 0.40625 0.4046875 0.009375 0.0375
2 0.61875 0.39453125 0.0125 0.0328125
2 0.18828125 0.446875 0.0109375 0.046875
2 0.63671875 0.4859375 0.0109375 0.05
2 0.56015625 0.43046875 0.0109375 0.0421875
2 0.49296875 0.36953125 0.0078125 0.0328125
2 0.05078125 0.4515625 0.0171875 0.04375
2 0.64140625 0.39765625 0.0109375 0.0390625
2 0.0609375 0.4 0.0125 0.03125
2 0.65625 0.48515625 0.0125 0.0484375