2 0.59921875 0.41328125 0.0203125 0.0578125
2 0.45546875 0.30078125 0.0140625 0.0421875
2 0.56171875 0.34921875 0.0140625 0.0515625
2 0.60546875 0.278125 0.0140625 0.0375
2 0.8375 0.34296875 0.0125 0.0546875
2 0.7703125 0.31640625 0.0125 0.0484375
2 0.72578125 0.47265625 0.0140625 0.0734375
2 0.2375 0.55078125 0.01875 0.0828125
2 0.68203125 0.36328125 0.0140625 0.0578125
2 0.52578125 0.39296875 0.0140625 0.0578125
2 0.3890625 0.2875 0.009375 0.04375
2 0.48203125 0.34296875 0.0109375 0.0515625
2 0.209375 0.38046875 0.0125 0.0578125
2 0.28671875 0.3640625 0.0109375 0.053125
3 0.64296875 0.36015625 0.0109375 0.0546875
2 0.35625 0.41640625 0.0125 0.0609375
2 0.31796875 0.34140625 0.0109375 0.0515625
2 0.53515625 0.325 0.0109375 0.04375
2 0.73046875 0.2875 0.0140625 0.040625
2 0.6234375 0.35078125 0.01875 0.0515625
2 0.26953125 0.35078125 0.0109375 0.0421875