2 0.60390625 0.67421875 0.0203125 0.0609375
2 0.53046875 0.63515625 0.0140625 0.0609375
2 0.8484375 0.64296875 0.0125 0.0640625
2 0.51015625 0.6796875 0.0203125 0.0625
2 0.6515625 0.71953125 0.015625 0.0765625
2 0.47890625 0.73125 0.0203125 0.0625
2 0.84375 0.546875 0.0125 0.053125
2 0.8109375 0.50546875 0.0125 0.0484375
2 0.6609375 0.42890625 0.00625 0.0359375
2 0.51640625 0.584375 0.0140625 0.05625
2 0.65546875 0.46328125 0.0078125 0.0359375
2 0.5609375 0.6671875 0.01875 0.0625
2 0.71796875 0.59453125 0.0140625 0.0578125
3 0.58125 0.51171875 0.009375 0.0453125
2 0.64296875 0.58515625 0.0109375 0.0546875
2 0.33046875 0.5859375 0.0140625 0.0625