1 0.15546875 0.42890625 0.0109375 0.0453125
2 0.30703125 0.4671875 0.0140625 0.0375
2 0.11015625 0.51171875 0.0140625 0.0515625
3 0.51953125 0.47421875 0.0140625 0.0484375
2 0.27265625 0.66015625 0.0171875 0.0671875
2 0.51953125 0.3453125 0.0109375 0.03125
2 0.41015625 0.59296875 0.0171875 0.0546875
2 0.56171875 0.49296875 0.0140625 0.0453125
2 0.35 0.4484375 0.0125 0.04375
2 0.36953125 0.40703125 0.0109375 0.0359375
3 0.415625 0.32265625 0.009375 0.0328125
3 0.8046875 0.83203125 0.01875 0.0828125