2 0.7171875 0.39921875 0.0125 0.0515625
2 0.6171875 0.375 0.0125 0.05
2 0.47421875 0.5859375 0.0296875 0.0625
2 0.7453125 0.5046875 0.0125 0.06875
3 0.53515625 0.49140625 0.0171875 0.0671875
2 0.540625 0.57890625 0.028125 0.0734375
2 0.2875 0.49140625 0.025 0.0609375
3 0.34296875 0.33828125 0.0109375 0.0484375
2 0.7640625 0.45 0.0125 0.06875
2 0.24296875 0.43203125 0.0171875 0.0640625
2 0.2875 0.39296875 0.0125 0.0578125
2 0.41875 0.4671875 0.01875 0.053125
2 0.42265625 0.37421875 0.0140625 0.0515625