2 0.75546875 0.51875 0.0140625 0.0625
2 0.43828125 0.42265625 0.0140625 0.0453125
2 0.64765625 0.4171875 0.0109375 0.05
2 0.43046875 0.34296875 0.0140625 0.0421875
2 0.6859375 0.45 0.0125 0.05625
2 0.54375 0.43515625 0.0125 0.0484375
2 0.80546875 0.61328125 0.0140625 0.0703125
2 0.625 0.5546875 0.0125 0.0625
2 0.48125 0.45625 0.015625 0.05625
2 0.575 0.47265625 0.0125 0.0546875
2 0.19296875 0.44453125 0.0109375 0.0546875
2 0.1671875 0.5875 0.01875 0.06875
2 0.5703125 0.378125 0.009375 0.04375
2 0.42578125 0.50625 0.0140625 0.05625
1 0.8171875 0.37578125 0.009375 0.0484375
2 0.37265625 0.34375 0.0109375 0.040625
2 0.2375 0.46015625 0.0125 0.0609375
2 0.16015625 0.49375 0.0140625 0.059375
3 0.92890625 0.66875 0.0234375 0.075
2 0.65625 0.46953125 0.0125 0.0546875
3 0.0640625 0.30078125 0.0125 0.0390625
2 0.67265625 0.4375 0.0109375 0.05