2 0.18671875 0.52890625 0.0109375 0.0671875
2 0.38125 0.45703125 0.0125 0.0578125
2 0.15703125 0.52421875 0.0140625 0.0671875
3 0.46875 0.41328125 0.0125 0.0578125
2 0.24296875 0.44453125 0.0140625 0.0640625
2 0.6234375 0.3625 0.015625 0.04375
2 0.2671875 0.3953125 0.0125 0.053125
2 0.5859375 0.38125 0.0125 0.05
2 0.31171875 0.35 0.0109375 0.05
2 0.51953125 0.4859375 0.0109375 0.0625
2 0.43125 0.45625 0.0125 0.05625
2 0.35546875 0.31796875 0.0109375 0.0390625
2 0.22890625 0.6734375 0.0171875 0.075
2 0.6140625 0.31171875 0.0125 0.0421875
2 0.33203125 0.3484375 0.0109375 0.04375
2 0.5921875 0.321875 0.0125 0.0375
2 0.49453125 0.36953125 0.0078125 0.0484375
2 0.81171875 0.35 0.0078125 0.05
2 0.80546875 0.4921875 0.0203125 0.0625