2 0.2453125 0.53671875 0.01875 0.0515625
1 0.15546875 0.40078125 0.0109375 0.0421875
2 0.43046875 0.50390625 0.0140625 0.0484375
2 0.2671875 0.45390625 0.0125 0.0484375
2 0.41171875 0.59765625 0.0203125 0.0515625
2 0.3296875 0.440625 0.0125 0.05
2 0.41796875 0.384375 0.0140625 0.040625
2 0.3109375 0.4375 0.0125 0.04375
2 0.484375 0.4296875 0.009375 0.0375
2 0.68828125 0.34375 0.0078125 0.0375
2 0.71953125 0.42421875 0.0109375 0.0453125
2 0.5984375 0.36953125 0.0125 0.0421875
2 0.84296875 0.48125 0.0140625 0.05
2 0.6515625 0.35703125 0.009375 0.0390625
3 0.48828125 0.30703125 0.0078125 0.0296875
2 0.73046875 0.35625 0.0109375 0.0375
2 0.7578125 0.44296875 0.009375 0.0421875
2 0.534375 0.36171875 0.009375 0.0328125
2 0.8375 0.59765625 0.01875 0.0640625