1 0.88203125 0.3734375 0.0109375 0.05
2 0.53671875 0.3046875 0.0109375 0.0375
2 0.42421875 0.57421875 0.0171875 0.0609375
2 0.54453125 0.5546875 0.0171875 0.059375
2 0.44453125 0.296875 0.0109375 0.034375
3 0.30546875 0.43828125 0.0109375 0.0515625
2 0.5421875 0.3625 0.015625 0.04375
2 0.2265625 0.4171875 0.0125 0.05
2 0.63828125 0.31796875 0.0078125 0.0390625
2 0.3546875 0.41875 0.0125 0.046875
2 0.7234375 0.40078125 0.0125 0.0453125
2 0.41953125 0.4046875 0.0109375 0.05
2 0.628125 0.43515625 0.0125 0.0515625
2 0.62421875 0.58515625 0.0140625 0.0578125
2 0.33671875 0.32578125 0.0078125 0.0390625
2 0.77890625 0.46796875 0.0109375 0.0546875
2 0.496875 0.3546875 0.009375 0.04375
2 0.38046875 0.48125 0.0078125 0.05625
2 0.16796875 0.55546875 0.0140625 0.0671875
3 0.23828125 0.26953125 0.0109375 0.0328125
2 0.56796875 0.48671875 0.0109375 0.0484375
2 0.14375 0.5484375 0.0125 0.0625
2 0.3046875 0.5921875 0.0125 0.06875
3 0.95390625 0.65625 0.0203125 0.06875