2 0.23671875 0.57578125 0.0234375 0.0671875
2 0.47890625 0.4046875 0.0171875 0.04375
2 0.3125 0.41796875 0.0125 0.0453125
2 0.63671875 0.33046875 0.0109375 0.0359375
2 0.46171875 0.46171875 0.0140625 0.0484375
2 0.6953125 0.39375 0.009375 0.04375
3 0.53828125 0.41796875 0.0140625 0.0484375
2 0.3890625 0.36328125 0.0125 0.0421875
2 0.5125 0.353125 0.0125 0.04375
1 0.0359375 0.4078125 0.01875 0.046875
2 0.6125 0.3171875 0.009375 0.040625
2 0.5671875 0.33203125 0.009375 0.0328125
2 0.71875 0.4171875 0.0125 0.04375
2 0.50078125 0.43125 0.0140625 0.04375
2 0.4671875 0.68828125 0.021875 0.0734375
2 0.19375 0.4796875 0.01875 0.04375
2 0.85078125 0.37265625 0.0140625 0.0453125
2 0.475 0.3421875 0.0125 0.0375
2 0.86953125 0.4625 0.0109375 0.05
2 0.21171875 0.43671875 0.0140625 0.0484375
3 0.39140625 0.296875 0.0109375 0.0375