2 0.38984375 0.36328125 0.0109375 0.0421875
2 0.26328125 0.39296875 0.0109375 0.0453125
2 0.1453125 0.4546875 0.0125 0.05625
2 0.28671875 0.3875 0.0109375 0.04375
3 0.5328125 0.425 0.0125 0.05
1 0.16171875 0.38828125 0.0109375 0.0484375
2 0.453125 0.5546875 0.009375 0.0625
2 0.39453125 0.44765625 0.0109375 0.0515625
2 0.43203125 0.465625 0.0109375 0.053125
2 0.515625 0.646875 0.015625 0.06875
2 0.33671875 0.42421875 0.0078125 0.0484375
2 0.93984375 0.509375 0.0140625 0.059375
2 0.5328125 0.35390625 0.0125 0.0421875
2 0.5 0.38125 0.0125 0.04375
2 0.21171875 0.375 0.0078125 0.04375
2 0.30625 0.5578125 0.01875 0.059375
3 0.9015625 0.3046875 0.0125 0.0375
2 0.31953125 0.42265625 0.0109375 0.0546875
2 0.88828125 0.49375 0.0109375 0.0625