1 0.84453125 0.42890625 0.0109375 0.0453125
2 0.69296875 0.4671875 0.0140625 0.0375
2 0.88984375 0.51171875 0.0140625 0.0515625
3 0.48046875 0.47421875 0.0140625 0.0484375
2 0.72734375 0.66015625 0.0171875 0.0671875
2 0.48046875 0.3453125 0.0109375 0.03125
2 0.58984375 0.59296875 0.0171875 0.0546875
2 0.43828125 0.49296875 0.0140625 0.0453125
2 0.65 0.4484375 0.0125 0.04375
2 0.63046875 0.40703125 0.0109375 0.0359375
3 0.584375 0.32265625 0.009375 0.0328125
3 0.1953125 0.83203125 0.01875 0.0828125