2 0.41171875 0.41875 0.0109375 0.0375
2 0.3421875 0.53828125 0.01875 0.0578125
2 0.48125 0.534375 0.0125 0.05625
1 0.14765625 0.44296875 0.0109375 0.0515625
2 0.56953125 0.46328125 0.0171875 0.0421875
2 0.36875 0.4625 0.0125 0.04375
3 0.51328125 0.5875 0.0140625 0.065625
2 0.30703125 0.5765625 0.0140625 0.05625
2 0.28046875 0.56796875 0.0109375 0.0609375
2 0.43671875 0.48203125 0.0109375 0.0484375
2 0.62890625 0.5703125 0.0171875 0.05625
2 0.3859375 0.43125 0.0125 0.04375
2 0.58828125 0.55546875 0.0140625 0.0578125
2 0.65546875 0.5375 0.0234375 0.05
2 0.4515625 0.48125 0.0125 0.053125
3 0.8875 0.91640625 0.01875 0.0921875
2 0.58046875 0.41875 0.0109375 0.046875
2 0.84375 0.68203125 0.025 0.0734375
2 0.7578125 0.690625 0.021875 0.071875
2 0.86171875 0.55546875 0.0140625 0.0484375