2 0.61015625 0.36328125 0.0109375 0.0421875
2 0.73671875 0.39296875 0.0109375 0.0453125
2 0.8546875 0.4546875 0.0125 0.05625
2 0.71328125 0.3875 0.0109375 0.04375
3 0.4671875 0.425 0.0125 0.05
1 0.83828125 0.38828125 0.0109375 0.0484375
2 0.546875 0.5546875 0.009375 0.0625
2 0.60546875 0.44765625 0.0109375 0.0515625
2 0.56796875 0.465625 0.0109375 0.053125
2 0.484375 0.646875 0.015625 0.06875
2 0.66328125 0.42421875 0.0078125 0.0484375
2 0.06015625 0.509375 0.0140625 0.059375
2 0.4671875 0.35390625 0.0125 0.0421875
2 0.5 0.38125 0.0125 0.04375
2 0.78828125 0.375 0.0078125 0.04375
2 0.69375 0.5578125 0.01875 0.059375
3 0.0984375 0.3046875 0.0125 0.0375
2 0.68046875 0.42265625 0.0109375 0.0546875
2 0.11171875 0.49375 0.0109375 0.0625