2 0.36328125 0.3625 0.0109375 0.046875
2 0.54453125 0.440625 0.0171875 0.059375
2 0.4125 0.59453125 0.01875 0.0796875
2 0.2328125 0.425 0.0125 0.0625
2 0.75625 0.4046875 0.015625 0.059375
2 0.28828125 0.37890625 0.0109375 0.0515625
3 0.5203125 0.46875 0.015625 0.0625
2 0.79296875 0.49296875 0.0171875 0.0671875
2 0.59453125 0.42890625 0.0109375 0.0578125
2 0.2375 0.484375 0.01875 0.071875
2 0.20234375 0.41875 0.0140625 0.05625
2 0.46875 0.36953125 0.01875 0.0453125
2 0.66171875 0.3765625 0.0140625 0.053125
2 0.403125 0.36328125 0.0125 0.0453125
2 0.4203125 0.4 0.0125 0.05625
2 0.69375 0.4078125 0.0125 0.05625
2 0.64296875 0.37265625 0.0140625 0.0515625
2 0.43359375 0.5734375 0.0140625 0.071875
3 0.65703125 0.31953125 0.0109375 0.0484375