2 0.2546875 0.41171875 0.009375 0.0421875
2 0.18828125 0.534375 0.0140625 0.05625
3 0.4171875 0.49296875 0.0125 0.0515625
2 0.1609375 0.4671875 0.009375 0.04375
2 0.23046875 0.59921875 0.0140625 0.0578125
2 0.73828125 0.59921875 0.0203125 0.0515625
2 0.79609375 0.50703125 0.0203125 0.0484375
2 0.4453125 0.44375 0.00625 0.040625
1 0.88203125 0.45625 0.0140625 0.05
2 0.16953125 0.53828125 0.0109375 0.0546875
2 0.51484375 0.40078125 0.0109375 0.0390625
2 0.41171875 0.54296875 0.0109375 0.0515625
2 0.71875 0.58828125 0.0125 0.0515625
0 0.79375 0.56796875 0.00625 0.0109375
2 0.54609375 0.525 0.0109375 0.05
2 0.43359375 0.54921875 0.0109375 0.0515625
2 0.684375 0.609375 0.0125 0.05625
3 0.13046875 0.85390625 0.0171875 0.0828125
2 0.6328125 0.41796875 0.0125 0.0421875
2 0.6078125 0.45390625 0.0125 0.0390625
2 0.22734375 0.403125 0.0078125 0.0375
2 0.41953125 0.46953125 0.0109375 0.0421875
2 0.55234375 0.6671875 0.0171875 0.0625