1 0.11796875 0.3734375 0.0109375 0.05
2 0.46328125 0.3046875 0.0109375 0.0375
2 0.57578125 0.57421875 0.0171875 0.0609375
2 0.45546875 0.5546875 0.0171875 0.059375
2 0.55546875 0.296875 0.0109375 0.034375
3 0.69453125 0.43828125 0.0109375 0.0515625
2 0.4578125 0.3625 0.015625 0.04375
2 0.7734375 0.4171875 0.0125 0.05
2 0.36171875 0.31796875 0.0078125 0.0390625
2 0.6453125 0.41875 0.0125 0.046875
2 0.2765625 0.40078125 0.0125 0.0453125
2 0.58046875 0.4046875 0.0109375 0.05
2 0.371875 0.43515625 0.0125 0.0515625
2 0.37578125 0.58515625 0.0140625 0.0578125
2 0.66328125 0.32578125 0.0078125 0.0390625
2 0.22109375 0.46796875 0.0109375 0.0546875
2 0.503125 0.3546875 0.009375 0.04375
2 0.61953125 0.48125 0.0078125 0.05625
2 0.83203125 0.55546875 0.0140625 0.0671875
3 0.76171875 0.26953125 0.0109375 0.0328125
2 0.43203125 0.48671875 0.0109375 0.0484375
2 0.85625 0.5484375 0.0125 0.0625
2 0.6953125 0.5921875 0.0125 0.06875
3 0.04609375 0.65625 0.0203125 0.06875