2 0.2265625 0.5203125 0.015625 0.05
2 0.28203125 0.52421875 0.0171875 0.0578125
2 0.49375 0.51875 0.0125 0.05
2 0.41171875 0.4625 0.0109375 0.05
1 0.240625 0.3921875 0.0125 0.04375
2 0.30390625 0.51640625 0.0140625 0.0484375
3 0.478125 0.4859375 0.015625 0.05
2 0.61875 0.36953125 0.0125 0.0421875
2 0.71640625 0.3625 0.0109375 0.04375
2 0.375 0.40625 0.0125 0.04375
2 0.1609375 0.59921875 0.015625 0.0578125
2 0.6640625 0.384375 0.009375 0.040625
2 0.70078125 0.4578125 0.0140625 0.05
2 0.77890625 0.36875 0.0109375 0.0375
2 0.753125 0.46953125 0.0125 0.0515625
2 0.28515625 0.4515625 0.0140625 0.04375
2 0.78671875 0.50078125 0.0109375 0.0546875
2 0.51953125 0.3671875 0.0078125 0.0375
2 0.8890625 0.43828125 0.0125 0.0484375
2 0.33671875 0.41875 0.0203125 0.0375
2 0.78515625 0.59453125 0.0171875 0.0640625
3 0.53203125 0.30078125 0.0078125 0.0328125
3 0.9328125 0.846875 0.015625 0.084375