2 0.52421875 0.44296875 0.0171875 0.0578125
2 0.590625 0.43203125 0.01875 0.0546875
2 0.646875 0.41953125 0.01875 0.0515625
2 0.45625 0.5765625 0.01875 0.075
2 0.80234375 0.51640625 0.0140625 0.0703125
2 0.48359375 0.57421875 0.0171875 0.0703125
3 0.49375 0.4609375 0.0125 0.0625
2 0.621875 0.3609375 0.0125 0.05
2 0.35625 0.36171875 0.0125 0.0484375
2 0.66328125 0.3671875 0.0140625 0.05625
2 0.73203125 0.41875 0.0140625 0.059375
2 0.2578125 0.4234375 0.0125 0.0625
2 0.5328125 0.3609375 0.0125 0.05
2 0.2640625 0.4875 0.0125 0.071875
2 0.3078125 0.36953125 0.009375 0.0546875
2 0.23125 0.421875 0.009375 0.05625
2 0.44609375 0.4 0.0140625 0.05
3 0.66953125 0.3359375 0.0140625 0.046875