2 0.90234375 0.5375 0.0140625 0.05625
2 0.61328125 0.71875 0.0171875 0.078125
2 0.8625 0.4359375 0.0125 0.05
2 0.88125 0.59140625 0.015625 0.0640625
2 0.70859375 0.45390625 0.0109375 0.0515625
2 0.84296875 0.409375 0.0109375 0.05
2 0.49296875 0.4796875 0.0109375 0.05
1 0.1046875 0.39453125 0.0125 0.0515625
2 0.78046875 0.63671875 0.0140625 0.0640625
2 0.39453125 0.39375 0.0109375 0.04375
2 0.52109375 0.3484375 0.0109375 0.04375
2 0.44296875 0.29453125 0.0078125 0.0421875
2 0.31484375 0.3765625 0.0109375 0.040625
2 0.0890625 0.53125 0.0125 0.0625
2 0.32421875 0.4265625 0.0109375 0.0375
2 0.7765625 0.325 0.009375 0.04375
2 0.28984375 0.38203125 0.0109375 0.0453125
3 0.63828125 0.40703125 0.0109375 0.0515625