2 0.63671875 0.46328125 0.0078125 0.0515625
2 0.671875 0.478125 0.0125 0.04375
2 0.68828125 0.609375 0.0171875 0.0625
1 0.88203125 0.4296875 0.0109375 0.0375
2 0.50546875 0.49140625 0.0109375 0.0421875
2 0.59296875 0.51171875 0.0140625 0.0515625
2 0.13515625 0.55390625 0.0140625 0.0609375
2 0.465625 0.4734375 0.015625 0.040625
2 0.31640625 0.625 0.0140625 0.0625
2 0.4 0.49765625 0.0125 0.0484375
2 0.7015625 0.546875 0.0125 0.053125
2 0.33125 0.59140625 0.0125 0.0578125
2 0.175 0.64375 0.0125 0.0625
2 0.21015625 0.51328125 0.0109375 0.0515625
2 0.34140625 0.40078125 0.0078125 0.0359375
3 0.3640625 0.475 0.009375 0.05
3 0.89375 0.72265625 0.01875 0.0734375
2 0.525 0.55546875 0.01875 0.0578125
2 0.34453125 0.43203125 0.0140625 0.0390625
2 0.16328125 0.45546875 0.0140625 0.0484375
3 0.17578125 0.33671875 0.0078125 0.0328125