2 0.7546875 0.53671875 0.01875 0.0515625
1 0.84453125 0.40078125 0.0109375 0.0421875
2 0.56953125 0.50390625 0.0140625 0.0484375
2 0.7328125 0.45390625 0.0125 0.0484375
2 0.58828125 0.59765625 0.0203125 0.0515625
2 0.6703125 0.440625 0.0125 0.05
2 0.58203125 0.384375 0.0140625 0.040625
2 0.6890625 0.4375 0.0125 0.04375
2 0.515625 0.4296875 0.009375 0.0375
2 0.31171875 0.34375 0.0078125 0.0375
2 0.28046875 0.42421875 0.0109375 0.0453125
2 0.4015625 0.36953125 0.0125 0.0421875
2 0.15703125 0.48125 0.0140625 0.05
2 0.3484375 0.35703125 0.009375 0.0390625
3 0.51171875 0.30703125 0.0078125 0.0296875
2 0.26953125 0.35625 0.0109375 0.0375
2 0.2421875 0.44296875 0.009375 0.0421875
2 0.465625 0.36171875 0.009375 0.0328125
2 0.1625 0.59765625 0.01875 0.0640625