2 0.7796875 0.34140625 0.0125 0.0421875
2 0.46015625 0.69453125 0.0203125 0.0765625
2 0.8625 0.478125 0.0125 0.059375
1 0.859375 0.38671875 0.009375 0.0484375
2 0.14140625 0.43671875 0.0109375 0.0546875
2 0.72578125 0.41796875 0.0109375 0.0484375
2 0.56171875 0.34453125 0.0078125 0.0421875
2 0.09765625 0.48828125 0.0109375 0.0578125
2 0.36875 0.32265625 0.0125 0.0421875
3 0.40546875 0.42578125 0.0078125 0.0515625
2 0.44296875 0.52421875 0.0140625 0.0578125
2 0.6515625 0.3609375 0.009375 0.04375
2 0.17890625 0.6203125 0.0203125 0.071875
2 0.4671875 0.58671875 0.0125 0.0671875
2 0.4609375 0.36875 0.009375 0.04375
2 0.690625 0.425 0.009375 0.05
2 0.11171875 0.4859375 0.0140625 0.0625
2 0.43125 0.56640625 0.01875 0.0640625
2 0.5875 0.49921875 0.0125 0.0546875