2 0.7015625 0.3890625 0.015625 0.040625
2 0.8296875 0.478125 0.0125 0.059375
2 0.77890625 0.39140625 0.0140625 0.0453125
2 0.51328125 0.4359375 0.0109375 0.05
2 0.79296875 0.55546875 0.0140625 0.0609375
2 0.35078125 0.55390625 0.0140625 0.0578125
2 0.8671875 0.4375 0.0125 0.05
2 0.5859375 0.51953125 0.0125 0.0609375
2 0.5484375 0.525 0.0125 0.059375
2 0.875 0.496875 0.0125 0.05625
2 0.36328125 0.415625 0.0109375 0.05
2 0.30625 0.55546875 0.0125 0.0734375
2 0.29375 0.41875 0.0125 0.05625
2 0.23046875 0.484375 0.0109375 0.059375
3 0.55625 0.46640625 0.0125 0.0515625
2 0.49140625 0.55546875 0.0140625 0.0609375
2 0.5671875 0.44296875 0.0125 0.0515625
2 0.3390625 0.48125 0.0125 0.05
3 0.43828125 0.32421875 0.0109375 0.0421875
1 0.02421875 0.44921875 0.0140625 0.0546875
3 0.88203125 0.9578125 0.0234375 0.08125