2 0.58828125 0.5921875 0.0140625 0.0625
2 0.40078125 0.7078125 0.0203125 0.075
2 0.734375 0.5171875 0.015625 0.05625
2 0.59765625 0.4671875 0.0109375 0.05
2 0.56875 0.4296875 0.0125 0.0375
2 0.8078125 0.54375 0.015625 0.05625
2 0.296875 0.3765625 0.0125 0.0375
2 0.6171875 0.5515625 0.0125 0.059375
2 0.75078125 0.5890625 0.0140625 0.059375
2 0.76015625 0.4734375 0.0109375 0.05
2 0.61953125 0.39140625 0.0109375 0.0421875
2 0.73828125 0.6421875 0.0140625 0.0625
3 0.23671875 0.33046875 0.0078125 0.0359375
2 0.4421875 0.53046875 0.01875 0.0546875
2 0.45546875 0.49453125 0.0140625 0.0484375
3 0.98515625 0.72578125 0.0234375 0.0703125
2 0.30390625 0.6453125 0.0140625 0.065625
2 0.184375 0.58046875 0.0125 0.0640625
2 0.23125 0.5984375 0.0125 0.059375
3 0.47265625 0.48046875 0.0171875 0.0453125
2 0.22265625 0.475 0.0109375 0.05
2 0.24140625 0.46796875 0.0109375 0.0390625
1 0.9234375 0.43203125 0.0125 0.0453125