2 0.7453125 0.41171875 0.009375 0.0421875
2 0.81171875 0.534375 0.0140625 0.05625
3 0.5828125 0.49296875 0.0125 0.0515625
2 0.8390625 0.4671875 0.009375 0.04375
2 0.76953125 0.59921875 0.0140625 0.0578125
2 0.26171875 0.59921875 0.0203125 0.0515625
2 0.20390625 0.50703125 0.0203125 0.0484375
2 0.5546875 0.44375 0.00625 0.040625
1 0.11796875 0.45625 0.0140625 0.05
2 0.83046875 0.53828125 0.0109375 0.0546875
2 0.48515625 0.40078125 0.0109375 0.0390625
2 0.58828125 0.54296875 0.0109375 0.0515625
2 0.28125 0.58828125 0.0125 0.0515625
0 0.20625 0.56796875 0.00625 0.0109375
2 0.45390625 0.525 0.0109375 0.05
2 0.56640625 0.54921875 0.0109375 0.0515625
2 0.315625 0.609375 0.0125 0.05625
3 0.86953125 0.85390625 0.0171875 0.0828125
2 0.3671875 0.41796875 0.0125 0.0421875
2 0.3921875 0.45390625 0.0125 0.0390625
2 0.77265625 0.403125 0.0078125 0.0375
2 0.58046875 0.46953125 0.0109375 0.0421875
2 0.44765625 0.6671875 0.0171875 0.0625