2 0.27421875 0.546875 0.0140625 0.059375
2 0.22109375 0.52578125 0.0140625 0.0515625
2 0.2890625 0.475 0.00625 0.05
2 0.56484375 0.759375 0.0140625 0.078125
2 0.17421875 0.625 0.0140625 0.0625
3 0.515625 0.49921875 0.01875 0.0484375
2 0.42734375 0.421875 0.0109375 0.04375
2 0.65 0.6 0.0125 0.05625
2 0.3546875 0.62578125 0.015625 0.0640625
2 0.44453125 0.59765625 0.0140625 0.0546875
2 0.38671875 0.3921875 0.0078125 0.04375
1 0.0109375 0.46171875 0.0125 0.0484375
2 0.425 0.47578125 0.0125 0.0453125
2 0.61796875 0.44921875 0.0140625 0.0453125
2 0.56484375 0.4625 0.0109375 0.04375
2 0.4015625 0.72890625 0.0125 0.0734375
2 0.70859375 0.55546875 0.0140625 0.0578125
3 0.04453125 0.759375 0.0203125 0.078125
2 0.7625 0.43125 0.0125 0.04375
2 0.6390625 0.72578125 0.025 0.0578125
2 0.42734375 0.70703125 0.0171875 0.0671875
2 0.81953125 0.5859375 0.0171875 0.059375
3 0.73359375 0.33046875 0.0109375 0.0359375
2 0.7828125 0.45546875 0.0125 0.0484375
0 0.43671875 0.7625 0.0078125 0.0125