2 0.24453125 0.51875 0.0140625 0.0625
2 0.56171875 0.42265625 0.0140625 0.0453125
2 0.35234375 0.4171875 0.0109375 0.05
2 0.56953125 0.34296875 0.0140625 0.0421875
2 0.3140625 0.45 0.0125 0.05625
2 0.45625 0.43515625 0.0125 0.0484375
2 0.19453125 0.61328125 0.0140625 0.0703125
2 0.375 0.5546875 0.0125 0.0625
2 0.51875 0.45625 0.015625 0.05625
2 0.425 0.47265625 0.0125 0.0546875
2 0.80703125 0.44453125 0.0109375 0.0546875
2 0.8328125 0.5875 0.01875 0.06875
2 0.4296875 0.378125 0.009375 0.04375
2 0.57421875 0.50625 0.0140625 0.05625
1 0.1828125 0.37578125 0.009375 0.0484375
2 0.62734375 0.34375 0.0109375 0.040625
2 0.7625 0.46015625 0.0125 0.0609375
2 0.83984375 0.49375 0.0140625 0.059375
3 0.07109375 0.66875 0.0234375 0.075
2 0.34375 0.46953125 0.0125 0.0546875
3 0.9359375 0.30078125 0.0125 0.0390625
2 0.32734375 0.4375 0.0109375 0.05