2 0.72578125 0.546875 0.0140625 0.059375
2 0.77890625 0.52578125 0.0140625 0.0515625
2 0.7109375 0.475 0.00625 0.05
2 0.43515625 0.759375 0.0140625 0.078125
2 0.82578125 0.625 0.0140625 0.0625
3 0.484375 0.49921875 0.01875 0.0484375
2 0.57265625 0.421875 0.0109375 0.04375
2 0.35 0.6 0.0125 0.05625
2 0.6453125 0.62578125 0.015625 0.0640625
2 0.55546875 0.59765625 0.0140625 0.0546875
2 0.61328125 0.3921875 0.0078125 0.04375
1 0.9890625 0.46171875 0.0125 0.0484375
2 0.575 0.47578125 0.0125 0.0453125
2 0.38203125 0.44921875 0.0140625 0.0453125
2 0.43515625 0.4625 0.0109375 0.04375
2 0.5984375 0.72890625 0.0125 0.0734375
2 0.29140625 0.55546875 0.0140625 0.0578125
3 0.95546875 0.759375 0.0203125 0.078125
2 0.2375 0.43125 0.0125 0.04375
2 0.3609375 0.72578125 0.025 0.0578125
2 0.57265625 0.70703125 0.0171875 0.0671875
2 0.18046875 0.5859375 0.0171875 0.059375
3 0.26640625 0.33046875 0.0109375 0.0359375
2 0.2171875 0.45546875 0.0125 0.0484375
0 0.56328125 0.7625 0.0078125 0.0125