2 0.5671875 0.76171875 0.025 0.0703125
1 0.86796875 0.45078125 0.0109375 0.0421875
2 0.65703125 0.71796875 0.0234375 0.0765625
2 0.46875 0.734375 0.025 0.075
2 0.8015625 0.58203125 0.015625 0.0578125
2 0.58515625 0.7015625 0.0234375 0.071875
2 0.7671875 0.67421875 0.01875 0.0578125
2 0.73671875 0.51171875 0.0140625 0.0515625
2 0.76171875 0.56171875 0.0140625 0.0609375
2 0.53828125 0.4125 0.0078125 0.0375
2 0.565625 0.64765625 0.015625 0.0640625
2 0.58671875 0.41875 0.0109375 0.0375
2 0.44375 0.54296875 0.01875 0.0546875
2 0.29140625 0.39765625 0.0109375 0.0359375
3 0.50625 0.51953125 0.0125 0.0515625
2 0.46171875 0.5484375 0.0171875 0.05