2 0.2265625 0.51640625 0.015625 0.0671875
2 0.31171875 0.403125 0.0109375 0.05625
2 0.1796875 0.5546875 0.01875 0.0625
2 0.2234375 0.71640625 0.01875 0.0828125
2 0.37578125 0.4296875 0.0109375 0.05625
2 0.26328125 0.43046875 0.0109375 0.0609375
2 0.50703125 0.44921875 0.0109375 0.0609375
2 0.62890625 0.46171875 0.0140625 0.0609375
2 0.2359375 0.45703125 0.0125 0.0609375
3 0.4703125 0.40625 0.009375 0.05625
2 0.58671875 0.38046875 0.0140625 0.0515625
2 0.33125 0.35703125 0.0125 0.0515625
2 0.40390625 0.44375 0.0078125 0.05625
2 0.53203125 0.3375 0.0109375 0.04375
2 0.69453125 0.36171875 0.0109375 0.0484375
3 0.3625 0.26796875 0.0125 0.0359375
2 0.7546875 0.36171875 0.0125 0.0484375
2 0.484375 0.38125 0.009375 0.05
2 0.5921875 0.29921875 0.0125 0.0359375
2 0.353125 0.32890625 0.009375 0.0453125
3 0.9171875 0.84140625 0.01875 0.0953125