2 0.25078125 0.59453125 0.0203125 0.0609375
2 0.21171875 0.49375 0.0171875 0.05625
2 0.54296875 0.54765625 0.0203125 0.0546875
2 0.42578125 0.48828125 0.0140625 0.0515625
2 0.69453125 0.3875 0.0140625 0.0375
2 0.7703125 0.52421875 0.015625 0.0609375
2 0.7609375 0.41640625 0.015625 0.0453125
2 0.25 0.50625 0.0125 0.05625
2 0.565625 0.48671875 0.015625 0.0484375
2 0.38046875 0.6171875 0.0203125 0.0625
2 0.6375 0.66015625 0.01875 0.0671875
2 0.34296875 0.371875 0.0109375 0.0375
2 0.8390625 0.53203125 0.015625 0.0546875
2 0.20625 0.44140625 0.0125 0.0453125
2 0.4296875 0.38203125 0.0125 0.0390625
2 0.18125 0.4609375 0.0125 0.05
3 0.46875 0.484375 0.009375 0.053125
2 0.4921875 0.4296875 0.0125 0.04375
2 0.61171875 0.53515625 0.0140625 0.0546875
2 0.7796875 0.61875 0.0125 0.06875
2 0.46796875 0.4265625 0.0109375 0.040625
1 0.15078125 0.4125 0.0078125 0.04375
3 0.4265625 0.30390625 0.009375 0.0328125
0 0.61796875 0.496875 0.0046875 0.0125