1 0.88671875 0.41328125 0.0078125 0.0484375
3 0.41953125 0.41875 0.0078125 0.05
2 0.71171875 0.4359375 0.0109375 0.05
2 0.66796875 0.39375 0.0109375 0.04375
2 0.4375 0.34296875 0.009375 0.0359375
2 0.690625 0.41015625 0.0125 0.0484375
2 0.50625 0.4375 0.0125 0.05
2 0.6734375 0.53671875 0.0125 0.0578125
2 0.5671875 0.4421875 0.0125 0.05
2 0.51953125 0.38046875 0.0109375 0.0421875
2 0.509375 0.3875 0.0125 0.0375
2 0.5359375 0.33203125 0.0125 0.0328125
2 0.45546875 0.3328125 0.0109375 0.03125
2 0.6984375 0.5625 0.0125 0.0625
2 0.41328125 0.3671875 0.0109375 0.0375