0 0.653125 0.30625 0.00859375 0.01796875
3 0.0171875 0.20546875 0.03125 0.1015625
3 0.32265625 0.45859375 0.0265625 0.125
2 0.05859375 0.284375 0.0390625 0.0984375
2 0.07265625 0.4765625 0.0265625 0.1390625
2 0.2046875 0.73828125 0.03125 0.153125
2 0.26484375 0.87421875 0.04375 0.16875
2 0.509375 0.5375 0.034375 0.13515625
2 0.59140625 0.528125 0.0328125 0.13125
2 0.2671875 0.25234375 0.021875 0.0984375
2 0.38984375 0.2640625 0.028125 0.0875
2 0.478125 0.24609375 0.02265625 0.10078125
2 0.48203125 0.32578125 0.0296875 0.096875
2 0.68359375 0.32109375 0.028125 0.096875
2 0.93984375 0.4203125 0.028125 0.1265625