2 0.94609375 0.4765625 0.04453125 0.1328125
2 0.9296875 0.28359375 0.03046875 0.09921875
2 0.7640625 0.25625 0.0234375 0.09765625
2 0.83984375 0.73125 0.03984375 0.16015625
2 0.79140625 0.87421875 0.0375 0.1703125
2 0.52734375 0.52265625 0.03125 0.134375
2 0.6109375 0.26484375 0.02265625 0.0875
2 0.55390625 0.24765625 0.02890625 0.1
2 0.475 0.3125 0.04140625 0.10078125
2 0.44375 0.515625 0.03046875 0.13515625
2 0.3375 0.31796875 0.0359375 0.10234375
2 0.075 0.421875 0.03984375 0.1390625
3 0.70625 0.46328125 0.02890625 0.12578125
3 0.98828125 0.203125 0.02265625 0.10546875
2 0.03984375 0.6796875 0.02890625 0.16171875
0 0.32578125 0.35546875 0.0078125 0.0125
0 0.84453125 0.6734375 0.01328125 0.00234375
0 0.84375 0.67578125 0.01484375 0.0078125