2 0.96328125 0.46796875 0.03984375 0.134375
2 0.93203125 0.27109375 0.02578125 0.10234375
2 0.80234375 0.25390625 0.025 0.10390625
2 0.6390625 0.25625 0.028125 0.090625
2 0.575 0.50078125 0.03671875 0.13515625
2 0.89296875 0.72578125 0.02421875 0.16796875
2 0.853125 0.8640625 0.0375 0.16171875
2 0.45546875 0.3140625 0.03359375 0.0984375
2 0.4859375 0.5015625 0.03203125 0.13125
2 0.6 0.24140625 0.021875 0.10703125
2 0.36953125 0.30859375 0.03046875 0.10234375
2 0.12578125 0.41328125 0.03203125 0.12578125
2 0.09765625 0.665625 0.0359375 0.16875
3 0.74921875 0.45859375 0.03046875 0.12421875
0 0.35703125 0.3515625 0.009375 0.01796875