2 0.01328125 0.45 0.0265625 0.134375
2 0.0359375 0.2609375 0.034375 0.1
2 0.1390625 0.2453125 0.021875 0.10546875
2 0.30859375 0.24609375 0.02265625 0.0890625
2 0.359375 0.471875 0.03671875 0.12734375
2 0.32734375 0.228125 0.01953125 0.0890625
2 0.0390625 0.70390625 0.03125 0.15234375
2 0.4484375 0.4828125 0.0234375 0.12734375
2 0.5421875 0.30234375 0.0453125 0.103125
2 0.05 0.85546875 0.0265625 0.178125
2 0.5828125 0.3 0.025 0.1
2 0.81015625 0.3984375 0.025 0.11484375
2 0.8265625 0.6484375 0.0328125 0.15234375
3 0.1796875 0.4484375 0.03125 0.13671875
0 0.7125 0.33359375 0.01015625 0.0171875