2 0.0140625 0.47578125 0.028125 0.1265625
2 0.21953125 0.42265625 0.02109375 0.10625
2 0.2390625 0.2609375 0.03515625 0.08046875
2 0.36484375 0.13125 0.0203125 0.07109375
2 0.36796875 0.40078125 0.02265625 0.109375
2 0.1359375 0.35390625 0.01875 0.1078125
2 0.46171875 0.59609375 0.028125 0.13359375
2 0.1515625 0.35078125 0.01796875 0.09921875
2 0.59375 0.4421875 0.0359375 0.09609375
2 0.71875 0.33515625 0.0265625 0.0859375
2 0.6109375 0.43984375 0.0203125 0.09296875
3 0.31484375 0.50390625 0.0296875 0.11171875
3 0.36171875 0.084375 0.0171875 0.06328125
2 0.8015625 0.39921875 0.021875 0.10078125
2 0.85390625 0.58046875 0.025 0.1265625
2 0.80234375 0.72890625 0.0328125 0.14609375
2 0.95625 0.81953125 0.03359375 0.165625
0 0.5625 0.4078125 0.0109375 0.02265625