2 0.04296875 0.5359375 0.025 0.1265625
2 0.16328125 0.43203125 0.02421875 0.1140625
2 0.19140625 0.43359375 0.028125 0.10390625
2 0.38515625 0.3 0.03203125 0.084375
2 0.29609375 0.47890625 0.0265625 0.1140625
2 0.44140625 0.46875 0.025 0.115625
2 0.4640625 0.67578125 0.0375 0.14375
3 0.41015625 0.5609375 0.03671875 0.10859375
3 0.421875 0.1546875 0.021875 0.06796875
2 0.48984375 0.2296875 0.025 0.06953125
0 0.515625 0.36171875 0.01015625 0.01640625
2 0.82890625 0.41640625 0.0203125 0.09375
2 0.690625 0.48203125 0.0296875 0.10234375
2 0.71328125 0.48984375 0.03046875 0.10234375
2 0.91015625 0.8609375 0.02578125 0.15546875
2 0.959375 0.51171875 0.03515625 0.10625
2 0.96171875 0.6859375 0.03203125 0.1359375