2 0.0171875 0.53515625 0.034375 0.13046875
2 0.1234375 0.42578125 0.02734375 0.12578125
2 0.31328125 0.47265625 0.025 0.11171875
2 0.4203125 0.46796875 0.0234375 0.1171875
2 0.39453125 0.66796875 0.02734375 0.14765625
2 0.1484375 0.45 0.02578125 0.12109375
2 0.4734375 0.30703125 0.02734375 0.0890625
2 0.53984375 0.2890625 0.03046875 0.08359375
2 0.70234375 0.4921875 0.02578125 0.1140625
2 0.8109375 0.38984375 0.021875 0.10625
2 0.925 0.46796875 0.0265625 0.09921875
2 0.93125 0.87578125 0.0359375 0.1609375
2 0.71875 0.49296875 0.02265625 0.1109375
2 0.98046875 0.68671875 0.03359375 0.146875
3 0.48203125 0.55859375 0.0328125 0.11953125
3 0.365625 0.16015625 0.02109375 0.08125
0 0.4875 0.35 0.00859375 0.015625