0 0.5609375 0.08359375 0.00625 0.01328125
3 0.53046875 0.16015625 0.01484375 0.0796875
3 0.5890625 0.5171875 0.021875 0.1171875
2 0.47578125 0.56640625 0.0359375 0.12265625
2 0.6484375 0.9015625 0.0328125 0.16015625
2 0.325 0.86953125 0.05 0.1484375
2 0.03828125 0.746875 0.03359375 0.15
2 0.04765625 0.61953125 0.0390625 0.13984375
2 0.215625 0.446875 0.02890625 0.1078125
2 0.4546875 0.30390625 0.02421875 0.0828125
2 0.48984375 0.3984375 0.02578125 0.09921875
2 0.55 0.409375 0.0203125 0.0984375
2 0.6578125 0.23671875 0.0328125 0.08046875
2 0.8703125 0.334375 0.025 0.0859375
2 0.97578125 0.75546875 0.03515625 0.14140625