0 0.4390625 0.08359375 0.00625 0.01328125
3 0.46953125 0.16015625 0.01484375 0.0796875
3 0.4109375 0.5171875 0.021875 0.1171875
2 0.52421875 0.56640625 0.0359375 0.12265625
2 0.3515625 0.9015625 0.0328125 0.16015625
2 0.675 0.86953125 0.05 0.1484375
2 0.96171875 0.746875 0.03359375 0.15
2 0.95234375 0.61953125 0.0390625 0.13984375
2 0.784375 0.446875 0.02890625 0.1078125
2 0.5453125 0.30390625 0.02421875 0.0828125
2 0.51015625 0.3984375 0.02578125 0.09921875
2 0.45 0.409375 0.0203125 0.0984375
2 0.3421875 0.23671875 0.0328125 0.08046875
2 0.1296875 0.334375 0.025 0.0859375
2 0.02421875 0.75546875 0.03515625 0.14140625