3 0.4453125 0.56796875 0.0625 0.1390625
3 0.253125 0.1328125 0.02890625 0.09375
2 0.7015625 0.38515625 0.0328125 0.1078125
2 0.58984375 0.3375 0.04375 0.10390625
2 0.55 0.51484375 0.03125 0.1265625
2 0.6 0.51875 0.0265625 0.11953125
2 0.78203125 0.59375 0.02890625 0.13515625
2 0.72890625 0.7578125 0.0375 0.1484375
2 0.86953125 0.81484375 0.0453125 0.17109375
2 0.31953125 0.425 0.02890625 0.121875
2 0.2640625 0.39921875 0.0296875 0.1125
2 0.0390625 0.39765625 0.0234375 0.13203125
2 0.01640625 0.4375 0.02734375 0.11875
2 0.18984375 0.60546875 0.0359375 0.14921875
2 0.484375 0.28515625 0.0234375 0.10078125
2 0.28671875 0.284375 0.03671875 0.109375
0 0.93046875 0.4046875 0.0109375 0.0171875