3 0.5546875 0.56796875 0.0625 0.1390625
3 0.746875 0.1328125 0.02890625 0.09375
2 0.2984375 0.38515625 0.0328125 0.1078125
2 0.41015625 0.3375 0.04375 0.10390625
2 0.45 0.51484375 0.03125 0.1265625
2 0.4 0.51875 0.0265625 0.11953125
2 0.21796875 0.59375 0.02890625 0.13515625
2 0.27109375 0.7578125 0.0375 0.1484375
2 0.13046875 0.81484375 0.0453125 0.17109375
2 0.68046875 0.425 0.02890625 0.121875
2 0.7359375 0.39921875 0.0296875 0.1125
2 0.9609375 0.39765625 0.0234375 0.13203125
2 0.98359375 0.4375 0.02734375 0.11875
2 0.81015625 0.60546875 0.0359375 0.14921875
2 0.515625 0.28515625 0.0234375 0.10078125
2 0.71328125 0.284375 0.03671875 0.109375
0 0.06953125 0.4046875 0.0109375 0.0171875