2 0.9 0.296875 0.02734375 0.10703125
2 0.9921875 0.42578125 0.015625 0.084375
2 0.76328125 0.371875 0.03046875 0.1125
2 0.784375 0.53828125 0.02890625 0.15390625
2 0.5953125 0.26015625 0.02734375 0.10703125
2 0.69453125 0.41640625 0.021875 0.11953125
2 0.58046875 0.55546875 0.034375 0.13359375
2 0.5046875 0.35390625 0.03125 0.1046875
2 0.36328125 0.6859375 0.0328125 0.14765625
2 0.27109375 0.76171875 0.0296875 0.16640625
2 0.2734375 0.4171875 0.0296875 0.1109375
2 0.209375 0.56015625 0.034375 0.09140625
2 0.02890625 0.3640625 0.0359375 0.1203125
3 0.7578125 0.128125 0.03046875 0.08828125
3 0.528125 0.5734375 0.03203125 0.1421875
0 0.21015625 0.5828125 0.0109375 0.02265625
2 0.5375 0.56015625 0.02109375 0.11640625