2 0.1 0.296875 0.02734375 0.10703125
2 0.0078125 0.42578125 0.015625 0.084375
2 0.23671875 0.371875 0.03046875 0.1125
2 0.215625 0.53828125 0.02890625 0.15390625
2 0.4046875 0.26015625 0.02734375 0.10703125
2 0.30546875 0.41640625 0.021875 0.11953125
2 0.41953125 0.55546875 0.034375 0.13359375
2 0.4953125 0.35390625 0.03125 0.1046875
2 0.63671875 0.6859375 0.0328125 0.14765625
2 0.72890625 0.76171875 0.0296875 0.16640625
2 0.7265625 0.4171875 0.0296875 0.1109375
2 0.790625 0.56015625 0.034375 0.09140625
2 0.97109375 0.3640625 0.0359375 0.1203125
3 0.2421875 0.128125 0.03046875 0.08828125
3 0.471875 0.5734375 0.03203125 0.1421875
0 0.78984375 0.5828125 0.0109375 0.02265625
2 0.4625 0.56015625 0.02109375 0.11640625