2 0.92578125 0.28125 0.021875 0.11171875
2 0.81875 0.3390625 0.0203125 0.10703125
2 0.84296875 0.47265625 0.02890625 0.13203125
2 0.84765625 0.6171875 0.0375 0.14140625
2 0.76640625 0.60078125 0.03984375 0.1296875
2 0.7328125 0.3515625 0.02578125 0.1140625
2 0.578125 0.19609375 0.02421875 0.09453125
2 0.47734375 0.3078125 0.03359375 0.0875
2 0.29765625 0.3828125 0.04296875 0.1140625
2 0.13046875 0.32421875 0.0203125 0.1046875
2 0.29609375 0.37421875 0.01484375 0.08828125
2 0.496875 0.63671875 0.03515625 0.14921875
2 0.4046875 0.728125 0.02890625 0.16171875
2 0.34296875 0.5171875 0.02734375 0.1359375
3 0.6546875 0.54296875 0.034375 0.13828125
3 0.80390625 0.1328125 0.02578125 0.0828125
0 0.21171875 0.4046875 0.0109375 0.01796875
2 0.015625 0.50390625 0.03125 0.12421875