2 0.07421875 0.28125 0.021875 0.11171875
2 0.18125 0.3390625 0.0203125 0.10703125
2 0.15703125 0.47265625 0.02890625 0.13203125
2 0.15234375 0.6171875 0.0375 0.14140625
2 0.23359375 0.60078125 0.03984375 0.1296875
2 0.2671875 0.3515625 0.02578125 0.1140625
2 0.421875 0.19609375 0.02421875 0.09453125
2 0.52265625 0.3078125 0.03359375 0.0875
2 0.70234375 0.3828125 0.04296875 0.1140625
2 0.86953125 0.32421875 0.0203125 0.1046875
2 0.70390625 0.37421875 0.01484375 0.08828125
2 0.503125 0.63671875 0.03515625 0.14921875
2 0.5953125 0.728125 0.02890625 0.16171875
2 0.65703125 0.5171875 0.02734375 0.1359375
3 0.3453125 0.54296875 0.034375 0.13828125
3 0.19609375 0.1328125 0.02578125 0.0828125
0 0.78828125 0.4046875 0.0109375 0.01796875
2 0.984375 0.50390625 0.03125 0.12421875