2 0.99140625 0.6703125 0.01640625 0.13828125
2 0.9828125 0.57578125 0.034375 0.1296875
2 0.9421875 0.46953125 0.03046875 0.11953125
2 0.58671875 0.5984375 0.0421875 0.14140625
2 0.69140625 0.175 0.02421875 0.09375
2 0.94765625 0.3359375 0.025 0.11015625
2 0.83203125 0.34296875 0.02734375 0.10234375
3 0.9234375 0.1296875 0.03203125 0.09453125
3 0.80390625 0.5265625 0.034375 0.13515625
2 0.47421875 0.4921875 0.02734375 0.134375
2 0.5015625 0.29375 0.02578125 0.084375
2 0.43984375 0.3578125 0.02578125 0.1
2 0.33671875 0.3640625 0.01875 0.10390625
2 0.484375 0.7546875 0.03359375 0.1671875
2 0.221875 0.33046875 0.028125 0.11171875
2 0.07109375 0.50078125 0.02890625 0.134375
0 0.18984375 0.43125 0.0125 0.025