2 0.00859375 0.6703125 0.01640625 0.13828125
2 0.0171875 0.57578125 0.034375 0.1296875
2 0.0578125 0.46953125 0.03046875 0.11953125
2 0.41328125 0.5984375 0.0421875 0.14140625
2 0.30859375 0.175 0.02421875 0.09375
2 0.05234375 0.3359375 0.025 0.11015625
2 0.16796875 0.34296875 0.02734375 0.10234375
3 0.0765625 0.1296875 0.03203125 0.09453125
3 0.19609375 0.5265625 0.034375 0.13515625
2 0.52578125 0.4921875 0.02734375 0.134375
2 0.4984375 0.29375 0.02578125 0.084375
2 0.56015625 0.3578125 0.02578125 0.1
2 0.66328125 0.3640625 0.01875 0.10390625
2 0.515625 0.7546875 0.03359375 0.1671875
2 0.778125 0.33046875 0.028125 0.11171875
2 0.92890625 0.50078125 0.02890625 0.134375
0 0.81015625 0.43125 0.0125 0.025