2 0.9484375 0.2625 0.02890625 0.09765625
2 0.91015625 0.43046875 0.03515625 0.14453125
3 0.8140625 0.4171875 0.02734375 0.1265625
2 0.734375 0.29921875 0.03046875 0.0953125
2 0.82109375 0.08203125 0.02421875 0.0859375
2 0.6140625 0.275 0.02734375 0.0953125
2 0.590625 0.36796875 0.03125 0.115625
2 0.45390625 0.22890625 0.03046875 0.09609375
2 0.56328125 0.4265625 0.0296875 0.11484375
2 0.3859375 0.34296875 0.02734375 0.10859375
2 0.2421875 0.22421875 0.028125 0.0953125
2 0.1671875 0.40703125 0.03125 0.12734375
2 0.22265625 0.7671875 0.0546875 0.1640625
3 0.92109375 0.05078125 0.028125 0.07890625