2 0.07578125 0.81015625 0.05234375 0.178125
2 0.18671875 0.39453125 0.02578125 0.125
2 0.00546875 0.28359375 0.01015625 0.10390625
2 0.2578125 0.2765625 0.03828125 0.0890625
2 0.43984375 0.35625 0.021875 0.09765625
2 0.53359375 0.37109375 0.05078125 0.09296875
3 0.5890625 0.50234375 0.03203125 0.1328125
2 0.8140625 0.79375 0.040625 0.175
2 0.7421875 0.4546875 0.0359375 0.1265625
2 0.66171875 0.36875 0.0390625 0.103125
2 0.7703125 0.33984375 0.0265625 0.1125
2 0.68125 0.12734375 0.0296875 0.0875
2 0.87421875 0.4140625 0.03203125 0.1125
2 0.88828125 0.2796875 0.02265625 0.1
2 0.98828125 0.37890625 0.0234375 0.128125
3 0.73984375 0.1015625 0.03046875 0.08046875
0 0.5828125 0.40546875 0.0109375 0.0234375
2 0.4375 0.30078125 0.015625 0.08125