2 0.08125 0.7875 0.0578125 0.1703125
2 0.53125 0.86328125 0.05703125 0.1546875
2 0.4375 0.36953125 0.0421875 0.1046875
2 0.74140625 0.4859375 0.0390625 0.13828125
2 0.87421875 0.4921875 0.04296875 0.125
2 0.6796875 0.19921875 0.03984375 0.08984375
2 0.6859375 0.359375 0.0390625 0.0921875
2 0.5921875 0.32890625 0.03359375 0.10859375
2 0.809375 0.3453125 0.03203125 0.11171875
2 0.9546875 0.2640625 0.03203125 0.1046875
2 0.72890625 0.4 0.02890625 0.08125
2 0.38203125 0.27578125 0.0375 0.090625
3 0.46484375 0.48828125 0.03671875 0.12421875
3 0.88984375 0.121875 0.01953125 0.090625
0 0.53359375 0.35546875 0.01328125 0.021875