2 0.01953125 0.74453125 0.0390625 0.14140625
2 0.0640625 0.62421875 0.03828125 0.13671875
2 0.209375 0.88125 0.0515625 0.16015625
2 0.25390625 0.46875 0.0359375 0.121875
2 0.47734375 0.5859375 0.0296875 0.1390625
2 0.5328125 0.2875 0.0265625 0.0921875
2 0.51953125 0.41171875 0.0328125 0.0953125
2 0.609375 0.42890625 0.03359375 0.1125
2 0.65 0.24375 0.02578125 0.08359375
2 0.93359375 0.35390625 0.03125 0.1
2 0.715625 0.946875 0.040625 0.10625
3 0.7109375 0.5328125 0.03125 0.1203125
3 0.57890625 0.1890625 0.0265625 0.08515625
0 0.590625 0.25703125 0.00859375 0.01796875