2 0.91796875 0.27421875 0.04453125 0.1109375
2 0.85390625 0.34609375 0.04609375 0.0984375
2 0.7515625 0.4140625 0.03359375 0.1015625
2 0.67265625 0.5453125 0.0359375 0.14921875
2 0.43125 0.50859375 0.04921875 0.1234375
2 0.34453125 0.45703125 0.025 0.10625
2 0.40234375 0.30859375 0.02890625 0.11015625
2 0.23671875 0.23515625 0.0296875 0.09140625
2 0.128125 0.42890625 0.0234375 0.12421875
2 0.2140625 0.68359375 0.04453125 0.1484375
2 0.02421875 0.71875 0.04296875 0.1625
3 0.353125 0.58828125 0.0390625 0.13828125
0 0.446875 0.546875 0.01484375 0.02265625
3 0.82265625 0.0796875 0.03984375 0.0765625