2 0.325 0.4515625 0.01875 0.046875
2 0.83046875 0.5359375 0.0265625 0.05625
2 0.57578125 0.55 0.0140625 0.05625
2 0.6625 0.46953125 0.01875 0.0546875
2 0.1515625 0.56328125 0.01875 0.0546875
2 0.78203125 0.45 0.0109375 0.05
2 0.5390625 0.60078125 0.015625 0.0578125
2 0.3078125 0.3328125 0.0125 0.0375
2 0.36875 0.48125 0.0125 0.053125
2 0.20078125 0.38125 0.0140625 0.04375
3 0.46875 0.3890625 0.0125 0.04375
2 0.23046875 0.44921875 0.0140625 0.0578125
2 0.51875 0.425 0.0125 0.046875
2 0.49296875 0.42578125 0.0078125 0.0453125
2 0.40859375 0.3859375 0.0109375 0.04375
2 0.7234375 0.3609375 0.0125 0.04375
2 0.7015625 0.3421875 0.0125 0.040625
2 0.43125 0.4109375 0.0125 0.05
2 0.45703125 0.3328125 0.0078125 0.040625
2 0.2140625 0.38125 0.0125 0.0375
3 0.6890625 0.27265625 0.009375 0.0359375