2 0.175 0.675 0.01875 0.06875
2 0.43828125 0.34453125 0.0078125 0.0390625
2 0.49296875 0.35 0.0109375 0.0375
2 0.3578125 0.35703125 0.0125 0.0453125
2 0.49453125 0.52578125 0.0203125 0.0546875
2 0.2015625 0.58125 0.01875 0.05625
2 0.58359375 0.36796875 0.0140625 0.0390625
2 0.784375 0.52890625 0.0125 0.0578125
3 0.44609375 0.35078125 0.0078125 0.0484375
2 0.5453125 0.32265625 0.0125 0.0390625
2 0.22578125 0.47265625 0.0140625 0.0546875
2 0.23828125 0.44453125 0.0109375 0.0515625
2 0.2140625 0.39921875 0.0125 0.0609375
2 0.34609375 0.29140625 0.0109375 0.0328125
2 0.67578125 0.31171875 0.0140625 0.0421875
2 0.23359375 0.35390625 0.0109375 0.0421875
2 0.81484375 0.39296875 0.0140625 0.0421875
3 0.08671875 0.9 0.0265625 0.08125