2 0.45390625 0.51796875 0.0109375 0.0578125
2 0.20078125 0.63671875 0.0171875 0.0640625
2 0.53671875 0.39140625 0.0109375 0.0421875
2 0.21796875 0.61796875 0.0140625 0.0578125
2 0.63046875 0.48125 0.0109375 0.05
2 0.60625 0.43828125 0.0125 0.0453125
2 0.1484375 0.49296875 0.0125 0.0515625
2 0.5609375 0.353125 0.0125 0.040625
2 0.31953125 0.44140625 0.0109375 0.0484375
2 0.7625 0.50625 0.01875 0.04375
2 0.41171875 0.3359375 0.0078125 0.025
2 0.48203125 0.32578125 0.0109375 0.0296875
2 0.71015625 0.43125 0.0078125 0.04375
2 0.1453125 0.42421875 0.009375 0.0484375
2 0.46171875 0.3359375 0.0109375 0.025
2 0.57421875 0.434375 0.0140625 0.046875
3 0.06015625 0.37265625 0.0109375 0.0390625
0 0.49296875 0.340625 0.0046875 0.009375