2 0.21796875 0.52265625 0.0203125 0.0640625
2 0.55625 0.4296875 0.01875 0.05625
2 0.85625 0.5296875 0.01875 0.071875
2 0.8375 0.63515625 0.01875 0.0671875
2 0.178125 0.6046875 0.028125 0.06875
2 0.33046875 0.47890625 0.0140625 0.0640625
2 0.37265625 0.73125 0.0171875 0.08125
2 0.1890625 0.53125 0.01875 0.0625
3 0.39375 0.42265625 0.0125 0.0515625
2 0.2671875 0.29375 0.0125 0.04375
2 0.14921875 0.66640625 0.0234375 0.0640625
2 0.34140625 0.40625 0.0140625 0.05625
2 0.790625 0.3953125 0.0125 0.05625
2 0.25 0.42265625 0.0125 0.0546875
2 0.44921875 0.7046875 0.0328125 0.065625
2 0.6453125 0.39921875 0.015625 0.0546875
2 0.61015625 0.5890625 0.0140625 0.06875
2 0.6359375 0.28671875 0.0125 0.0421875
2 0.234375 0.32421875 0.0125 0.0484375
3 0.3265625 0.21015625 0.0125 0.0359375
2 0.1484375 0.40625 0.0125 0.053125