2 0.33203125 0.50703125 0.0140625 0.0546875
2 0.26953125 0.6765625 0.0171875 0.0625
2 0.1375 0.48828125 0.015625 0.0515625
2 0.41328125 0.4125 0.0109375 0.04375
2 0.58046875 0.71171875 0.0171875 0.0734375
2 0.69296875 0.54296875 0.0140625 0.0546875
2 0.38828125 0.41171875 0.0078125 0.0421875
2 0.16953125 0.37578125 0.0109375 0.0390625
2 0.28828125 0.32421875 0.0140625 0.0296875
2 0.61171875 0.46953125 0.0140625 0.0515625
2 0.434375 0.5765625 0.0125 0.059375
2 0.61484375 0.415625 0.0078125 0.04375
3 0.45703125 0.4125 0.0078125 0.04375
2 0.18828125 0.37578125 0.0140625 0.0390625
2 0.44375 0.35078125 0.0125 0.0328125
1 0.74609375 0.35546875 0.0078125 0.0390625
2 0.45703125 0.35390625 0.0078125 0.0359375
2 0.86796875 0.50078125 0.0109375 0.0484375