2 0.8 0.77578125 0.01875 0.0765625
2 0.403125 0.76015625 0.021875 0.0734375
3 0.90703125 0.8375 0.0234375 0.075
2 0.38828125 0.33828125 0.0078125 0.0421875
2 0.44296875 0.38828125 0.0078125 0.0453125
2 0.15703125 0.49921875 0.0140625 0.0546875
2 0.58828125 0.46875 0.0109375 0.05625
2 0.7125 0.36171875 0.0125 0.0484375
2 0.80078125 0.6140625 0.0140625 0.065625
2 0.5625 0.5046875 0.0125 0.05625
2 0.40078125 0.42265625 0.0109375 0.0484375
2 0.53515625 0.3171875 0.0078125 0.040625
2 0.66328125 0.3015625 0.0078125 0.0375
2 0.565625 0.36796875 0.009375 0.0484375
2 0.54453125 0.25703125 0.0109375 0.0359375
1 0.96015625 0.37421875 0.0109375 0.0484375
2 0.7015625 0.36796875 0.009375 0.0453125
2 0.38828125 0.23515625 0.0109375 0.0296875
3 0.534375 0.359375 0.009375 0.040625
2 0.725 0.45703125 0.0125 0.0546875
2 0.5 0.33125 0.009375 0.0375