2 0.575 0.671875 0.01875 0.059375
2 0.5765625 0.4484375 0.01875 0.05
2 0.36953125 0.31328125 0.0109375 0.0421875
2 0.20859375 0.65546875 0.0203125 0.0765625
2 0.39453125 0.56796875 0.0140625 0.0578125
2 0.19375 0.43203125 0.0125 0.0515625
2 0.71484375 0.465625 0.0140625 0.05625
2 0.66328125 0.6875 0.0234375 0.0625
2 0.55546875 0.57578125 0.0140625 0.0484375
2 0.63828125 0.32265625 0.0140625 0.0421875
2 0.61953125 0.58515625 0.0234375 0.0453125
2 0.61171875 0.50546875 0.0171875 0.0578125
2 0.7890625 0.6046875 0.01875 0.06875
2 0.73359375 0.51171875 0.0140625 0.0609375
2 0.2953125 0.646875 0.0125 0.071875
2 0.66328125 0.34140625 0.0109375 0.0453125
3 0.5421875 0.4 0.009375 0.05
2 0.71328125 0.38515625 0.0109375 0.0515625
2 0.31796875 0.38671875 0.0109375 0.0484375
1 0.85625 0.31953125 0.0125 0.0484375
2 0.65703125 0.59140625 0.0109375 0.0578125
0 0.5875 0.55703125 0.00625 0.0109375