2 0.50625 0.64921875 0.01875 0.0671875
2 0.53046875 0.3625 0.0140625 0.04375
2 0.37890625 0.36875 0.0109375 0.04375
3 0.50546875 0.41171875 0.0109375 0.0515625
2 0.21640625 0.36640625 0.0109375 0.0453125
2 0.46796875 0.51796875 0.0109375 0.0609375
2 0.8484375 0.4796875 0.0125 0.05625
2 0.7125 0.43515625 0.0125 0.0515625
2 0.6671875 0.34921875 0.015625 0.0421875
2 0.8484375 0.5546875 0.0125 0.0625
2 0.259375 0.49921875 0.0125 0.0546875
2 0.42265625 0.41796875 0.0140625 0.0453125
2 0.6859375 0.4359375 0.0125 0.05
2 0.69375 0.38671875 0.01875 0.0484375
2 0.88046875 0.45546875 0.0109375 0.0578125
2 0.33515625 0.3484375 0.0109375 0.04375
2 0.26328125 0.34921875 0.0078125 0.0421875
2 0.48203125 0.3296875 0.0078125 0.0375
2 0.28046875 0.35546875 0.0109375 0.0453125
2 0.4578125 0.34140625 0.00625 0.0390625
1 0.14140625 0.5546875 0.0171875 0.0625