2 0.40078125 0.65625 0.0265625 0.0625
2 0.8640625 0.50078125 0.021875 0.0578125
2 0.28203125 0.3625 0.0140625 0.0375
2 0.2234375 0.63671875 0.015625 0.0703125
2 0.68671875 0.63671875 0.0171875 0.0640625
2 0.1984375 0.45390625 0.0125 0.0546875
2 0.22109375 0.51953125 0.0140625 0.0578125
2 0.55703125 0.440625 0.0109375 0.05
2 0.3890625 0.403125 0.0125 0.046875
2 0.26875 0.50078125 0.0125 0.0578125
2 0.5890625 0.340625 0.0125 0.03125
2 0.1640625 0.54296875 0.0125 0.0609375
2 0.7484375 0.3875 0.009375 0.04375
3 0.4734375 0.39765625 0.009375 0.0421875
2 0.2328125 0.41328125 0.0125 0.0421875
2 0.5078125 0.33828125 0.0125 0.0390625
2 0.72578125 0.55 0.0140625 0.05625
2 0.5875 0.44453125 0.0125 0.0546875
2 0.65625 0.4 0.0125 0.05
2 0.42421875 0.4125 0.0109375 0.04375
2 0.65703125 0.33046875 0.0109375 0.0359375
1 0.996875 0.37578125 0.00625 0.0421875
0 0.4390625 0.38125 0.00625 0.0125