2 0.775 0.8296875 0.01875 0.08125
2 0.38125 0.76328125 0.025 0.0703125
2 0.8265625 0.70078125 0.015625 0.0734375
2 0.4875 0.61640625 0.015625 0.0671875
2 0.78515625 0.5421875 0.0140625 0.0625
2 0.17265625 0.5484375 0.0234375 0.05
2 0.5890625 0.4359375 0.0125 0.05625
2 0.6390625 0.53203125 0.0125 0.0578125
2 0.76171875 0.4 0.0109375 0.05
2 0.5078125 0.34296875 0.009375 0.0421875
2 0.45703125 0.44375 0.0109375 0.05625
2 0.40546875 0.47890625 0.0109375 0.0546875
2 0.25546875 0.33203125 0.0109375 0.0453125
2 0.46640625 0.2484375 0.0078125 0.03125
2 0.6546875 0.29296875 0.0125 0.0328125
3 0.93125 0.86328125 0.01875 0.0796875
3 0.565625 0.3875 0.009375 0.046875
2 0.41953125 0.3625 0.0078125 0.046875
2 0.721875 0.35 0.009375 0.04375
1 0.07265625 0.3953125 0.0140625 0.05
2 0.55 0.33125 0.009375 0.0375
2 0.74765625 0.40390625 0.0078125 0.0484375
3 0.3671875 0.21015625 0.00625 0.0265625