2 0.46875 0.69453125 0.025 0.0515625
2 0.90546875 0.6546875 0.0171875 0.075
2 0.68046875 0.6 0.0171875 0.0625
2 0.215625 0.6625 0.01875 0.065625
2 0.31796875 0.28671875 0.0140625 0.0359375
2 0.59296875 0.4109375 0.0171875 0.04375
1 0.890625 0.33828125 0.015625 0.0484375
2 0.14453125 0.52421875 0.0140625 0.0609375
2 0.17734375 0.4 0.0109375 0.05
2 0.3078125 0.55546875 0.01875 0.0671875
2 0.74453125 0.40546875 0.0109375 0.0546875
2 0.53828125 0.5984375 0.0171875 0.065625
2 0.8640625 0.53125 0.0125 0.0625
2 0.63125 0.5046875 0.01875 0.0625
2 0.6515625 0.49765625 0.01875 0.0546875
2 0.6609375 0.31328125 0.0125 0.0421875
2 0.6046875 0.26328125 0.0125 0.0390625
2 0.39375 0.44296875 0.0125 0.0515625
2 0.29296875 0.39453125 0.0078125 0.0515625
3 0.525 0.4421875 0.009375 0.05
3 0.5625 0.2046875 0.009375 0.03125