2 0.6390625 0.465625 0.0125 0.053125
2 0.4625 0.3421875 0.0125 0.0375
2 0.4046875 0.37421875 0.0125 0.0421875
2 0.321875 0.45078125 0.0125 0.0546875
2 0.81328125 0.54140625 0.0109375 0.0546875
2 0.38203125 0.4046875 0.0140625 0.0375
2 0.46875 0.50390625 0.0125 0.0515625
2 0.7046875 0.4265625 0.0125 0.05
2 0.61015625 0.34375 0.0140625 0.0375
2 0.25703125 0.51015625 0.0140625 0.0546875
2 0.2859375 0.4421875 0.0125 0.05
2 0.5578125 0.4 0.0125 0.04375
2 0.59296875 0.4515625 0.0078125 0.046875
2 0.446875 0.42265625 0.0125 0.0484375
2 0.78203125 0.46171875 0.0109375 0.0484375
3 0.5671875 0.38515625 0.0125 0.0421875
2 0.73828125 0.44765625 0.0109375 0.0484375
2 0.5078125 0.4046875 0.009375 0.04375
2 0.74765625 0.4125 0.0109375 0.05
3 0.33046875 0.2984375 0.0109375 0.03125