2 0.225 0.8296875 0.01875 0.08125
2 0.61875 0.76328125 0.025 0.0703125
2 0.1734375 0.70078125 0.015625 0.0734375
2 0.5125 0.61640625 0.015625 0.0671875
2 0.21484375 0.5421875 0.0140625 0.0625
2 0.82734375 0.5484375 0.0234375 0.05
2 0.4109375 0.4359375 0.0125 0.05625
2 0.3609375 0.53203125 0.0125 0.0578125
2 0.23828125 0.4 0.0109375 0.05
2 0.4921875 0.34296875 0.009375 0.0421875
2 0.54296875 0.44375 0.0109375 0.05625
2 0.59453125 0.47890625 0.0109375 0.0546875
2 0.74453125 0.33203125 0.0109375 0.0453125
2 0.53359375 0.2484375 0.0078125 0.03125
2 0.3453125 0.29296875 0.0125 0.0328125
3 0.06875 0.86328125 0.01875 0.0796875
3 0.434375 0.3875 0.009375 0.046875
2 0.58046875 0.3625 0.0078125 0.046875
2 0.278125 0.35 0.009375 0.04375
1 0.92734375 0.3953125 0.0140625 0.05
2 0.45 0.33125 0.009375 0.0375
2 0.25234375 0.40390625 0.0078125 0.0484375
3 0.6328125 0.21015625 0.00625 0.0265625