2 0.4328125 0.5625 0.01875 0.0625
2 0.496875 0.44140625 0.021875 0.0421875
2 0.59453125 0.5265625 0.0171875 0.065625
2 0.72421875 0.58828125 0.0203125 0.0734375
2 0.21171875 0.49296875 0.0140625 0.0578125
2 0.32421875 0.609375 0.0171875 0.059375
2 0.18515625 0.57421875 0.0140625 0.0640625
2 0.68671875 0.58671875 0.0140625 0.0671875
2 0.4625 0.4859375 0.0125 0.059375
2 0.62265625 0.38203125 0.0140625 0.0453125
2 0.69453125 0.4125 0.0109375 0.05625
2 0.38828125 0.51875 0.0140625 0.0625
2 0.5703125 0.29921875 0.009375 0.0453125
2 0.53046875 0.4890625 0.0171875 0.04375
2 0.25 0.4796875 0.0125 0.05625
3 0.4 0.4109375 0.0125 0.05
1 0.0734375 0.33515625 0.0125 0.0453125
2 0.28515625 0.37421875 0.0109375 0.0515625
2 0.37890625 0.30703125 0.0078125 0.0421875
3 0.43515625 0.1875 0.0078125 0.03125
3 0.771875 0.92421875 0.021875 0.0859375
0 0.51640625 0.50078125 0.0078125 0.0140625