2 0.39765625 0.625 0.0171875 0.06875
2 0.3234375 0.421875 0.015625 0.053125
2 0.39453125 0.39765625 0.0171875 0.0515625
2 0.5171875 0.3078125 0.0125 0.04375
3 0.44296875 0.38046875 0.0109375 0.0546875
2 0.5609375 0.4 0.0125 0.05
2 0.19140625 0.46953125 0.0140625 0.0578125
1 0.0078125 0.37421875 0.015625 0.0515625
2 0.2921875 0.3125 0.0125 0.04375
2 0.21171875 0.38671875 0.0140625 0.0484375
2 0.76953125 0.3171875 0.0078125 0.04375
2 0.41796875 0.25703125 0.0109375 0.0328125
2 0.68515625 0.34765625 0.0109375 0.0484375
2 0.23203125 0.3484375 0.0109375 0.05
2 0.81953125 0.46796875 0.0140625 0.0609375
2 0.48828125 0.29296875 0.0109375 0.0390625
2 0.46796875 0.29765625 0.0078125 0.0390625
2 0.58203125 0.26796875 0.0078125 0.0359375
2 0.38828125 0.27265625 0.0109375 0.0328125
3 0.3421875 0.2375 0.009375 0.03125