2 0.20390625 0.7265625 0.0140625 0.071875
2 0.5828125 0.47890625 0.015625 0.0453125
2 0.35625 0.56953125 0.015625 0.0578125
2 0.53671875 0.37890625 0.0109375 0.0421875
2 0.47421875 0.48203125 0.0203125 0.0453125
2 0.3640625 0.4546875 0.009375 0.046875
2 0.70703125 0.5296875 0.0140625 0.05
2 0.18828125 0.4234375 0.0109375 0.046875
2 0.5421875 0.51640625 0.015625 0.0515625
2 0.65546875 0.45 0.0140625 0.046875
2 0.73515625 0.58203125 0.0171875 0.0609375
2 0.1359375 0.5234375 0.0125 0.05625
3 0.4125 0.43046875 0.0125 0.0453125
2 0.40078125 0.3609375 0.0109375 0.03125
2 0.17421875 0.6515625 0.0140625 0.065625
2 0.290625 0.46953125 0.0125 0.0515625
2 0.69453125 0.4671875 0.0109375 0.05
2 0.46796875 0.34296875 0.0109375 0.0265625
2 0.36015625 0.3640625 0.0078125 0.034375
2 0.12265625 0.44921875 0.0109375 0.0484375
2 0.49921875 0.425 0.0109375 0.04375
3 0.0859375 0.375 0.0125 0.040625
1 0.803125 0.42890625 0.009375 0.0453125