2 0.35 0.5 0.01875 0.05625
2 0.67109375 0.49453125 0.0109375 0.0515625
2 0.5484375 0.35390625 0.0125 0.0421875
2 0.459375 0.6359375 0.01875 0.0625
2 0.29453125 0.49140625 0.0140625 0.0546875
2 0.44375 0.3921875 0.0125 0.04375
2 0.36328125 0.45703125 0.0140625 0.0578125
3 0.59453125 0.50546875 0.0109375 0.0578125
2 0.11171875 0.53515625 0.0140625 0.0578125
2 0.75 0.61640625 0.01875 0.0546875
2 0.48984375 0.32890625 0.0078125 0.0390625
2 0.446875 0.35546875 0.009375 0.0390625
2 0.515625 0.36953125 0.009375 0.0421875
2 0.78203125 0.4953125 0.0109375 0.046875
2 0.83203125 0.55625 0.0171875 0.059375
2 0.6015625 0.47578125 0.0125 0.0609375
2 0.75234375 0.50078125 0.0109375 0.0421875
0 0.64296875 0.63046875 0.0078125 0.0109375