3 0.56875 0.5140625 0.01875 0.05
2 0.56484375 0.4625 0.0171875 0.05
2 0.78359375 0.5890625 0.0234375 0.05625
2 0.403125 0.4171875 0.015625 0.05
2 0.55546875 0.3609375 0.0140625 0.04375
2 0.5421875 0.4296875 0.015625 0.053125
2 0.640625 0.4171875 0.0125 0.0375
2 0.4375 0.34375 0.0125 0.0375
2 0.13203125 0.47578125 0.0109375 0.0546875
2 0.42578125 0.5375 0.0140625 0.05625
2 0.503125 0.34375 0.009375 0.040625
2 0.33046875 0.421875 0.0109375 0.05
2 0.5375 0.346875 0.0125 0.04375
2 0.6875 0.41875 0.0125 0.0375
2 0.88125 0.5046875 0.0125 0.05
2 0.828125 0.52578125 0.015625 0.0515625
2 0.4921875 0.36875 0.009375 0.04375
0 0.70625 0.44296875 0.00625 0.0109375
2 0.85 0.53203125 0.0125 0.0515625
1 0.61484375 0.353125 0.0140625 0.046875