2 0.3890625 0.58828125 0.015625 0.0671875
2 0.5765625 0.49296875 0.01875 0.0609375
3 0.5296875 0.575 0.015625 0.06875
2 0.75 0.575 0.015625 0.06875
2 0.50390625 0.38671875 0.0171875 0.0484375
2 0.48125 0.36328125 0.0125 0.0421875
2 0.8109375 0.4296875 0.015625 0.05625
2 0.35078125 0.378125 0.0109375 0.04375
2 0.71875 0.415625 0.015625 0.053125
2 0.4546875 0.4578125 0.0125 0.059375
2 0.4921875 0.46953125 0.015625 0.0609375
2 0.31953125 0.47421875 0.0109375 0.0640625
2 0.65703125 0.39296875 0.0171875 0.0359375
2 0.54765625 0.44375 0.0140625 0.05
2 0.3984375 0.45546875 0.015625 0.0578125
2 0.56171875 0.4515625 0.0171875 0.059375
2 0.35703125 0.4359375 0.0109375 0.05625
2 0.7078125 0.475 0.0125 0.0625
2 0.46328125 0.41171875 0.0109375 0.0546875
3 0.41015625 0.29140625 0.0109375 0.0421875