2 0.35625 0.6609375 0.01875 0.075
2 0.31640625 0.44296875 0.0140625 0.0609375
2 0.56328125 0.28671875 0.0171875 0.0421875
2 0.43203125 0.3984375 0.0140625 0.053125
2 0.54296875 0.29921875 0.0140625 0.0453125
2 0.7390625 0.30390625 0.0125 0.0484375
2 0.1953125 0.5046875 0.015625 0.0625
2 0.38046875 0.28515625 0.0109375 0.0421875
3 0.40546875 0.39140625 0.0109375 0.0546875
2 0.6609375 0.35 0.0125 0.053125
2 0.3921875 0.33515625 0.0125 0.0515625
2 0.35625 0.27890625 0.0125 0.0390625
2 0.2109375 0.4 0.0125 0.05625
2 0.259375 0.3484375 0.009375 0.05
2 0.240625 0.33046875 0.0125 0.0453125
2 0.4890625 0.24765625 0.0125 0.0390625
2 0.2828125 0.27890625 0.009375 0.0453125