2 0.4953125 0.58203125 0.01875 0.0703125
2 0.146875 0.525 0.015625 0.075
1 0.89609375 0.4 0.0109375 0.0625
2 0.0984375 0.37265625 0.0125 0.0578125
2 0.38359375 0.66171875 0.0234375 0.0734375
2 0.32734375 0.478125 0.0140625 0.065625
3 0.48203125 0.42578125 0.0109375 0.0578125
2 0.68828125 0.38125 0.0109375 0.053125
2 0.78046875 0.475 0.0140625 0.0625
2 0.6609375 0.45546875 0.0125 0.0609375
2 0.33984375 0.3953125 0.0109375 0.05625
2 0.4953125 0.37421875 0.0125 0.0546875
2 0.75 0.44765625 0.0125 0.0609375
2 0.4828125 0.3046875 0.01875 0.040625
2 0.7375 0.42421875 0.0125 0.0578125
2 0.63828125 0.4796875 0.0140625 0.0625
2 0.28671875 0.39375 0.0109375 0.05625
2 0.63203125 0.36796875 0.0078125 0.0515625
3 0.5421875 0.2546875 0.0125 0.0375
2 0.52421875 0.2796875 0.0109375 0.0375