2 0.425 0.671875 0.01875 0.059375
2 0.4234375 0.4484375 0.01875 0.05
2 0.63046875 0.31328125 0.0109375 0.0421875
2 0.79140625 0.65546875 0.0203125 0.0765625
2 0.60546875 0.56796875 0.0140625 0.0578125
2 0.80625 0.43203125 0.0125 0.0515625
2 0.28515625 0.465625 0.0140625 0.05625
2 0.33671875 0.6875 0.0234375 0.0625
2 0.44453125 0.57578125 0.0140625 0.0484375
2 0.36171875 0.32265625 0.0140625 0.0421875
2 0.38046875 0.58515625 0.0234375 0.0453125
2 0.38828125 0.50546875 0.0171875 0.0578125
2 0.2109375 0.6046875 0.01875 0.06875
2 0.26640625 0.51171875 0.0140625 0.0609375
2 0.7046875 0.646875 0.0125 0.071875
2 0.33671875 0.34140625 0.0109375 0.0453125
3 0.4578125 0.4 0.009375 0.05
2 0.28671875 0.38515625 0.0109375 0.0515625
2 0.68203125 0.38671875 0.0109375 0.0484375
1 0.14375 0.31953125 0.0125 0.0484375
2 0.34296875 0.59140625 0.0109375 0.0578125
0 0.4125 0.55703125 0.00625 0.0109375