2 0.6671875 0.69453125 0.015625 0.0578125
3 0.33828125 0.4859375 0.0109375 0.04375
2 0.153125 0.5390625 0.021875 0.025
2 0.83828125 0.68671875 0.0140625 0.0671875
2 0.83046875 0.54140625 0.0109375 0.0484375
2 0.86484375 0.70625 0.0140625 0.0375
2 0.6109375 0.44140625 0.009375 0.0328125
2 0.4703125 0.5515625 0.0125 0.05
2 0.48203125 0.5515625 0.0109375 0.046875
2 0.3984375 0.51953125 0.009375 0.0484375
2 0.79453125 0.540625 0.0078125 0.04375
2 0.40859375 0.44375 0.0109375 0.0375
2 0.05234375 0.5609375 0.0109375 0.0375
2 0.26484375 0.46640625 0.0109375 0.0421875
2 0.37421875 0.50703125 0.0109375 0.0390625
2 0.7765625 0.56328125 0.009375 0.0484375
2 0.24609375 0.45390625 0.0078125 0.0390625
2 0.23671875 0.45390625 0.0078125 0.0390625
3 0.40703125 0.346875 0.0078125 0.028125