2 0.65 0.5 0.01875 0.05625
2 0.32890625 0.49453125 0.0109375 0.0515625
2 0.4515625 0.35390625 0.0125 0.0421875
2 0.540625 0.6359375 0.01875 0.0625
2 0.70546875 0.49140625 0.0140625 0.0546875
2 0.55625 0.3921875 0.0125 0.04375
2 0.63671875 0.45703125 0.0140625 0.0578125
3 0.40546875 0.50546875 0.0109375 0.0578125
2 0.88828125 0.53515625 0.0140625 0.0578125
2 0.25 0.61640625 0.01875 0.0546875
2 0.51015625 0.32890625 0.0078125 0.0390625
2 0.553125 0.35546875 0.009375 0.0390625
2 0.484375 0.36953125 0.009375 0.0421875
2 0.21796875 0.4953125 0.0109375 0.046875
2 0.16796875 0.55625 0.0171875 0.059375
2 0.3984375 0.47578125 0.0125 0.0609375
2 0.24765625 0.50078125 0.0109375 0.0421875
0 0.35703125 0.63046875 0.0078125 0.0109375