2 0.3328125 0.69453125 0.015625 0.0578125
3 0.66171875 0.4859375 0.0109375 0.04375
2 0.846875 0.5390625 0.021875 0.025
2 0.16171875 0.68671875 0.0140625 0.0671875
2 0.16953125 0.54140625 0.0109375 0.0484375
2 0.13515625 0.70625 0.0140625 0.0375
2 0.3890625 0.44140625 0.009375 0.0328125
2 0.5296875 0.5515625 0.0125 0.05
2 0.51796875 0.5515625 0.0109375 0.046875
2 0.6015625 0.51953125 0.009375 0.0484375
2 0.20546875 0.540625 0.0078125 0.04375
2 0.59140625 0.44375 0.0109375 0.0375
2 0.94765625 0.5609375 0.0109375 0.0375
2 0.73515625 0.46640625 0.0109375 0.0421875
2 0.62578125 0.50703125 0.0109375 0.0390625
2 0.2234375 0.56328125 0.009375 0.0484375
2 0.75390625 0.45390625 0.0078125 0.0390625
2 0.76328125 0.45390625 0.0078125 0.0390625
3 0.59296875 0.346875 0.0078125 0.028125