2 0.51328125 0.5359375 0.0171875 0.053125
2 0.47890625 0.61796875 0.0234375 0.0609375
2 0.71953125 0.4484375 0.0203125 0.04375
2 0.55546875 0.35 0.0140625 0.0375
3 0.41328125 0.43828125 0.0171875 0.0421875
2 0.31328125 0.49921875 0.0140625 0.0546875
2 0.28671875 0.41171875 0.0109375 0.0484375
2 0.2546875 0.5765625 0.0125 0.053125
2 0.76640625 0.55625 0.0265625 0.059375
2 0.41171875 0.675 0.0203125 0.06875
2 0.48671875 0.525 0.0171875 0.05
2 0.33125 0.38671875 0.0125 0.0453125
2 0.61875 0.5625 0.0125 0.0625
2 0.43203125 0.60078125 0.0140625 0.0609375
2 0.25546875 0.48515625 0.0109375 0.0515625
2 0.29375 0.5421875 0.0125 0.0625
2 0.61796875 0.4125 0.0140625 0.0375
2 0.44375 0.49921875 0.0125 0.0546875
1 0.04296875 0.40625 0.0109375 0.05
2 0.3953125 0.34296875 0.009375 0.0390625
0 0.46796875 0.45625 0.0078125 0.0125