2 0.6 0.65546875 0.025 0.0609375
2 0.1375 0.503125 0.021875 0.05625
2 0.44453125 0.440625 0.0140625 0.05
2 0.7796875 0.6375 0.015625 0.06875
2 0.71953125 0.3625 0.0109375 0.0375
2 0.7328125 0.50078125 0.0125 0.0578125
2 0.31484375 0.63671875 0.0171875 0.0640625
2 0.78046875 0.51953125 0.0140625 0.0578125
2 0.80234375 0.4546875 0.0109375 0.05625
2 0.41328125 0.44453125 0.0109375 0.0546875
2 0.275 0.55 0.0125 0.053125
2 0.76875 0.41328125 0.0125 0.0421875
2 0.8375 0.54296875 0.0125 0.0609375
2 0.61328125 0.40078125 0.0140625 0.0453125
2 0.4125 0.340625 0.0125 0.03125
3 0.53046875 0.3984375 0.0078125 0.04375
2 0.2546875 0.38671875 0.009375 0.0453125
2 0.57734375 0.41171875 0.0109375 0.0421875
2 0.34609375 0.4 0.0109375 0.05
2 0.34453125 0.33046875 0.0078125 0.0359375
2 0.49296875 0.340625 0.0078125 0.0375