2 0.47109375 0.6671875 0.0171875 0.0625
2 0.36171875 0.5921875 0.0140625 0.06875
2 0.56953125 0.6296875 0.0140625 0.065625
2 0.68046875 0.525 0.0140625 0.05
2 0.57578125 0.49375 0.0140625 0.05
2 0.4734375 0.47265625 0.0125 0.0578125
2 0.678125 0.41796875 0.0125 0.0421875
2 0.21171875 0.534375 0.0140625 0.059375
2 0.63359375 0.40703125 0.0171875 0.0421875
2 0.7953125 0.64140625 0.015625 0.0671875
2 0.47421875 0.36171875 0.0109375 0.0421875
2 0.56796875 0.38671875 0.0171875 0.0421875
2 0.2203125 0.41171875 0.0125 0.0390625
2 0.48671875 0.43125 0.0109375 0.05
2 0.1078125 0.66796875 0.01875 0.0734375
2 0.63828125 0.5125 0.0140625 0.05625
1 0.70859375 0.34140625 0.0109375 0.0328125
3 0.63984375 0.49296875 0.0109375 0.0390625