3 0.48515625 0.44296875 0.0140625 0.0546875
2 0.49375 0.6125 0.025 0.05625
2 0.45703125 0.65625 0.0296875 0.075
2 0.2546875 0.58203125 0.01875 0.0609375
2 0.1109375 0.46875 0.0125 0.05625
2 0.1296875 0.64921875 0.01875 0.0765625
2 0.43046875 0.421875 0.0140625 0.053125
2 0.246875 0.52421875 0.025 0.0609375
2 0.76640625 0.6734375 0.0203125 0.075
2 0.5171875 0.40546875 0.0125 0.0515625
2 0.09765625 0.55703125 0.0140625 0.0734375
2 0.8875 0.50078125 0.0125 0.0640625
2 0.603125 0.37421875 0.0125 0.0515625
2 0.51640625 0.3375 0.0140625 0.04375
2 0.5765625 0.496875 0.0125 0.059375
2 0.0921875 0.6875 0.01875 0.075
2 0.19453125 0.38515625 0.0140625 0.0484375
2 0.38203125 0.3296875 0.0109375 0.04375