2 0.5046875 0.58203125 0.01875 0.0703125
2 0.853125 0.525 0.015625 0.075
1 0.10390625 0.4 0.0109375 0.0625
2 0.9015625 0.37265625 0.0125 0.0578125
2 0.61640625 0.66171875 0.0234375 0.0734375
2 0.67265625 0.478125 0.0140625 0.065625
3 0.51796875 0.42578125 0.0109375 0.0578125
2 0.31171875 0.38125 0.0109375 0.053125
2 0.21953125 0.475 0.0140625 0.0625
2 0.3390625 0.45546875 0.0125 0.0609375
2 0.66015625 0.3953125 0.0109375 0.05625
2 0.5046875 0.37421875 0.0125 0.0546875
2 0.25 0.44765625 0.0125 0.0609375
2 0.5171875 0.3046875 0.01875 0.040625
2 0.2625 0.42421875 0.0125 0.0578125
2 0.36171875 0.4796875 0.0140625 0.0625
2 0.71328125 0.39375 0.0109375 0.05625
2 0.36796875 0.36796875 0.0078125 0.0515625
3 0.4578125 0.2546875 0.0125 0.0375
2 0.47578125 0.2796875 0.0109375 0.0375