2 0.79453125 0.71796875 0.0171875 0.0765625
2 0.8109375 0.3390625 0.0125 0.04375
2 0.17578125 0.7375 0.0140625 0.06875
2 0.68125 0.26640625 0.0125 0.0359375
2 0.50625 0.3046875 0.0125 0.04375
2 0.69921875 0.64296875 0.0203125 0.0609375
2 0.2015625 0.46640625 0.0125 0.0640625
2 0.45546875 0.43671875 0.0140625 0.0546875
2 0.8296875 0.38671875 0.0125 0.0515625
2 0.76015625 0.31328125 0.0140625 0.0421875
2 0.59140625 0.2921875 0.0109375 0.04375
2 0.69765625 0.44375 0.0109375 0.05625
2 0.52890625 0.2125 0.0078125 0.03125
2 0.67890625 0.3859375 0.0109375 0.05
2 0.50703125 0.40078125 0.0109375 0.0515625
2 0.83828125 0.4875 0.0140625 0.0625
2 0.65546875 0.2421875 0.0078125 0.0375
2 0.5890625 0.46875 0.0125 0.05625
2 0.46796875 0.32421875 0.0109375 0.0484375
3 0.59140625 0.3453125 0.0109375 0.046875
3 0.98046875 0.95625 0.0359375 0.084375
2 0.31875 0.27265625 0.009375 0.0421875
2 0.14921875 0.33203125 0.0140625 0.0484375