2 0.57890625 0.66875 0.0140625 0.06875
2 0.83671875 0.4359375 0.0109375 0.05
2 0.7375 0.671875 0.021875 0.065625
2 0.8328125 0.53515625 0.01875 0.0578125
3 0.56875 0.5234375 0.0125 0.0625
2 0.19765625 0.53671875 0.0140625 0.0578125
2 0.4296875 0.54140625 0.015625 0.0578125
2 0.49765625 0.28046875 0.0140625 0.0328125
2 0.725 0.50625 0.0125 0.05625
2 0.64765625 0.4421875 0.0140625 0.05
2 0.41328125 0.31640625 0.0109375 0.0359375
2 0.2625 0.52578125 0.0125 0.0546875
2 0.61328125 0.4515625 0.0109375 0.053125
2 0.46796875 0.41953125 0.0109375 0.0484375
2 0.53671875 0.40625 0.0109375 0.04375
2 0.3453125 0.46015625 0.009375 0.0515625
2 0.6640625 0.3046875 0.009375 0.0375
2 0.29765625 0.4359375 0.0109375 0.05