2 0.12421875 0.7421875 0.0171875 0.0625
2 0.26171875 0.55 0.0203125 0.05625
2 0.62421875 0.58125 0.0171875 0.05625
2 0.309375 0.55625 0.01875 0.05625
2 0.11953125 0.45703125 0.0109375 0.0515625
2 0.10546875 0.5796875 0.0140625 0.06875
3 0.39609375 0.44921875 0.0140625 0.0453125
2 0.5125 0.8390625 0.01875 0.08125
2 0.44296875 0.32890625 0.0109375 0.0390625
2 0.30859375 0.4015625 0.0109375 0.04375
2 0.10546875 0.4859375 0.0140625 0.05625
2 0.525 0.4484375 0.0125 0.046875
2 0.59296875 0.40078125 0.0109375 0.0421875
2 0.27109375 0.41015625 0.0109375 0.0484375
1 0.88671875 0.421875 0.0171875 0.046875
2 0.08125 0.4921875 0.0125 0.05625
2 0.88203125 0.60390625 0.0171875 0.0640625
2 0.49453125 0.32890625 0.0109375 0.0390625
2 0.215625 0.35390625 0.009375 0.0421875
3 0.5625 0.275 0.009375 0.03125
2 0.39296875 0.29921875 0.0078125 0.0359375
1 0.76875 0.42421875 0.015625 0.0453125