2 0.74375 0.68671875 0.0125 0.0578125
2 0.33046875 0.56796875 0.0140625 0.0578125
2 0.68046875 0.53046875 0.0109375 0.0546875
2 0.88828125 0.51640625 0.0140625 0.0578125
2 0.50703125 0.3421875 0.0078125 0.0375
2 0.61796875 0.42421875 0.0140625 0.0484375
2 0.39140625 0.7703125 0.0234375 0.075
2 0.41796875 0.49140625 0.0140625 0.0515625
2 0.81328125 0.3609375 0.0109375 0.0375
2 0.87578125 0.42265625 0.0109375 0.0421875
2 0.13203125 0.52421875 0.0140625 0.0515625
2 0.70625 0.38828125 0.009375 0.0359375
2 0.8421875 0.38046875 0.0125 0.0390625
2 0.59765625 0.5796875 0.0109375 0.059375
2 0.45703125 0.44453125 0.0078125 0.0484375
1 0.2875 0.39296875 0.0125 0.0453125
2 0.6046875 0.30390625 0.009375 0.0328125
3 0.59921875 0.4421875 0.0109375 0.04375
1 0.43046875 0.3109375 0.0078125 0.034375