2 0.36015625 0.58125 0.0203125 0.0625
2 0.3703125 0.38046875 0.01875 0.0421875
2 0.55078125 0.38671875 0.0171875 0.0484375
3 0.51171875 0.5546875 0.0234375 0.059375
2 0.56953125 0.43046875 0.0171875 0.0546875
2 0.44453125 0.4625 0.0203125 0.05625
2 0.28125 0.46796875 0.01875 0.0546875
2 0.5421875 0.47578125 0.015625 0.0578125
2 0.76328125 0.48046875 0.0140625 0.0640625
2 0.68203125 0.615625 0.0234375 0.071875
2 0.71796875 0.5375 0.0140625 0.065625
2 0.509375 0.41796875 0.015625 0.0546875
2 0.43671875 0.39296875 0.0203125 0.0484375
2 0.73125 0.38671875 0.0125 0.0484375
2 0.3 0.41640625 0.015625 0.0515625
2 0.70546875 0.46640625 0.0140625 0.0609375
2 0.60546875 0.44921875 0.0140625 0.0609375
2 0.628125 0.42421875 0.0125 0.0484375