2 0.14140625 0.70546875 0.0234375 0.0671875
2 0.534375 0.5765625 0.0125 0.05625
2 0.425 0.61796875 0.0125 0.0609375
2 0.13671875 0.47265625 0.0109375 0.0484375
3 0.51875 0.403125 0.00625 0.0375
2 0.37578125 0.51796875 0.0109375 0.0515625
2 0.29375 0.39765625 0.0125 0.0359375
2 0.15703125 0.59296875 0.0109375 0.0546875
2 0.3875 0.45 0.0125 0.04375
2 0.71953125 0.39140625 0.0109375 0.0359375
2 0.16328125 0.53046875 0.0140625 0.0546875
2 0.465625 0.38203125 0.009375 0.0328125
2 0.2 0.55390625 0.0125 0.0546875
2 0.49140625 0.60078125 0.0140625 0.0609375
2 0.66953125 0.4265625 0.0109375 0.040625
2 0.63203125 0.38125 0.0078125 0.0375