2 0.53125 0.69453125 0.025 0.0515625
2 0.09453125 0.6546875 0.0171875 0.075
2 0.31953125 0.6 0.0171875 0.0625
2 0.784375 0.6625 0.01875 0.065625
2 0.68203125 0.28671875 0.0140625 0.0359375
2 0.40703125 0.4109375 0.0171875 0.04375
1 0.109375 0.33828125 0.015625 0.0484375
2 0.85546875 0.52421875 0.0140625 0.0609375
2 0.82265625 0.4 0.0109375 0.05
2 0.6921875 0.55546875 0.01875 0.0671875
2 0.25546875 0.40546875 0.0109375 0.0546875
2 0.46171875 0.5984375 0.0171875 0.065625
2 0.1359375 0.53125 0.0125 0.0625
2 0.36875 0.5046875 0.01875 0.0625
2 0.3484375 0.49765625 0.01875 0.0546875
2 0.3390625 0.31328125 0.0125 0.0421875
2 0.3953125 0.26328125 0.0125 0.0390625
2 0.60625 0.44296875 0.0125 0.0515625
2 0.70703125 0.39453125 0.0078125 0.0515625
3 0.475 0.4421875 0.009375 0.05
3 0.4375 0.2046875 0.009375 0.03125