2 0.78203125 0.52265625 0.0203125 0.0640625
2 0.44375 0.4296875 0.01875 0.05625
2 0.14375 0.5296875 0.01875 0.071875
2 0.1625 0.63515625 0.01875 0.0671875
2 0.821875 0.6046875 0.028125 0.06875
2 0.66953125 0.47890625 0.0140625 0.0640625
2 0.62734375 0.73125 0.0171875 0.08125
2 0.8109375 0.53125 0.01875 0.0625
3 0.60625 0.42265625 0.0125 0.0515625
2 0.7328125 0.29375 0.0125 0.04375
2 0.85078125 0.66640625 0.0234375 0.0640625
2 0.65859375 0.40625 0.0140625 0.05625
2 0.209375 0.3953125 0.0125 0.05625
2 0.75 0.42265625 0.0125 0.0546875
2 0.55078125 0.7046875 0.0328125 0.065625
2 0.3546875 0.39921875 0.015625 0.0546875
2 0.38984375 0.5890625 0.0140625 0.06875
2 0.3640625 0.28671875 0.0125 0.0421875
2 0.765625 0.32421875 0.0125 0.0484375
3 0.6734375 0.21015625 0.0125 0.0359375
2 0.8515625 0.40625 0.0125 0.053125