2 0.4 0.65546875 0.025 0.0609375
2 0.8625 0.503125 0.021875 0.05625
2 0.55546875 0.440625 0.0140625 0.05
2 0.2203125 0.6375 0.015625 0.06875
2 0.28046875 0.3625 0.0109375 0.0375
2 0.2671875 0.50078125 0.0125 0.0578125
2 0.68515625 0.63671875 0.0171875 0.0640625
2 0.21953125 0.51953125 0.0140625 0.0578125
2 0.19765625 0.4546875 0.0109375 0.05625
2 0.58671875 0.44453125 0.0109375 0.0546875
2 0.725 0.55 0.0125 0.053125
2 0.23125 0.41328125 0.0125 0.0421875
2 0.1625 0.54296875 0.0125 0.0609375
2 0.38671875 0.40078125 0.0140625 0.0453125
2 0.5875 0.340625 0.0125 0.03125
3 0.46953125 0.3984375 0.0078125 0.04375
2 0.7453125 0.38671875 0.009375 0.0453125
2 0.42265625 0.41171875 0.0109375 0.0421875
2 0.65390625 0.4 0.0109375 0.05
2 0.65546875 0.33046875 0.0078125 0.0359375
2 0.50703125 0.340625 0.0078125 0.0375