3 0.51484375 0.44296875 0.0140625 0.0546875
2 0.50625 0.6125 0.025 0.05625
2 0.54296875 0.65625 0.0296875 0.075
2 0.7453125 0.58203125 0.01875 0.0609375
2 0.8890625 0.46875 0.0125 0.05625
2 0.8703125 0.64921875 0.01875 0.0765625
2 0.56953125 0.421875 0.0140625 0.053125
2 0.753125 0.52421875 0.025 0.0609375
2 0.23359375 0.6734375 0.0203125 0.075
2 0.4828125 0.40546875 0.0125 0.0515625
2 0.90234375 0.55703125 0.0140625 0.0734375
2 0.1125 0.50078125 0.0125 0.0640625
2 0.396875 0.37421875 0.0125 0.0515625
2 0.48359375 0.3375 0.0140625 0.04375
2 0.4234375 0.496875 0.0125 0.059375
2 0.9078125 0.6875 0.01875 0.075
2 0.80546875 0.38515625 0.0140625 0.0484375
2 0.61796875 0.3296875 0.0109375 0.04375