2 0.63984375 0.58125 0.0203125 0.0625
2 0.6296875 0.38046875 0.01875 0.0421875
2 0.44921875 0.38671875 0.0171875 0.0484375
3 0.48828125 0.5546875 0.0234375 0.059375
2 0.43046875 0.43046875 0.0171875 0.0546875
2 0.55546875 0.4625 0.0203125 0.05625
2 0.71875 0.46796875 0.01875 0.0546875
2 0.4578125 0.47578125 0.015625 0.0578125
2 0.23671875 0.48046875 0.0140625 0.0640625
2 0.31796875 0.615625 0.0234375 0.071875
2 0.28203125 0.5375 0.0140625 0.065625
2 0.490625 0.41796875 0.015625 0.0546875
2 0.56328125 0.39296875 0.0203125 0.0484375
2 0.26875 0.38671875 0.0125 0.0484375
2 0.7 0.41640625 0.015625 0.0515625
2 0.29453125 0.46640625 0.0140625 0.0609375
2 0.39453125 0.44921875 0.0140625 0.0609375
2 0.371875 0.42421875 0.0125 0.0484375