2 0.48671875 0.5359375 0.0171875 0.053125
2 0.52109375 0.61796875 0.0234375 0.0609375
2 0.28046875 0.4484375 0.0203125 0.04375
2 0.44453125 0.35 0.0140625 0.0375
3 0.58671875 0.43828125 0.0171875 0.0421875
2 0.68671875 0.49921875 0.0140625 0.0546875
2 0.71328125 0.41171875 0.0109375 0.0484375
2 0.7453125 0.5765625 0.0125 0.053125
2 0.23359375 0.55625 0.0265625 0.059375
2 0.58828125 0.675 0.0203125 0.06875
2 0.51328125 0.525 0.0171875 0.05
2 0.66875 0.38671875 0.0125 0.0453125
2 0.38125 0.5625 0.0125 0.0625
2 0.56796875 0.60078125 0.0140625 0.0609375
2 0.74453125 0.48515625 0.0109375 0.0515625
2 0.70625 0.5421875 0.0125 0.0625
2 0.38203125 0.4125 0.0140625 0.0375
2 0.55625 0.49921875 0.0125 0.0546875
1 0.95703125 0.40625 0.0109375 0.05
2 0.6046875 0.34296875 0.009375 0.0390625
0 0.53203125 0.45625 0.0078125 0.0125