2 0.5484375 0.7671875 0.01875 0.059375
2 0.26953125 0.54375 0.0140625 0.05625
3 0.40390625 0.48515625 0.0171875 0.0484375
2 0.50390625 0.3671875 0.0140625 0.0375
2 0.5421875 0.41875 0.015625 0.0375
2 0.628125 0.47421875 0.0125 0.0546875
2 0.28046875 0.41171875 0.0109375 0.0484375
2 0.3671875 0.40546875 0.0125 0.0421875
2 0.5484375 0.5125 0.01875 0.05
2 0.2703125 0.61796875 0.015625 0.0578125
2 0.63046875 0.7640625 0.0359375 0.071875
2 0.46796875 0.50703125 0.0203125 0.0484375
2 0.76640625 0.5625 0.0171875 0.05625
2 0.89453125 0.5125 0.0171875 0.05
2 0.8921875 0.62421875 0.01875 0.0609375
2 0.403125 0.375 0.009375 0.05
2 0.20703125 0.4625 0.0171875 0.05
1 0.175 0.41953125 0.0125 0.0390625
2 0.825 0.4390625 0.0125 0.046875