2 0.81875 0.734375 0.01875 0.075
2 0.4171875 0.7671875 0.015625 0.075
2 0.1734375 0.4609375 0.015625 0.053125
3 0.93125 0.83515625 0.025 0.0765625
2 0.81171875 0.55625 0.0140625 0.05625
2 0.4390625 0.3609375 0.009375 0.04375
2 0.48046875 0.30390625 0.0078125 0.0359375
3 0.5359375 0.33046875 0.00625 0.0421875
2 0.728125 0.384375 0.0125 0.05
2 0.38515625 0.24296875 0.0109375 0.0296875
2 0.39140625 0.315625 0.0078125 0.04375
2 0.69140625 0.31171875 0.0109375 0.0328125
2 0.59296875 0.42265625 0.0140625 0.0453125
2 0.42578125 0.3859375 0.0109375 0.04375
2 0.43203125 0.24375 0.0109375 0.025
2 0.21953125 0.31875 0.0078125 0.040625
3 0.31171875 0.21796875 0.0078125 0.0265625
2 0.5265625 0.296875 0.009375 0.034375
2 0.6203125 0.2546875 0.009375 0.03125
1 0.925 0.3421875 0.009375 0.040625
0 0.36171875 0.26171875 0.0046875 0.0109375
1 0.06640625 0.3546875 0.0140625 0.04375