2 0.0375 0.546875 0.053125 0.1296875
2 0.15625 0.490625 0.04375 0.13515625
2 0.2546875 0.390625 0.02421875 0.11015625
2 0.18671875 0.52109375 0.03515625 0.11875
3 0.55078125 0.13984375 0.0296875 0.08671875
2 0.4296875 0.3015625 0.0234375 0.0953125
2 0.271875 0.34765625 0.02421875 0.09453125
2 0.46328125 0.4484375 0.046875 0.125
2 0.60703125 0.4 0.03203125 0.10625
2 0.81328125 0.26171875 0.02265625 0.0890625
2 0.79765625 0.38046875 0.0359375 0.10546875
0 0.7625 0.33515625 0.009375 0.01796875
2 0.63203125 0.41484375 0.03671875 0.11796875
3 0.6796875 0.621875 0.0328125 0.1328125
2 0.9703125 0.89921875 0.034375 0.175