2 0.05234375 0.45390625 0.04140625 0.11875
2 0.11015625 0.440625 0.03515625 0.1171875
3 0.4859375 0.146875 0.02265625 0.08984375
2 0.75 0.2875 0.025 0.1078125
0 0.78203125 0.3546875 0.0078125 0.01875
2 0.925 0.42578125 0.034375 0.128125
2 0.6234375 0.36875 0.03359375 0.103125
2 0.46640625 0.28515625 0.02578125 0.0921875
2 0.38671875 0.31015625 0.025 0.1046875
2 0.465625 0.40859375 0.02890625 0.115625
3 0.5921875 0.5734375 0.0328125 0.13515625
2 0.97421875 0.91015625 0.03515625 0.17578125
2 0.45703125 0.37109375 0.03515625 0.10078125