3 0.45390625 0.1265625 0.0328125 0.0859375
2 0.55625 0.32265625 0.02421875 0.11484375
2 0.7109375 0.26171875 0.028125 0.10859375
2 0.3890625 0.259375 0.02421875 0.09296875
2 0.4328125 0.34765625 0.040625 0.09453125
2 0.240625 0.3484375 0.028125 0.12578125
2 0.40390625 0.265625 0.01953125 0.078125
2 0.18984375 0.42265625 0.03984375 0.1109375
2 0.11796875 0.3875 0.03046875 0.115625
2 0.05546875 0.41796875 0.03828125 0.13203125
2 0.45859375 0.39375 0.0296875 0.109375
3 0.53984375 0.53984375 0.02734375 0.12734375
2 0.8609375 0.378125 0.02578125 0.1109375
2 0.9375 0.87890625 0.05234375 0.1640625
0 0.80859375 0.39453125 0.00859375 0.01484375