3 0.54609375 0.1265625 0.0328125 0.0859375
2 0.44375 0.32265625 0.02421875 0.11484375
2 0.2890625 0.26171875 0.028125 0.10859375
2 0.6109375 0.259375 0.02421875 0.09296875
2 0.5671875 0.34765625 0.040625 0.09453125
2 0.759375 0.3484375 0.028125 0.12578125
2 0.59609375 0.265625 0.01953125 0.078125
2 0.81015625 0.42265625 0.03984375 0.1109375
2 0.88203125 0.3875 0.03046875 0.115625
2 0.94453125 0.41796875 0.03828125 0.13203125
2 0.54140625 0.39375 0.0296875 0.109375
3 0.46015625 0.53984375 0.02734375 0.12734375
2 0.1390625 0.378125 0.02578125 0.1109375
2 0.0625 0.87890625 0.05234375 0.1640625
0 0.19140625 0.39453125 0.00859375 0.01484375