2 0.01015625 0.46171875 0.0203125 0.125
3 0.40703125 0.11640625 0.03046875 0.0765625
2 0.51875 0.19609375 0.03046875 0.0875
2 0.46015625 0.31328125 0.0203125 0.09609375
2 0.53828125 0.29921875 0.01953125 0.10234375
2 0.25390625 0.27109375 0.0265625 0.09375
2 0.128125 0.3859375 0.03671875 0.115625
2 0.1921875 0.41953125 0.0328125 0.10859375
2 0.28671875 0.45390625 0.040625 0.1140625
2 0.27421875 0.7140625 0.0375 0.14140625
2 0.41171875 0.65390625 0.0375 0.140625
3 0.5640625 0.4890625 0.03125 0.12890625
2 0.72265625 0.325 0.028125 0.1046875
2 0.74296875 0.44375 0.0234375 0.1125
2 0.73671875 0.65703125 0.03203125 0.13984375
2 0.74765625 0.42109375 0.02578125 0.09296875
2 0.87890625 0.72890625 0.04296875 0.16484375
0 0.52421875 0.32578125 0.009375 0.01953125