3 0.44375 0.13671875 0.021875 0.090625
2 0.525 0.20859375 0.028125 0.090625
2 0.31796875 0.2828125 0.02265625 0.09765625
2 0.5453125 0.32265625 0.03671875 0.08828125
2 0.6046875 0.30859375 0.0328125 0.0953125
2 0.77265625 0.33359375 0.028125 0.09921875
2 0.15859375 0.39765625 0.0296875 0.12109375
2 0.3109375 0.4046875 0.028125 0.0640625
3 0.62890625 0.50234375 0.0265625 0.12578125
2 0.81015625 0.434375 0.02890625 0.10859375
2 0.86640625 0.47578125 0.028125 0.1203125
2 0.8125 0.6953125 0.02890625 0.1421875
2 0.9578125 0.76328125 0.04375 0.16328125
2 0.471875 0.6875 0.03046875 0.140625
2 0.321875 0.73828125 0.040625 0.13828125
2 0.31015625 0.4671875 0.03671875 0.115625
2 0.0125 0.45078125 0.025 0.0984375
2 0.02421875 0.5296875 0.03359375 0.13046875
0 0.59140625 0.3390625 0.00703125 0.0125