2 0.01640625 0.4953125 0.0328125 0.128125
2 0.0578125 0.5203125 0.0359375 0.12578125
2 0.3296875 0.7546875 0.03671875 0.1609375
2 0.5171875 0.73203125 0.028125 0.14453125
2 0.4890625 0.421875 0.0234375 0.103125
2 0.33125 0.46953125 0.02890625 0.1234375
2 0.24453125 0.40625 0.03515625 0.1078125
2 0.365625 0.2890625 0.0265625 0.10234375
3 0.4625 0.17421875 0.01953125 0.08046875
2 0.515625 0.23359375 0.02265625 0.08203125
2 0.56796875 0.3265625 0.03046875 0.10078125
2 0.61953125 0.30859375 0.02421875 0.0953125
2 0.80859375 0.35 0.02421875 0.0921875
2 0.840625 0.44609375 0.0390625 0.1046875
2 0.88046875 0.7453125 0.03359375 0.153125
2 0.99296875 0.81796875 0.0140625 0.1203125
3 0.659375 0.50625 0.02421875 0.11875
0 0.6109375 0.33515625 0.0078125 0.01484375