2 0.98359375 0.4953125 0.0328125 0.128125
2 0.9421875 0.5203125 0.0359375 0.12578125
2 0.6703125 0.7546875 0.03671875 0.1609375
2 0.4828125 0.73203125 0.028125 0.14453125
2 0.5109375 0.421875 0.0234375 0.103125
2 0.66875 0.46953125 0.02890625 0.1234375
2 0.75546875 0.40625 0.03515625 0.1078125
2 0.634375 0.2890625 0.0265625 0.10234375
3 0.5375 0.17421875 0.01953125 0.08046875
2 0.484375 0.23359375 0.02265625 0.08203125
2 0.43203125 0.3265625 0.03046875 0.10078125
2 0.38046875 0.30859375 0.02421875 0.0953125
2 0.19140625 0.35 0.02421875 0.0921875
2 0.159375 0.44609375 0.0390625 0.1046875
2 0.11953125 0.7453125 0.03359375 0.153125
2 0.00703125 0.81796875 0.0140625 0.1203125
3 0.340625 0.50625 0.02421875 0.11875
0 0.3890625 0.33515625 0.0078125 0.01484375