2 0.015625 0.74765625 0.03125 0.1578125
2 0.15 0.87109375 0.04453125 0.16640625
2 0.065625 0.61875 0.03125 0.14453125
2 0.25625 0.4703125 0.040625 0.1296875
2 0.471875 0.58359375 0.0390625 0.13359375
2 0.6171875 0.4421875 0.0203125 0.115625
2 0.65390625 0.2453125 0.015625 0.07265625
3 0.58828125 0.2 0.028125 0.0890625
2 0.553125 0.28359375 0.0265625 0.08515625
2 0.51171875 0.42265625 0.02578125 0.1078125
2 0.9484375 0.3625 0.0234375 0.0984375
2 0.73046875 0.95703125 0.0328125 0.08515625
3 0.76328125 0.53515625 0.025 0.134375
0 0.6203125 0.21484375 0.00703125 0.0171875