2 0.9015625 0.7671875 0.04140625 0.153125
2 0.525 0.24375 0.02421875 0.0796875
2 0.56796875 0.3171875 0.02734375 0.09296875
2 0.634375 0.303125 0.034375 0.0828125
2 0.81484375 0.34453125 0.01640625 0.0984375
2 0.8296875 0.44140625 0.0296875 0.09921875
3 0.65859375 0.50390625 0.02734375 0.11796875
2 0.53359375 0.41953125 0.021875 0.1015625
2 0.40625 0.2828125 0.02265625 0.0875
2 0.334375 0.46015625 0.028125 0.12421875
2 0.234375 0.4109375 0.0375 0.1171875
2 0.028125 0.52265625 0.02890625 0.1265625
2 0.31640625 0.7578125 0.03671875 0.1515625
2 0.528125 0.753125 0.03515625 0.14296875
2 0.0125 0.50625 0.025 0.125
0 0.55625 0.3 0.00703125 0.01328125
3 0.46171875 0.19140625 0.01953125 0.0890625