2 0.559375 0.25625 0.02265625 0.084375
2 0.61953125 0.30703125 0.03828125 0.07109375
2 0.4765625 0.28359375 0.0296875 0.08125
2 0.5703125 0.3203125 0.0359375 0.08046875
3 0.6625 0.4953125 0.025 0.1125
2 0.8296875 0.44765625 0.02578125 0.1203125
2 0.9140625 0.7875 0.040625 0.16015625
2 0.54140625 0.76796875 0.0390625 0.1578125
2 0.315625 0.75546875 0.0328125 0.15859375
2 0.35234375 0.46015625 0.02734375 0.12734375
2 0.55859375 0.4140625 0.02578125 0.1
2 0.2203125 0.41875 0.0359375 0.121875
2 0.01796875 0.540625 0.0359375 0.1375
2 0.8234375 0.34296875 0.02109375 0.09609375
3 0.46484375 0.203125 0.0265625 0.08203125
0 0.5515625 0.296875 0.0078125 0.01171875