2 0.6875 0.7515625 0.03671875 0.1546875
2 0.1796875 0.33125 0.0296875 0.103125
2 0.16640625 0.4359375 0.021875 0.103125
2 0.07109375 0.7921875 0.03203125 0.15390625
2 0.4546875 0.77265625 0.03671875 0.1515625
2 0.63359375 0.4484375 0.0234375 0.125
2 0.80703125 0.4203125 0.03515625 0.11015625
2 0.4234375 0.40078125 0.02578125 0.10390625
3 0.3390625 0.4953125 0.02734375 0.11953125
3 0.53125 0.20390625 0.01953125 0.0875
2 0.47109375 0.3078125 0.03984375 0.07734375
2 0.415625 0.2703125 0.01953125 0.071875
2 0.4671875 0.27265625 0.0171875 0.06953125
2 0.4421875 0.29609375 0.0328125 0.0796875
0 0.421875 0.3 0.00859375 0.0140625