2 0.93203125 0.78828125 0.034375 0.15625
2 0.54609375 0.76953125 0.0390625 0.14921875
2 0.3015625 0.7328125 0.0328125 0.15078125
2 0.1828125 0.41875 0.028125 0.11796875
2 0.37421875 0.4421875 0.0328125 0.12109375
2 0.8296875 0.428125 0.02421875 0.1
2 0.79453125 0.32890625 0.0265625 0.08203125
2 0.58984375 0.3921875 0.03359375 0.09140625
2 0.459375 0.30234375 0.0328125 0.08984375
3 0.6515625 0.4828125 0.0234375 0.12421875
2 0.6140625 0.28671875 0.04296875 0.0734375
2 0.5875 0.2828125 0.02890625 0.0625
2 0.47734375 0.28203125 0.0265625 0.0859375
0 0.6015625 0.32109375 0.00859375 0.0140625
3 0.4671875 0.20078125 0.01796875 0.0859375