2 0.37265625 0.73671875 0.0328125 0.146875
2 0.6390625 0.68125 0.03125 0.15390625
2 0.921875 0.478125 0.04296875 0.11796875
2 0.86875 0.4703125 0.03125 0.11328125
2 0.76015625 0.39921875 0.02890625 0.11640625
2 0.53828125 0.39765625 0.040625 0.11328125
3 0.2796875 0.46171875 0.03359375 0.11875
2 0.3671875 0.37734375 0.04375 0.09453125
2 0.1921875 0.31328125 0.028125 0.0890625
2 0.0875 0.40078125 0.02890625 0.10390625
2 0.5734375 0.29375 0.03203125 0.08671875
2 0.47421875 0.2390625 0.02265625 0.08125
2 0.3578125 0.296875 0.02890625 0.09296875
3 0.42578125 0.18203125 0.03125 0.07890625
2 0.37265625 0.2875 0.0296875 0.0796875
0 0.37734375 0.33671875 0.00859375 0.015625