2 0.01484375 0.721875 0.0296875 0.146875
2 0.0234375 0.55390625 0.03671875 0.13046875
2 0.6375 0.221875 0.02265625 0.08515625
2 0.30625 0.37578125 0.03046875 0.1125
2 0.23984375 0.41171875 0.03203125 0.10703125
2 0.43671875 0.63828125 0.0296875 0.14375
2 0.221875 0.41875 0.03984375 0.1109375
2 0.703125 0.696875 0.03203125 0.15
2 0.534375 0.36484375 0.0484375 0.0875
2 0.67734375 0.38359375 0.03671875 0.10234375
3 0.80625 0.4359375 0.02578125 0.12109375
2 0.8703125 0.3171875 0.02578125 0.09375
2 0.5 0.30390625 0.028125 0.09140625
3 0.6578125 0.16484375 0.02890625 0.0796875
2 0.65546875 0.29609375 0.021875 0.0890625
2 0.64140625 0.290625 0.021875 0.08359375
2 0.9921875 0.3875 0.015625 0.10625
0 0.64765625 0.34296875 0.009375 0.0171875