2 0.88984375 0.65 0.03125 0.15078125
2 0.87578125 0.515625 0.0265625 0.1296875
2 0.503125 0.5875 0.03125 0.13359375
2 0.246875 0.65703125 0.03515625 0.13984375
2 0.0890625 0.3171875 0.02578125 0.1
3 0.11796875 0.40078125 0.02578125 0.115625
3 0.2765625 0.15546875 0.025 0.0734375
2 0.60625 0.3609375 0.025 0.11796875
2 0.675 0.38515625 0.02265625 0.09921875
2 0.6703125 0.3625 0.0296875 0.103125
2 0.3234375 0.30234375 0.028125 0.0984375
2 0.375 0.35390625 0.0265625 0.07734375
2 0.40625 0.3109375 0.0359375 0.090625
2 0.27421875 0.22109375 0.01953125 0.08984375
2 0.321875 0.38515625 0.02421875 0.1015625
2 0.3734375 0.28125 0.02421875 0.09296875
0 0.3328125 0.34609375 0.009375 0.0203125