2 0.11015625 0.65 0.03125 0.15078125
2 0.12421875 0.515625 0.0265625 0.1296875
2 0.496875 0.5875 0.03125 0.13359375
2 0.753125 0.65703125 0.03515625 0.13984375
2 0.9109375 0.3171875 0.02578125 0.1
3 0.88203125 0.40078125 0.02578125 0.115625
3 0.7234375 0.15546875 0.025 0.0734375
2 0.39375 0.3609375 0.025 0.11796875
2 0.325 0.38515625 0.02265625 0.09921875
2 0.3296875 0.3625 0.0296875 0.103125
2 0.6765625 0.30234375 0.028125 0.0984375
2 0.625 0.35390625 0.0265625 0.07734375
2 0.59375 0.3109375 0.0359375 0.090625
2 0.72578125 0.22109375 0.01953125 0.08984375
2 0.678125 0.38515625 0.02421875 0.1015625
2 0.6265625 0.28125 0.02421875 0.09296875
0 0.6671875 0.34609375 0.009375 0.0203125