1 0.975 0.34609375 0.0265625 0.11484375
2 0.82890625 0.47578125 0.0296875 0.11796875
2 0.8609375 0.5734375 0.03828125 0.121875
2 0.5234375 0.52265625 0.03203125 0.11875
2 0.59609375 0.38984375 0.0171875 0.121875
2 0.275 0.6046875 0.034375 0.13828125
2 0.46875 0.38671875 0.0375 0.09765625
2 0.57890625 0.340625 0.01875 0.10625
2 0.49765625 0.29375 0.02265625 0.09375
2 0.56484375 0.3125 0.0265625 0.09609375
2 0.3796875 0.3296875 0.0234375 0.11328125
2 0.1375 0.3234375 0.02890625 0.09921875
2 0.3515625 0.309375 0.02421875 0.096875
2 0.228125 0.225 0.0265625 0.09375
2 0.33828125 0.34921875 0.0296875 0.05
3 0.12265625 0.39296875 0.028125 0.10859375
3 0.24375 0.14140625 0.021875 0.078125
0 0.390625 0.36484375 0.00859375 0.0171875