2 0.01796875 0.9390625 0.0359375 0.121875
2 0.66484375 0.25546875 0.02578125 0.08046875
2 0.58828125 0.28046875 0.03046875 0.075
2 0.4984375 0.4265625 0.02734375 0.11171875
2 0.61875 0.43046875 0.0296875 0.10078125
3 0.8015625 0.5234375 0.0296875 0.1234375
2 0.940625 0.359375 0.02109375 0.1
2 0.71015625 0.95546875 0.03203125 0.08828125
2 0.44296875 0.56796875 0.03984375 0.125
2 0.2390625 0.47890625 0.04609375 0.1234375
2 0.05390625 0.6140625 0.03359375 0.134375
2 0.00859375 0.7234375 0.0171875 0.125
2 0.0796875 0.81640625 0.046875 0.146875
3 0.5859375 0.21328125 0.025 0.084375
0 0.64921875 0.2828125 0.0078125 0.0140625