1 0.0125 0.3375 0.02421875 0.11640625
2 0.178125 0.4765625 0.02578125 0.12578125
2 0.16875 0.571875 0.03359375 0.12265625
2 0.48515625 0.5234375 0.03828125 0.1109375
2 0.3953125 0.40078125 0.02109375 0.125
2 0.70625 0.58671875 0.03203125 0.1328125
2 0.46875 0.39765625 0.02734375 0.10390625
2 0.4 0.334375 0.01484375 0.10625
2 0.58828125 0.30859375 0.03828125 0.0890625
2 0.4609375 0.2875 0.0203125 0.09609375
2 0.440625 0.31171875 0.01796875 0.10234375
2 0.62265625 0.31484375 0.01875 0.09609375
2 0.76015625 0.23046875 0.02109375 0.09296875
2 0.8328125 0.31015625 0.02421875 0.10078125
2 0.92890625 0.3484375 0.02109375 0.10078125
3 0.89140625 0.4046875 0.0265625 0.1140625
3 0.74921875 0.14140625 0.0234375 0.08125
2 0.6359375 0.334375 0.01796875 0.05703125
0 0.59453125 0.34375 0.0109375 0.01796875