2 0.9140625 0.5921875 0.03046875 0.13203125
2 0.9421875 0.50390625 0.02890625 0.128125
2 0.72109375 0.42734375 0.0203125 0.12265625
2 0.55625 0.54921875 0.03125 0.1140625
2 0.39765625 0.58671875 0.03203125 0.11640625
2 0.675 0.4203125 0.02265625 0.1078125
2 0.728125 0.3484375 0.02578125 0.10625
2 0.66796875 0.32265625 0.02890625 0.10234375
2 0.5109375 0.33828125 0.03203125 0.09296875
2 0.6609375 0.29375 0.0140625 0.08671875
2 0.2578125 0.33203125 0.03671875 0.06484375
2 0.315625 0.3140625 0.03125 0.078125
2 0.35546875 0.25625 0.03046875 0.0859375
2 0.4921875 0.3234375 0.03671875 0.07578125
3 0.178125 0.415625 0.0296875 0.11484375
3 0.37734375 0.15546875 0.0265625 0.07890625
2 0.49140625 0.3078125 0.03203125 0.08671875
2 0.015625 0.62734375 0.028125 0.1390625
0 0.33984375 0.3390625 0.00859375 0.0171875