2 0.01875 0.6078125 0.0375 0.13671875
2 0.1625 0.42109375 0.02578125 0.12890625
2 0.24765625 0.27265625 0.01953125 0.09453125
2 0.2546875 0.4109375 0.03984375 0.10859375
2 0.42890625 0.3453125 0.040625 0.09140625
2 0.465625 0.5625 0.04140625 0.12734375
2 0.56015625 0.54296875 0.03125 0.125
2 0.4671875 0.325 0.034375 0.09375
2 0.165625 0.32890625 0.025 0.1046875
2 0.49609375 0.30546875 0.02421875 0.103125
2 0.56953125 0.32421875 0.03046875 0.0828125
2 0.9046875 0.5828125 0.02265625 0.128125
3 0.8 0.39453125 0.03359375 0.121875
3 0.52734375 0.12734375 0.02421875 0.08828125
2 0.57578125 0.22890625 0.0296875 0.0859375
2 0.5921875 0.2890625 0.02421875 0.08125
2 0.9953125 0.61328125 0.009375 0.1421875
0 0.49921875 0.37109375 0.01015625 0.01875
2 0.23359375 0.29765625 0.01796875 0.10625