2 0.94921875 0.58359375 0.04296875 0.1390625
2 0.46328125 0.1953125 0.02265625 0.1
2 0.72578125 0.378125 0.028125 0.11328125
2 0.51796875 0.2859375 0.02265625 0.1046875
2 0.44609375 0.315625 0.02265625 0.09453125
2 0.38203125 0.2578125 0.03515625 0.09765625
2 0.790625 0.23828125 0.02421875 0.1015625
2 0.80625 0.2578125 0.01953125 0.10703125
2 0.88828125 0.29921875 0.025 0.115625
2 0.9 0.39296875 0.02421875 0.125
2 0.54609375 0.3578125 0.059375 0.04765625
2 0.4375 0.478125 0.034375 0.115625
2 0.44296875 0.53515625 0.04765625 0.134375
2 0.525 0.3109375 0.053125 0.08984375
3 0.18046875 0.346875 0.0375 0.11328125
2 0.13828125 0.47578125 0.0328125 0.11484375
2 0.040625 0.50078125 0.04453125 0.134375
3 0.51796875 0.084375 0.01875 0.09453125
0 0.459375 0.44140625 0.01015625 0.02421875