3 0.48515625 0.05390625 0.0203125 0.08515625
3 0.409375 0.4734375 0.02734375 0.1125
2 0.49765625 0.28828125 0.02109375 0.10859375
2 0.4546875 0.34765625 0.0234375 0.109375
2 0.40625 0.24140625 0.025 0.09375
2 0.3140625 0.36171875 0.02265625 0.10546875
2 0.38671875 0.2390625 0.0203125 0.0796875
2 0.3265625 0.5359375 0.0234375 0.12265625
2 0.69453125 0.40546875 0.02578125 0.109375
2 0.69609375 0.2375 0.02421875 0.09453125
2 0.74921875 0.28671875 0.02421875 0.1015625
2 0.778125 0.3015625 0.0234375 0.10390625
2 0.84921875 0.37578125 0.025 0.121875
2 0.92890625 0.44296875 0.02734375 0.11328125
2 0.75390625 0.57265625 0.03046875 0.13203125
2 0.29609375 0.615625 0.02265625 0.13203125
2 0.425 0.890625 0.028125 0.1609375
2 0.040625 0.20234375 0.02890625 0.090625
2 0.1046875 0.53046875 0.0265625 0.1390625
0 0.41328125 0.27109375 0.009375 0.01953125