3 0.51484375 0.05390625 0.0203125 0.08515625
3 0.590625 0.4734375 0.02734375 0.1125
2 0.50234375 0.28828125 0.02109375 0.10859375
2 0.5453125 0.34765625 0.0234375 0.109375
2 0.59375 0.24140625 0.025 0.09375
2 0.6859375 0.36171875 0.02265625 0.10546875
2 0.61328125 0.2390625 0.0203125 0.0796875
2 0.6734375 0.5359375 0.0234375 0.12265625
2 0.30546875 0.40546875 0.02578125 0.109375
2 0.30390625 0.2375 0.02421875 0.09453125
2 0.25078125 0.28671875 0.02421875 0.1015625
2 0.221875 0.3015625 0.0234375 0.10390625
2 0.15078125 0.37578125 0.025 0.121875
2 0.07109375 0.44296875 0.02734375 0.11328125
2 0.24609375 0.57265625 0.03046875 0.13203125
2 0.70390625 0.615625 0.02265625 0.13203125
2 0.575 0.890625 0.028125 0.1609375
2 0.959375 0.20234375 0.02890625 0.090625
2 0.8953125 0.53046875 0.0265625 0.1390625
0 0.58671875 0.27109375 0.009375 0.01953125