3 0.46640625 0.06875 0.0203125 0.0859375
3 0.34609375 0.45078125 0.02421875 0.11640625
2 0.90625 0.42890625 0.03359375 0.12578125
2 0.809375 0.37578125 0.025 0.11875
2 0.68359375 0.39765625 0.02890625 0.11015625
2 0.71875 0.58203125 0.0296875 0.13203125
2 0.75 0.2921875 0.028125 0.10859375
2 0.61484375 0.23515625 0.02265625 0.0859375
2 0.48125 0.271875 0.02421875 0.09375
2 0.72890625 0.27265625 0.021875 0.09375
2 0.4375 0.3546875 0.02578125 0.1
2 0.43125 0.24765625 0.0390625 0.0765625
2 0.36328125 0.2265625 0.0234375 0.0828125
0 0.4484375 0.2765625 0.009375 0.015625
2 0.4671875 0.88984375 0.0359375 0.16171875
2 0.25703125 0.53046875 0.02578125 0.12578125
2 0.21796875 0.35859375 0.02578125 0.10546875
2 0.24375 0.63828125 0.02109375 0.13515625
2 0.003125 0.55703125 0.00625 0.08515625
2 0.03671875 0.2046875 0.021875 0.0890625