3 0.53359375 0.06875 0.0203125 0.0859375
3 0.65390625 0.45078125 0.02421875 0.11640625
2 0.09375 0.42890625 0.03359375 0.12578125
2 0.190625 0.37578125 0.025 0.11875
2 0.31640625 0.39765625 0.02890625 0.11015625
2 0.28125 0.58203125 0.0296875 0.13203125
2 0.25 0.2921875 0.028125 0.10859375
2 0.38515625 0.23515625 0.02265625 0.0859375
2 0.51875 0.271875 0.02421875 0.09375
2 0.27109375 0.27265625 0.021875 0.09375
2 0.5625 0.3546875 0.02578125 0.1
2 0.56875 0.24765625 0.0390625 0.0765625
2 0.63671875 0.2265625 0.0234375 0.0828125
0 0.5515625 0.2765625 0.009375 0.015625
2 0.5328125 0.88984375 0.0359375 0.16171875
2 0.74296875 0.53046875 0.02578125 0.12578125
2 0.78203125 0.35859375 0.02578125 0.10546875
2 0.75625 0.63828125 0.02109375 0.13515625
2 0.996875 0.55703125 0.00625 0.08515625
2 0.96328125 0.2046875 0.021875 0.0890625