2 0.62421875 0.9234375 0.05546875 0.153125
2 0.95390625 0.7234375 0.034375 0.153125
2 0.9890625 0.59375 0.021875 0.13828125
2 0.91953125 0.37578125 0.028125 0.10859375
2 0.47421875 0.634375 0.02734375 0.1359375
2 0.1890625 0.4265625 0.034375 0.11796875
2 0.3109375 0.396875 0.02578125 0.1203125
2 0.3875 0.42578125 0.03125 0.1140625
2 0.64453125 0.38515625 0.02265625 0.115625
2 0.71484375 0.2390625 0.01953125 0.0921875
2 0.58984375 0.28359375 0.0296875 0.0875
2 0.40703125 0.31484375 0.025 0.11328125
2 0.5546875 0.271875 0.03359375 0.0796875
2 0.42578125 0.27890625 0.02265625 0.096875
2 0.56484375 0.2484375 0.01640625 0.0859375
3 0.87109375 0.428125 0.0265625 0.1171875
3 0.675 0.10625 0.01796875 0.07890625
0 0.5546875 0.215625 0.0078125 0.01484375