2 0.321875 0.946875 0.03515625 0.10625
2 0.959375 0.9140625 0.0359375 0.16015625
2 0.97890625 0.78828125 0.040625 0.1625
2 0.5890625 0.55234375 0.0328125 0.12265625
2 0.5046875 0.41640625 0.0375 0.090625
2 0.79453125 0.47890625 0.03984375 0.12109375
2 0.9671875 0.59140625 0.02734375 0.13984375
2 0.37578125 0.41171875 0.02265625 0.10703125
2 0.4 0.27421875 0.025 0.07265625
2 0.328125 0.25625 0.02109375 0.07421875
2 0.0796875 0.35 0.03125 0.0890625
3 0.1875 0.50546875 0.0234375 0.11875
3 0.4171875 0.21484375 0.02578125 0.0859375
0 0.3421875 0.2859375 0.009375 0.01875