2 0.678125 0.946875 0.03515625 0.10625
2 0.040625 0.9140625 0.0359375 0.16015625
2 0.02109375 0.78828125 0.040625 0.1625
2 0.4109375 0.55234375 0.0328125 0.12265625
2 0.4953125 0.41640625 0.0375 0.090625
2 0.20546875 0.47890625 0.03984375 0.12109375
2 0.0328125 0.59140625 0.02734375 0.13984375
2 0.62421875 0.41171875 0.02265625 0.10703125
2 0.6 0.27421875 0.025 0.07265625
2 0.671875 0.25625 0.02109375 0.07421875
2 0.9203125 0.35 0.03125 0.0890625
3 0.8125 0.50546875 0.0234375 0.11875
3 0.5828125 0.21484375 0.02578125 0.0859375
0 0.6578125 0.2859375 0.009375 0.01875