2 0.33984375 0.9390625 0.028125 0.121875
2 0.45 0.68828125 0.02578125 0.15078125
2 0.33828125 0.41640625 0.03828125 0.121875
3 0.09765625 0.43828125 0.03203125 0.12265625
3 0.2953125 0.13515625 0.034375 0.084375
2 0.0640625 0.39453125 0.03203125 0.10625
2 0.6421875 0.46171875 0.04140625 0.10234375
2 0.7015625 0.42734375 0.04140625 0.1140625
2 0.8109375 0.4546875 0.03671875 0.11953125
2 0.59453125 0.346875 0.04453125 0.103125
2 0.43671875 0.29296875 0.0453125 0.0765625
2 0.3703125 0.30625 0.02890625 0.10234375
2 0.2890625 0.265625 0.02421875 0.08984375
2 0.45859375 0.26640625 0.03515625 0.07578125
2 0.5453125 0.31328125 0.03359375 0.09296875
0 0.47578125 0.303125 0.009375 0.01640625