2 0.75546875 0.96015625 0.0359375 0.0796875
3 0.9765625 0.4484375 0.04453125 0.11484375
3 0.77421875 0.1515625 0.034375 0.0890625
2 0.7734375 0.27734375 0.04140625 0.09765625
2 0.71171875 0.4359375 0.04296875 0.1125
2 0.659375 0.73359375 0.0390625 0.1640625
2 0.71484375 0.33671875 0.03984375 0.1078125
2 0.57890625 0.30234375 0.034375 0.0828125
2 0.44375 0.36171875 0.03984375 0.1078125
2 0.2359375 0.46796875 0.04296875 0.1140625
2 0.3609375 0.47734375 0.0453125 0.1109375
2 0.525 0.34375 0.01953125 0.109375
2 0.3203125 0.446875 0.040625 0.11640625
2 0.5546875 0.2875 0.0375 0.08359375
0 0.51484375 0.328125 0.01015625 0.0171875