2 0.24453125 0.96015625 0.0359375 0.0796875
3 0.0234375 0.4484375 0.04453125 0.11484375
3 0.22578125 0.1515625 0.034375 0.0890625
2 0.2265625 0.27734375 0.04140625 0.09765625
2 0.28828125 0.4359375 0.04296875 0.1125
2 0.340625 0.73359375 0.0390625 0.1640625
2 0.28515625 0.33671875 0.03984375 0.1078125
2 0.42109375 0.30234375 0.034375 0.0828125
2 0.55625 0.36171875 0.03984375 0.1078125
2 0.7640625 0.46796875 0.04296875 0.1140625
2 0.6390625 0.47734375 0.0453125 0.1109375
2 0.475 0.34375 0.01953125 0.109375
2 0.6796875 0.446875 0.040625 0.11640625
2 0.4453125 0.2875 0.0375 0.08359375
0 0.48515625 0.328125 0.01015625 0.0171875