2 0.82109375 0.690625 0.0328125 0.12109375
2 0.60390625 0.76015625 0.03203125 0.13125
2 0.67734375 0.4359375 0.01796875 0.08984375
2 0.62265625 0.3125 0.0203125 0.071875
2 0.47109375 0.30078125 0.0234375 0.0796875
2 0.46796875 0.4546875 0.0328125 0.084375
2 0.0109375 0.53984375 0.021875 0.10390625
2 0.4796875 0.375 0.03125 0.08515625
2 0.44609375 0.4328125 0.034375 0.078125
2 0.36796875 0.1546875 0.02578125 0.0640625
2 0.175 0.296875 0.02734375 0.075
2 0.0546875 0.4421875 0.02734375 0.10625
2 0.0265625 0.496875 0.03203125 0.11015625
3 0.2953125 0.12890625 0.01796875 0.06328125
3 0.5046875 0.3828125 0.01875 0.08359375