2 0.0171875 0.61328125 0.034375 0.103125
2 0.14375 0.5078125 0.03125 0.1109375
2 0.3484375 0.31484375 0.02265625 0.08203125
2 0.5375 0.1640625 0.01640625 0.07265625
3 0.4859375 0.13515625 0.0171875 0.07890625
3 0.7421875 0.428125 0.03359375 0.09609375
2 0.83203125 0.4640625 0.03515625 0.09453125
2 0.20703125 0.47421875 0.025 0.1140625
2 0.35390625 0.4265625 0.03203125 0.1
2 0.5 0.4453125 0.04453125 0.0859375
2 0.60546875 0.3234375 0.03828125 0.0953125
2 0.67578125 0.4609375 0.0390625 0.0578125
2 0.7765625 0.365625 0.0234375 0.0859375
2 0.65625 0.47265625 0.04375 0.03359375
2 0.8046875 0.75703125 0.034375 0.1390625
0 0.48984375 0.4796875 0.009375 0.01875