2 0.19453125 0.9546875 0.0453125 0.090625
2 0.0234375 0.58203125 0.0359375 0.121875
2 0.16953125 0.465625 0.02578125 0.1109375
2 0.5484375 0.14921875 0.01953125 0.06484375
2 0.59921875 0.30546875 0.02109375 0.0875
2 0.37578125 0.29921875 0.01796875 0.090625
2 0.38671875 0.39765625 0.0234375 0.10546875
2 0.465625 0.4609375 0.03515625 0.09609375
2 0.2421875 0.43515625 0.0234375 0.103125
2 0.8625 0.715625 0.03671875 0.11484375
2 0.81328125 0.45078125 0.034375 0.08671875
2 0.7734375 0.3609375 0.02578125 0.0765625
2 0.70390625 0.4109375 0.028125 0.0921875
3 0.50390625 0.1078125 0.0171875 0.0703125
3 0.7609375 0.42109375 0.025 0.08203125
2 0.6875 0.4484375 0.04765625 0.0375
0 0.515625 0.51875 0.009375 0.01796875