2 0.76015625 0.87421875 0.05703125 0.13359375
2 0.853125 0.41796875 0.01484375 0.115625
2 0.47734375 0.11328125 0.02109375 0.059375
3 0.521875 0.06015625 0.01484375 0.07421875
3 0.25859375 0.39140625 0.03359375 0.096875
2 0.44296875 0.27265625 0.0234375 0.08984375
2 0.64375 0.259375 0.02265625 0.09140625
2 0.77265625 0.38828125 0.034375 0.103125
2 0.6421875 0.3484375 0.025 0.109375
2 0.5609375 0.4640625 0.03984375 0.10078125
2 0.3703125 0.35546875 0.02734375 0.06484375
2 0.234375 0.334375 0.02890625 0.08203125
2 0.19765625 0.42109375 0.028125 0.09140625
2 0.090625 0.6546875 0.0421875 0.11484375
2 0.34765625 0.3921875 0.03671875 0.05
0 0.5265625 0.51953125 0.01015625 0.01640625