2 0.0984375 0.6078125 0.02890625 0.11875
2 0.93828125 0.27734375 0.0265625 0.0875
2 0.8015625 0.36015625 0.03125 0.0953125
2 0.7515625 0.4890625 0.01875 0.10703125
2 0.61953125 0.46328125 0.02109375 0.10625
2 0.71484375 0.471875 0.021875 0.11875
2 0.5625 0.41796875 0.02109375 0.09765625
3 0.73515625 0.46484375 0.02578125 0.1078125
2 0.6 0.43125 0.025 0.1
2 0.50859375 0.41015625 0.01796875 0.115625
2 0.44296875 0.29375 0.0203125 0.0921875
2 0.490625 0.359375 0.02109375 0.0890625
2 0.25703125 0.425 0.03046875 0.10546875
2 0.2515625 0.62109375 0.03828125 0.11875
2 0.08984375 0.56875 0.0359375 0.121875
2 0.234375 0.36640625 0.01875 0.1046875
0 0.503125 0.346875 0.00859375 0.01640625