2 0.9015625 0.6078125 0.02890625 0.11875
2 0.06171875 0.27734375 0.0265625 0.0875
2 0.1984375 0.36015625 0.03125 0.0953125
2 0.2484375 0.4890625 0.01875 0.10703125
2 0.38046875 0.46328125 0.02109375 0.10625
2 0.28515625 0.471875 0.021875 0.11875
2 0.4375 0.41796875 0.02109375 0.09765625
3 0.26484375 0.46484375 0.02578125 0.1078125
2 0.4 0.43125 0.025 0.1
2 0.49140625 0.41015625 0.01796875 0.115625
2 0.55703125 0.29375 0.0203125 0.0921875
2 0.509375 0.359375 0.02109375 0.0890625
2 0.74296875 0.425 0.03046875 0.10546875
2 0.7484375 0.62109375 0.03828125 0.11875
2 0.91015625 0.56875 0.0359375 0.121875
2 0.765625 0.36640625 0.01875 0.1046875
0 0.496875 0.346875 0.00859375 0.01640625