2 0.91484375 0.60546875 0.034375 0.1234375
2 0.9109375 0.55234375 0.0265625 0.0921875
2 0.7859375 0.6328125 0.0203125 0.12578125
2 0.75 0.428125 0.02890625 0.10234375
2 0.5484375 0.29296875 0.0234375 0.0859375
2 0.75546875 0.36171875 0.0203125 0.09609375
2 0.4984375 0.4140625 0.02734375 0.11484375
2 0.428125 0.428125 0.02421875 0.09296875
2 0.36015625 0.43828125 0.021875 0.1015625
2 0.3484375 0.45859375 0.0265625 0.10546875
2 0.2953125 0.471875 0.01875 0.11875
2 0.2625 0.48984375 0.028125 0.10546875
2 0.2046875 0.37265625 0.025 0.09765625
3 0.2703125 0.4625 0.0296875 0.103125
2 0.06953125 0.28125 0.015625 0.08984375
0 0.49375 0.35546875 0.009375 0.0171875
2 0.51953125 0.359375 0.01796875 0.0921875