2 0.84765625 0.575 0.0296875 0.109375
2 0.83203125 0.54609375 0.025 0.1078125
2 0.77578125 0.59921875 0.03359375 0.1015625
2 0.70234375 0.4171875 0.0203125 0.08984375
2 0.66875 0.365625 0.02734375 0.0890625
2 0.52734375 0.41953125 0.02890625 0.0921875
2 0.4921875 0.30859375 0.01875 0.07421875
2 0.37734375 0.42734375 0.01328125 0.0828125
2 0.50859375 0.365625 0.02109375 0.07890625
2 0.32578125 0.45546875 0.0203125 0.09921875
2 0.2765625 0.50859375 0.02734375 0.096875
2 0.221875 0.4 0.0203125 0.08359375
2 0.28515625 0.459375 0.01484375 0.08828125
3 0.24609375 0.446875 0.02265625 0.09375
2 0.09765625 0.2984375 0.02265625 0.08046875
2 0.296875 0.4515625 0.0171875 0.084375
0 0.41171875 0.46875 0.009375 0.0171875