2 0.15234375 0.575 0.0296875 0.109375
2 0.16796875 0.54609375 0.025 0.1078125
2 0.22421875 0.59921875 0.03359375 0.1015625
2 0.29765625 0.4171875 0.0203125 0.08984375
2 0.33125 0.365625 0.02734375 0.0890625
2 0.47265625 0.41953125 0.02890625 0.0921875
2 0.5078125 0.30859375 0.01875 0.07421875
2 0.62265625 0.42734375 0.01328125 0.0828125
2 0.49140625 0.365625 0.02109375 0.07890625
2 0.67421875 0.45546875 0.0203125 0.09921875
2 0.7234375 0.50859375 0.02734375 0.096875
2 0.778125 0.4 0.0203125 0.08359375
2 0.71484375 0.459375 0.01484375 0.08828125
3 0.75390625 0.446875 0.02265625 0.09375
2 0.90234375 0.2984375 0.02265625 0.08046875
2 0.703125 0.4515625 0.0171875 0.084375
0 0.58828125 0.46875 0.009375 0.0171875