2 0.2203125 0.85234375 0.03125 0.1671875
2 0.86875 0.76953125 0.0296875 0.14609375
2 0.6890625 0.7640625 0.0328125 0.14140625
2 0.253125 0.8828125 0.03515625 0.15625
2 0.24921875 0.5609375 0.025 0.115625
2 0.39453125 0.4125 0.03515625 0.10859375
2 0.3328125 0.32890625 0.03203125 0.0828125
2 0.4625 0.29453125 0.0171875 0.07265625
2 0.51171875 0.31015625 0.02734375 0.0890625
2 0.6828125 0.39296875 0.02578125 0.10078125
2 0.77265625 0.340625 0.03046875 0.09453125
3 0.49453125 0.5 0.02421875 0.11953125
0 0.52578125 0.3296875 0.009375 0.01875