2 0.2359375 0.91640625 0.040625 0.1671875
2 0.50625 0.290625 0.01796875 0.0953125
2 0.77265625 0.33671875 0.025 0.10234375
2 0.69453125 0.38828125 0.025 0.0984375
2 0.85390625 0.73359375 0.02890625 0.12890625
2 0.65 0.78828125 0.0421875 0.13828125
2 0.37109375 0.41640625 0.03203125 0.1171875
2 0.24375 0.55390625 0.02421875 0.12578125
2 0.31484375 0.3296875 0.02421875 0.0953125
2 0.21484375 0.86328125 0.03203125 0.1515625
3 0.490625 0.5015625 0.025 0.11328125
0 0.540625 0.31328125 0.01015625 0.0171875
2 0.49375 0.29765625 0.01875 0.0890625