2 0.7640625 0.91640625 0.040625 0.1671875
2 0.49375 0.290625 0.01796875 0.0953125
2 0.22734375 0.33671875 0.025 0.10234375
2 0.30546875 0.38828125 0.025 0.0984375
2 0.14609375 0.73359375 0.02890625 0.12890625
2 0.35 0.78828125 0.0421875 0.13828125
2 0.62890625 0.41640625 0.03203125 0.1171875
2 0.75625 0.55390625 0.02421875 0.12578125
2 0.68515625 0.3296875 0.02421875 0.0953125
2 0.78515625 0.86328125 0.03203125 0.1515625
3 0.509375 0.5015625 0.025 0.11328125
0 0.459375 0.31328125 0.01015625 0.0171875
2 0.50625 0.29765625 0.01875 0.0890625