2 0.9296875 0.83046875 0.03359375 0.1640625
2 0.98671875 0.57109375 0.0265625 0.13671875
2 0.8234375 0.459375 0.03046875 0.12109375
2 0.6375 0.503125 0.02734375 0.12578125
2 0.45703125 0.378125 0.0453125 0.07890625
2 0.365625 0.38125 0.0421875 0.08515625
2 0.38203125 0.91953125 0.04921875 0.16015625
3 0.16796875 0.471875 0.028125 0.11875
3 0.40546875 0.196875 0.028125 0.0875
2 0.33125 0.27421875 0.04140625 0.08125
2 0.3984375 0.278125 0.03359375 0.078125
2 0.12890625 0.33515625 0.03125 0.09296875
2 0.009375 0.78125 0.01796875 0.14921875
0 0.3625 0.29921875 0.0109375 0.0171875