2 0.89765625 0.946875 0.03046875 0.10625
2 0.83671875 0.86640625 0.034375 0.1609375
2 0.47734375 0.83671875 0.0328125 0.1484375
2 0.20078125 0.66875 0.02578125 0.12578125
2 0.83359375 0.53203125 0.02265625 0.12265625
2 0.81796875 0.35390625 0.02109375 0.10546875
2 0.6296875 0.31015625 0.03203125 0.08828125
2 0.51484375 0.30703125 0.03359375 0.0890625
2 0.3453125 0.3796875 0.02578125 0.10390625
0 0.4625 0.29453125 0.00859375 0.01640625
2 0.57421875 0.4265625 0.03125 0.11640625
2 0.3234375 0.3125 0.0203125 0.09765625
3 0.56875 0.49609375 0.02421875 0.1171875