2 0.9 0.9453125 0.04921875 0.109375
2 0.8359375 0.85703125 0.03515625 0.16328125
2 0.48828125 0.83515625 0.03203125 0.1546875
2 0.2 0.659375 0.03125 0.14296875
2 0.83203125 0.528125 0.025 0.1203125
2 0.825 0.35703125 0.02578125 0.1015625
2 0.63828125 0.30546875 0.0234375 0.0953125
2 0.553125 0.42578125 0.03046875 0.1109375
2 0.35546875 0.37734375 0.025 0.096875
2 0.5296875 0.30859375 0.02734375 0.0890625
2 0.33671875 0.30546875 0.0203125 0.0921875
3 0.5765625 0.4984375 0.021875 0.11015625
0 0.4609375 0.2921875 0.00859375 0.0203125