2 0.1 0.9453125 0.04921875 0.109375
2 0.1640625 0.85703125 0.03515625 0.16328125
2 0.51171875 0.83515625 0.03203125 0.1546875
2 0.8 0.659375 0.03125 0.14296875
2 0.16796875 0.528125 0.025 0.1203125
2 0.175 0.35703125 0.02578125 0.1015625
2 0.36171875 0.30546875 0.0234375 0.0953125
2 0.446875 0.42578125 0.03046875 0.1109375
2 0.64453125 0.37734375 0.025 0.096875
2 0.4703125 0.30859375 0.02734375 0.0890625
2 0.66328125 0.30546875 0.0203125 0.0921875
3 0.4234375 0.4984375 0.021875 0.11015625
0 0.5390625 0.2921875 0.00859375 0.0203125