2 0.90625 0.9453125 0.03984375 0.10859375
2 0.84140625 0.84765625 0.03203125 0.16171875
2 0.49921875 0.8421875 0.0375 0.1546875
2 0.1921875 0.65546875 0.02890625 0.13203125
2 0.8296875 0.5203125 0.02734375 0.10703125
2 0.834375 0.35390625 0.02265625 0.1109375
2 0.6546875 0.30703125 0.025 0.0953125
2 0.52734375 0.42890625 0.03671875 0.11640625
2 0.36796875 0.3765625 0.025 0.09609375
2 0.5453125 0.3109375 0.028125 0.09140625
2 0.346875 0.303125 0.025 0.0890625
0 0.45703125 0.290625 0.0078125 0.015625
3 0.58046875 0.49453125 0.02421875 0.1125