2 0.9203125 0.9453125 0.0328125 0.109375
2 0.8453125 0.83046875 0.03359375 0.15390625
2 0.8546875 0.36171875 0.02734375 0.103125
2 0.821875 0.51328125 0.021875 0.11640625
2 0.521875 0.8421875 0.03515625 0.15
2 0.196875 0.6390625 0.02890625 0.13515625
2 0.45859375 0.42890625 0.03125 0.11953125
2 0.590625 0.3140625 0.0296875 0.09296875
2 0.69453125 0.3125 0.0203125 0.08828125
2 0.4015625 0.37890625 0.0265625 0.09375
2 0.3734375 0.2890625 0.02421875 0.08671875
3 0.60859375 0.49921875 0.03984375 0.1125
0 0.45078125 0.28671875 0.00859375 0.0171875