2 0.06796875 0.9359375 0.0328125 0.12734375
2 0.44609375 0.83046875 0.028125 0.1484375
2 0.15 0.79921875 0.0328125 0.1640625
2 0.1875 0.496875 0.02421875 0.1109375
2 0.125 0.35234375 0.0265625 0.103125
2 0.26328125 0.2984375 0.02265625 0.0890625
2 0.3609375 0.31015625 0.0234375 0.09765625
2 0.565625 0.3734375 0.01953125 0.10546875
2 0.6125 0.4203125 0.02890625 0.11796875
2 0.7875 0.62734375 0.04140625 0.128125
2 0.59921875 0.27109375 0.02421875 0.08515625
3 0.375 0.4890625 0.04296875 0.11796875
0 0.55 0.28828125 0.0078125 0.01953125