2 0.93203125 0.9359375 0.0328125 0.12734375
2 0.55390625 0.83046875 0.028125 0.1484375
2 0.85 0.79921875 0.0328125 0.1640625
2 0.8125 0.496875 0.02421875 0.1109375
2 0.875 0.35234375 0.0265625 0.103125
2 0.73671875 0.2984375 0.02265625 0.0890625
2 0.6390625 0.31015625 0.0234375 0.09765625
2 0.434375 0.3734375 0.01953125 0.10546875
2 0.3875 0.4203125 0.02890625 0.11796875
2 0.2125 0.62734375 0.04140625 0.128125
2 0.40078125 0.27109375 0.02421875 0.08515625
3 0.625 0.4890625 0.04296875 0.11796875
0 0.45 0.28828125 0.0078125 0.01953125