2 0.05546875 0.9265625 0.03828125 0.14609375
2 0.14296875 0.76328125 0.03359375 0.15
2 0.415625 0.82578125 0.02890625 0.15390625
2 0.19453125 0.48125 0.02265625 0.1125
2 0.10625 0.34296875 0.021875 0.1078125
2 0.3140625 0.3046875 0.02578125 0.09921875
2 0.22109375 0.290625 0.015625 0.08984375
2 0.55703125 0.3671875 0.02734375 0.1046875
2 0.69921875 0.40546875 0.03046875 0.11015625
2 0.76171875 0.61484375 0.03828125 0.128125
2 0.9875 0.6203125 0.025 0.13125
2 0.5640625 0.27265625 0.02265625 0.06015625
3 0.3640625 0.48515625 0.0328125 0.11875
0 0.5546875 0.29296875 0.0078125 0.01328125