2 0.946875 0.92578125 0.03671875 0.1484375
2 0.86328125 0.75390625 0.03515625 0.146875
2 0.59375 0.8296875 0.04140625 0.16015625
2 0.80625 0.47734375 0.025 0.109375
2 0.90546875 0.3421875 0.02890625 0.1109375
2 0.79296875 0.29375 0.0265625 0.07890625
2 0.696875 0.30390625 0.02578125 0.0984375
2 0.44140625 0.27265625 0.02265625 0.0578125
2 0.43828125 0.36875 0.02421875 0.0984375
2 0.27890625 0.396875 0.03984375 0.1125
2 0.2515625 0.61484375 0.02890625 0.12890625
2 0.01953125 0.61328125 0.03046875 0.146875
3 0.63671875 0.4859375 0.02578125 0.12265625
0 0.4484375 0.29140625 0.0078125 0.0140625