2 0.04609375 0.921875 0.03203125 0.15546875
2 0.13359375 0.74296875 0.02890625 0.15546875
2 0.396875 0.81796875 0.0265625 0.14765625
2 0.18828125 0.475 0.02734375 0.10390625
2 0.08515625 0.34296875 0.02421875 0.10859375
2 0.19609375 0.29296875 0.0140625 0.09140625
2 0.2890625 0.303125 0.01640625 0.096875
2 0.56484375 0.37109375 0.02890625 0.109375
2 0.7484375 0.39609375 0.025 0.11484375
2 0.7359375 0.6140625 0.0390625 0.13515625
2 0.96171875 0.603125 0.03359375 0.13515625
2 0.5484375 0.26484375 0.025 0.07265625
3 0.35546875 0.4796875 0.02109375 0.115625