2 0.95390625 0.921875 0.03203125 0.15546875
2 0.86640625 0.74296875 0.02890625 0.15546875
2 0.603125 0.81796875 0.0265625 0.14765625
2 0.81171875 0.475 0.02734375 0.10390625
2 0.91484375 0.34296875 0.02421875 0.10859375
2 0.80390625 0.29296875 0.0140625 0.09140625
2 0.7109375 0.303125 0.01640625 0.096875
2 0.43515625 0.37109375 0.02890625 0.109375
2 0.2515625 0.39609375 0.025 0.11484375
2 0.2640625 0.6140625 0.0390625 0.13515625
2 0.03828125 0.603125 0.03359375 0.13515625
2 0.4515625 0.26484375 0.025 0.07265625
3 0.64453125 0.4796875 0.02109375 0.115625