2 0.95234375 0.9234375 0.0328125 0.15234375
2 0.61015625 0.81953125 0.03984375 0.15078125
2 0.86015625 0.73984375 0.02890625 0.1390625
2 0.80859375 0.4703125 0.0296875 0.10625
2 0.91875 0.34296875 0.02109375 0.1078125
2 0.8171875 0.2984375 0.028125 0.08671875
2 0.71875 0.3046875 0.0234375 0.0984375
3 0.646875 0.48125 0.01953125 0.11640625
2 0.27421875 0.61171875 0.0234375 0.13203125
2 0.04921875 0.58984375 0.03125 0.1359375
2 0.22734375 0.39140625 0.034375 0.109375
2 0.42265625 0.36640625 0.0203125 0.103125
2 0.45546875 0.265625 0.01640625 0.08359375
0 0.46484375 0.24609375 0.00546875 0.01171875