2 0.94296875 0.91328125 0.0359375 0.1703125
2 0.609375 0.809375 0.0328125 0.15546875
2 0.84921875 0.72109375 0.03359375 0.1484375
2 0.79921875 0.46640625 0.0265625 0.103125
2 0.915625 0.34453125 0.02734375 0.10703125
2 0.8125 0.29609375 0.01796875 0.08828125
2 0.71484375 0.29765625 0.02109375 0.090625
3 0.63984375 0.4796875 0.0234375 0.11796875
2 0.275 0.609375 0.03359375 0.13359375
2 0.05546875 0.57734375 0.028125 0.13203125
2 0.4015625 0.3640625 0.028125 0.09453125
2 0.45234375 0.2640625 0.02265625 0.09609375
2 0.17890625 0.3828125 0.03515625 0.1140625
0 0.4578125 0.2234375 0.00859375 0.015625