2 0.4421875 0.2609375 0.0203125 0.10234375
2 0.36328125 0.36484375 0.025 0.10234375
2 0.27890625 0.5984375 0.03515625 0.12890625
2 0.05703125 0.57109375 0.02890625 0.13203125
3 0.6265625 0.47421875 0.02734375 0.12109375
2 0.78515625 0.46015625 0.02421875 0.1078125
2 0.69609375 0.29453125 0.01875 0.09453125
2 0.8 0.29375 0.025 0.084375
2 0.909375 0.3421875 0.02265625 0.10625
2 0.825 0.70078125 0.02734375 0.14453125
2 0.60234375 0.80234375 0.03203125 0.15078125
2 0.92265625 0.90234375 0.03515625 0.16484375
2 0.1265625 0.3765625 0.028125 0.115625
0 0.44296875 0.21953125 0.0078125 0.01484375