2 0.89453125 0.865625 0.03203125 0.16015625
2 0.78359375 0.66953125 0.02734375 0.13203125
2 0.59296875 0.78515625 0.0296875 0.16328125
2 0.753125 0.44375 0.02578125 0.115625
2 0.8796875 0.33984375 0.0296875 0.1109375
2 0.76484375 0.30625 0.028125 0.078125
2 0.67421875 0.296875 0.01796875 0.09609375
2 0.29453125 0.57109375 0.02734375 0.12265625
2 0.08359375 0.5515625 0.0390625 0.1296875
2 0.29921875 0.35546875 0.02578125 0.09921875
2 0.428125 0.26171875 0.01953125 0.10078125
3 0.61015625 0.465625 0.025 0.115625
2 0.0234375 0.35703125 0.03671875 0.1109375
2 0.9828125 0.49609375 0.02578125 0.13359375
0 0.4265625 0.22109375 0.0078125 0.01484375