2 0.2828125 0.35703125 0.028125 0.11640625
2 0.01015625 0.353125 0.01953125 0.11328125
2 0.10234375 0.5421875 0.0296875 0.12109375
2 0.29921875 0.56640625 0.0265625 0.13046875
2 0.5890625 0.78203125 0.02578125 0.1484375
2 0.77265625 0.6578125 0.02890625 0.1390625
2 0.88515625 0.86484375 0.03203125 0.16484375
2 0.96484375 0.4875 0.02890625 0.12109375
2 0.871875 0.3375 0.03515625 0.10625
2 0.75078125 0.3078125 0.03203125 0.08125
2 0.7484375 0.44140625 0.02421875 0.10546875
2 0.6703125 0.29609375 0.02578125 0.0984375
2 0.42421875 0.2703125 0.01640625 0.09921875
0 0.421875 0.2203125 0.00703125 0.01328125
3 0.603125 0.4640625 0.02265625 0.11328125