2 0.409375 0.77734375 0.03046875 0.15546875
2 0.1203125 0.85390625 0.03203125 0.15703125
2 0.23046875 0.65234375 0.02890625 0.13515625
2 0.0484375 0.4765625 0.02890625 0.12265625
2 0.13359375 0.3359375 0.03359375 0.11015625
2 0.26484375 0.3109375 0.02890625 0.08125
2 0.25625 0.43671875 0.0265625 0.10703125
2 0.33125 0.29609375 0.02734375 0.1
2 0.57578125 0.26796875 0.01796875 0.10625
2 0.7296875 0.353125 0.028125 0.10625
2 0.8765625 0.53203125 0.046875 0.12421875
2 0.6953125 0.5515625 0.02421875 0.11484375
3 0.39609375 0.46015625 0.02265625 0.1125
0 0.57890625 0.22265625 0.00859375 0.01484375