2 0.88046875 0.85078125 0.028125 0.16640625
2 0.590625 0.77421875 0.028125 0.14609375
2 0.76640625 0.64921875 0.02890625 0.134375
2 0.95 0.4765625 0.02734375 0.121875
2 0.8625 0.334375 0.0375 0.10234375
2 0.7421875 0.434375 0.02890625 0.10546875
2 0.73046875 0.31328125 0.02890625 0.08671875
2 0.6640625 0.29609375 0.02734375 0.09453125
2 0.26796875 0.35390625 0.02578125 0.10234375
2 0.42265625 0.26796875 0.01640625 0.11171875
2 0.30546875 0.54921875 0.0234375 0.125
2 0.128125 0.53125 0.05 0.1234375
3 0.60390625 0.4609375 0.02421875 0.10859375
0 0.42109375 0.2234375 0.00703125 0.01484375