2 0.12421875 0.83515625 0.0328125 0.16328125
2 0.40078125 0.76875 0.028125 0.14453125
2 0.24453125 0.63125 0.02734375 0.13515625
2 0.07265625 0.4578125 0.028125 0.11640625
2 0.15703125 0.33515625 0.046875 0.10234375
2 0.27265625 0.42734375 0.02421875 0.10078125
2 0.32421875 0.32578125 0.0296875 0.08671875
2 0.36171875 0.30234375 0.02265625 0.0984375
2 0.575 0.275 0.0203125 0.1046875
2 0.67890625 0.53125 0.025 0.12734375
2 0.81328125 0.51796875 0.02890625 0.125
2 0.753125 0.35234375 0.02890625 0.10234375
3 0.39296875 0.45859375 0.0265625 0.11328125
0 0.57578125 0.22890625 0.009375 0.01640625