2 0.72109375 0.96796875 0.0265625 0.0640625
2 0.61328125 0.89921875 0.04140625 0.171875
2 0.1046875 0.78671875 0.03515625 0.153125
2 0.040625 0.55390625 0.0359375 0.14140625
2 0.20234375 0.446875 0.021875 0.128125
2 0.3671875 0.4828125 0.028125 0.11875
2 0.55078125 0.36796875 0.03515625 0.09375
2 0.63046875 0.37421875 0.025 0.08828125
2 0.659375 0.2734375 0.0328125 0.0859375
2 0.61328125 0.28671875 0.028125 0.07890625
2 0.871875 0.3359375 0.03359375 0.096875
3 0.85546875 0.46015625 0.03046875 0.12265625
3 0.63125 0.19609375 0.02890625 0.0890625
0 0.553125 0.29765625 0.0125 0.02109375
2 0.996875 0.76796875 0.00625 0.15625