2 0.87890625 0.80546875 0.03203125 0.15703125
2 0.615625 0.7515625 0.03671875 0.1515625
2 0.76484375 0.60234375 0.0296875 0.1390625
2 0.934375 0.42734375 0.025 0.1203125
2 0.8515625 0.3328125 0.01953125 0.109375
2 0.69296875 0.40859375 0.02109375 0.109375
2 0.5984375 0.315625 0.03515625 0.090625
2 0.5453125 0.3359375 0.025 0.096875
2 0.4375 0.27890625 0.02734375 0.0890625
2 0.3515625 0.51484375 0.03203125 0.11875
2 0.2671875 0.48828125 0.03125 0.121875
2 0.228125 0.34609375 0.021875 0.1015625
3 0.6328125 0.45390625 0.02578125 0.11171875
2 0.98828125 0.40546875 0.0234375 0.1234375
0 0.43984375 0.23203125 0.0078125 0.01640625