2 0.97734375 0.4015625 0.021875 0.1234375
2 0.9296875 0.41328125 0.02265625 0.11328125
2 0.8515625 0.334375 0.01875 0.10390625
2 0.8734375 0.790625 0.028125 0.1578125
2 0.76328125 0.59140625 0.0265625 0.13359375
2 0.61796875 0.74296875 0.028125 0.1515625
2 0.66171875 0.396875 0.02890625 0.09296875
2 0.54609375 0.3265625 0.021875 0.09453125
2 0.4921875 0.334375 0.02578125 0.0875
2 0.43828125 0.27890625 0.025 0.0890625
2 0.34296875 0.51796875 0.028125 0.115625
2 0.27578125 0.47734375 0.02578125 0.1203125
2 0.22734375 0.33984375 0.01953125 0.09921875
3 0.6328125 0.45625 0.0265625 0.11796875
0 0.47109375 0.33203125 0.009375 0.0171875