2 0.02265625 0.4015625 0.021875 0.1234375
2 0.0703125 0.41328125 0.02265625 0.11328125
2 0.1484375 0.334375 0.01875 0.10390625
2 0.1265625 0.790625 0.028125 0.1578125
2 0.23671875 0.59140625 0.0265625 0.13359375
2 0.38203125 0.74296875 0.028125 0.1515625
2 0.33828125 0.396875 0.02890625 0.09296875
2 0.45390625 0.3265625 0.021875 0.09453125
2 0.5078125 0.334375 0.02578125 0.0875
2 0.56171875 0.27890625 0.025 0.0890625
2 0.65703125 0.51796875 0.028125 0.115625
2 0.72421875 0.47734375 0.02578125 0.1203125
2 0.77265625 0.33984375 0.01953125 0.09921875
3 0.3671875 0.45625 0.0265625 0.11796875
0 0.52890625 0.33203125 0.009375 0.0171875