2 0.02421875 0.39765625 0.02421875 0.12109375
2 0.06875 0.41328125 0.0234375 0.11171875
2 0.1453125 0.3359375 0.0140625 0.10546875
2 0.125 0.7859375 0.02734375 0.15546875
2 0.2328125 0.590625 0.03125 0.13359375
2 0.38359375 0.74296875 0.025 0.14375
2 0.34296875 0.3953125 0.028125 0.096875
2 0.465625 0.3328125 0.02109375 0.0859375
2 0.51484375 0.33125 0.02734375 0.0828125
2 0.55546875 0.28046875 0.025 0.0890625
2 0.6578125 0.52109375 0.02734375 0.11796875
2 0.72109375 0.47578125 0.02578125 0.11796875
2 0.771875 0.33671875 0.021875 0.1015625
0 0.52421875 0.35703125 0.00703125 0.01796875
3 0.36796875 0.453125 0.02421875 0.115625