2 0.0265625 0.3953125 0.03046875 0.11875
2 0.0671875 0.41015625 0.021875 0.11328125
2 0.140625 0.33359375 0.01484375 0.10625
2 0.1203125 0.78046875 0.03515625 0.15546875
2 0.22734375 0.584375 0.03203125 0.128125
2 0.38359375 0.7359375 0.02734375 0.13828125
2 0.36328125 0.3875 0.02734375 0.09453125
2 0.48984375 0.3265625 0.02109375 0.08125
2 0.52421875 0.325 0.0234375 0.0859375
2 0.54140625 0.28515625 0.0234375 0.078125
2 0.65546875 0.52421875 0.02890625 0.1171875
2 0.7125 0.46953125 0.02890625 0.12109375
2 0.76328125 0.3375 0.02265625 0.10078125
3 0.36875 0.45390625 0.0265625 0.109375