2 0.9734375 0.3953125 0.03046875 0.11875
2 0.9328125 0.41015625 0.021875 0.11328125
2 0.859375 0.33359375 0.01484375 0.10625
2 0.8796875 0.78046875 0.03515625 0.15546875
2 0.77265625 0.584375 0.03203125 0.128125
2 0.61640625 0.7359375 0.02734375 0.13828125
2 0.63671875 0.3875 0.02734375 0.09453125
2 0.51015625 0.3265625 0.02109375 0.08125
2 0.47578125 0.325 0.0234375 0.0859375
2 0.45859375 0.28515625 0.0234375 0.078125
2 0.34453125 0.52421875 0.02890625 0.1171875
2 0.2875 0.46953125 0.02890625 0.12109375
2 0.23671875 0.3375 0.02265625 0.10078125
3 0.63125 0.45390625 0.0265625 0.109375