2 0.0203125 0.39453125 0.02109375 0.121875
2 0.06171875 0.41171875 0.025 0.11640625
2 0.13203125 0.33359375 0.01484375 0.10546875
2 0.1109375 0.775 0.03203125 0.153125
2 0.2234375 0.57890625 0.025 0.1296875
2 0.378125 0.384375 0.025 0.0953125
2 0.38125 0.7359375 0.02890625 0.13984375
2 0.6515625 0.52421875 0.02578125 0.11875
2 0.7046875 0.465625 0.034375 0.11875
2 0.49765625 0.31875 0.02578125 0.08984375
2 0.53828125 0.32578125 0.028125 0.0828125
2 0.75 0.3375 0.0203125 0.09765625
2 0.52578125 0.28671875 0.02421875 0.078125
3 0.36328125 0.4515625 0.03203125 0.1125
0 0.51875 0.33984375 0.01015625 0.01796875