2 0.9890625 0.39609375 0.02109375 0.1203125
2 0.92890625 0.41640625 0.02421875 0.11484375
2 0.871875 0.334375 0.01953125 0.11015625
2 0.89140625 0.76484375 0.02734375 0.1515625
2 0.7765625 0.57265625 0.02578125 0.1265625
2 0.6078125 0.7296875 0.021875 0.14375
2 0.603125 0.378125 0.01953125 0.103125
2 0.4859375 0.31015625 0.0453125 0.08046875
2 0.4265625 0.31875 0.025 0.09140625
2 0.3453125 0.52890625 0.0328125 0.1203125
2 0.28828125 0.46171875 0.02734375 0.11875
2 0.26171875 0.33125 0.01875 0.09609375
2 0.48515625 0.2890625 0.015625 0.0703125
3 0.6234375 0.4515625 0.028125 0.1171875