2 0.98984375 0.39296875 0.0203125 0.1203125
2 0.92578125 0.4140625 0.03125 0.1109375
2 0.86953125 0.33125 0.02109375 0.10390625
2 0.89140625 0.75546875 0.0328125 0.1421875
2 0.78046875 0.56796875 0.03046875 0.125
2 0.59296875 0.72890625 0.0390625 0.1375
3 0.6109375 0.44375 0.0234375 0.1203125
2 0.59453125 0.371875 0.01875 0.10078125
2 0.33515625 0.5328125 0.0296875 0.12578125
2 0.2765625 0.45703125 0.028125 0.121875
2 0.396875 0.31640625 0.0234375 0.0875
2 0.47265625 0.303125 0.0234375 0.06875
2 0.49453125 0.29375 0.025 0.06015625
2 0.26640625 0.325 0.01796875 0.10390625