2 0.1046875 0.4078125 0.02265625 0.11484375
2 0.09921875 0.7421875 0.0265625 0.15078125
2 0.2171875 0.56171875 0.025 0.1234375
2 0.1421875 0.328125 0.021875 0.10625
2 0.41953125 0.3578125 0.02421875 0.09453125
2 0.440625 0.73203125 0.02265625 0.13671875
2 0.671875 0.5359375 0.03046875 0.1265625
2 0.60234375 0.3 0.03203125 0.08125
2 0.70703125 0.321875 0.02890625 0.096875
2 0.753125 0.45625 0.03359375 0.1125
2 0.57109375 0.28359375 0.02734375 0.090625
2 0.47578125 0.3078125 0.021875 0.053125
2 0.99375 0.36953125 0.0125 0.1109375
0 0.52890625 0.30859375 0.00859375 0.01484375
3 0.4203125 0.446875 0.02421875 0.11484375