2 0.8953125 0.4078125 0.02265625 0.11484375
2 0.90078125 0.7421875 0.0265625 0.15078125
2 0.7828125 0.56171875 0.025 0.1234375
2 0.8578125 0.328125 0.021875 0.10625
2 0.58046875 0.3578125 0.02421875 0.09453125
2 0.559375 0.73203125 0.02265625 0.13671875
2 0.328125 0.5359375 0.03046875 0.1265625
2 0.39765625 0.3 0.03203125 0.08125
2 0.29296875 0.321875 0.02890625 0.096875
2 0.246875 0.45625 0.03359375 0.1125
2 0.42890625 0.28359375 0.02734375 0.090625
2 0.52421875 0.3078125 0.021875 0.053125
2 0.00625 0.36953125 0.0125 0.1109375
0 0.47109375 0.30859375 0.00859375 0.01484375
3 0.5796875 0.446875 0.02421875 0.11484375