2 0.7890625 0.96640625 0.0375 0.0671875
2 0.7046875 0.89375 0.0515625 0.171875
2 0.228125 0.75703125 0.028125 0.15859375
2 0.15234375 0.5515625 0.04921875 0.1296875
2 0.09765625 0.596875 0.03203125 0.146875
2 0.02734375 0.60703125 0.03046875 0.1453125
2 0.30625 0.44296875 0.02734375 0.11953125
2 0.45625 0.4609375 0.03828125 0.12265625
2 0.62890625 0.37734375 0.02578125 0.10625
2 0.696875 0.29375 0.0359375 0.08671875
2 0.75546875 0.39140625 0.02890625 0.11171875
2 0.73046875 0.271875 0.0328125 0.09140625
0 0.58515625 0.2984375 0.0125 0.02265625
3 0.9875 0.471875 0.025 0.121875
3 0.765625 0.19453125 0.0375 0.0859375
2 0.9875 0.35234375 0.025 0.1109375