2 0.78203125 0.56875 0.021875 0.12265625
2 0.9828125 0.8671875 0.02890625 0.1546875
2 0.740625 0.35859375 0.02421875 0.0953125
2 0.7015625 0.2171875 0.02109375 0.08125
2 0.57109375 0.34609375 0.02578125 0.0890625
2 0.40078125 0.38046875 0.01640625 0.09609375
2 0.38515625 0.42890625 0.0203125 0.09765625
2 0.44609375 0.56484375 0.0203125 0.11015625
2 0.2890625 0.59765625 0.02734375 0.1171875
2 0.33359375 0.33125 0.02265625 0.0609375
2 0.29609375 0.3578125 0.01796875 0.0875
2 0.25859375 0.41015625 0.0203125 0.096875
2 0.21328125 0.434375 0.0234375 0.11484375
2 0.10859375 0.51796875 0.021875 0.121875
2 0.225 0.528125 0.03359375 0.08984375
2 0.23671875 0.39453125 0.021875 0.1
3 0.63671875 0.4953125 0.0234375 0.11328125
2 0.01875 0.63828125 0.0265625 0.11875