2 0.21796875 0.56875 0.021875 0.12265625
2 0.0171875 0.8671875 0.02890625 0.1546875
2 0.259375 0.35859375 0.02421875 0.0953125
2 0.2984375 0.2171875 0.02109375 0.08125
2 0.42890625 0.34609375 0.02578125 0.0890625
2 0.59921875 0.38046875 0.01640625 0.09609375
2 0.61484375 0.42890625 0.0203125 0.09765625
2 0.55390625 0.56484375 0.0203125 0.11015625
2 0.7109375 0.59765625 0.02734375 0.1171875
2 0.66640625 0.33125 0.02265625 0.0609375
2 0.70390625 0.3578125 0.01796875 0.0875
2 0.74140625 0.41015625 0.0203125 0.096875
2 0.78671875 0.434375 0.0234375 0.11484375
2 0.89140625 0.51796875 0.021875 0.121875
2 0.775 0.528125 0.03359375 0.08984375
2 0.76328125 0.39453125 0.021875 0.1
3 0.36328125 0.4953125 0.0234375 0.11328125
2 0.98125 0.63828125 0.0265625 0.11875