2 0.028125 0.38359375 0.03046875 0.11796875
2 0.209375 0.45 0.0296875 0.11796875
2 0.33671875 0.53984375 0.0203125 0.1203125
2 0.3265625 0.33125 0.025 0.10078125
2 0.43203125 0.2734375 0.02890625 0.08984375
3 0.56953125 0.43125 0.04375 0.1109375
2 0.596875 0.35234375 0.02265625 0.10546875
2 0.55390625 0.31484375 0.02109375 0.034375
2 0.46171875 0.27109375 0.01875 0.0875
2 0.52265625 0.746875 0.02578125 0.1484375
2 0.79375 0.5578125 0.0234375 0.12421875
2 0.87265625 0.403125 0.03671875 0.1171875
2 0.90078125 0.7171875 0.0265625 0.153125
2 0.84921875 0.32578125 0.025 0.10703125
0 0.4734375 0.290625 0.0078125 0.01484375