2 0.1046875 0.70703125 0.03046875 0.1515625
2 0.4703125 0.7515625 0.03046875 0.146875
2 0.2078125 0.55234375 0.0296875 0.12578125
2 0.1234375 0.40234375 0.0296875 0.11640625
2 0.140625 0.32421875 0.02734375 0.09765625
2 0.3890625 0.353125 0.025 0.0984375
2 0.4359375 0.31328125 0.02734375 0.03984375
2 0.53984375 0.278125 0.02421875 0.0890625
2 0.6546875 0.3296875 0.02734375 0.10078125
2 0.80234375 0.44609375 0.034375 0.1171875
2 0.66328125 0.54296875 0.02421875 0.125
2 0.95234375 0.384375 0.03515625 0.1171875
3 0.43125 0.421875 0.040625 0.11484375
2 0.52734375 0.26015625 0.01953125 0.071875