2 0.94140625 0.38125 0.0234375 0.1109375
2 0.825 0.43671875 0.021875 0.11015625
2 0.68671875 0.54296875 0.028125 0.125
2 0.50625 0.2828125 0.02578125 0.0921875
2 0.54765625 0.26015625 0.021875 0.06640625
2 0.6453125 0.33125 0.01640625 0.10078125
2 0.45546875 0.309375 0.02421875 0.053125
2 0.3765625 0.353125 0.03046875 0.0984375
2 0.225 0.54140625 0.025 0.12890625
2 0.46015625 0.74609375 0.0390625 0.1359375
2 0.1328125 0.6828125 0.0296875 0.14296875
2 0.11953125 0.328125 0.02265625 0.10625
2 0.09375 0.38046875 0.028125 0.10859375
2 0.0171875 0.38984375 0.03359375 0.11875
3 0.440625 0.403125 0.04296875 0.10859375
0 0.5453125 0.2609375 0.00625 0.01171875