0 0.5515625 0.259375 0.00703125 0.01484375
3 0.44296875 0.38828125 0.040625 0.10703125
2 0.9109375 0.3984375 0.03359375 0.11953125
2 0.83203125 0.43984375 0.03828125 0.12578125
2 0.72890625 0.54921875 0.02421875 0.134375
2 0.63984375 0.32578125 0.02890625 0.09609375
2 0.54921875 0.265625 0.0203125 0.09375
2 0.49765625 0.2765625 0.01796875 0.0890625
2 0.440625 0.290625 0.02109375 0.10234375
2 0.35625 0.35078125 0.02890625 0.09921875
2 0.421875 0.72578125 0.04140625 0.14609375
2 0.26796875 0.5265625 0.021875 0.12265625
2 0.17890625 0.646875 0.028125 0.1390625
2 0.028125 0.32578125 0.03046875 0.1078125
2 0.0078125 0.34375 0.015625 0.11015625