0 0.4484375 0.259375 0.00703125 0.01484375
3 0.55703125 0.38828125 0.040625 0.10703125
2 0.0890625 0.3984375 0.03359375 0.11953125
2 0.16796875 0.43984375 0.03828125 0.12578125
2 0.27109375 0.54921875 0.02421875 0.134375
2 0.36015625 0.32578125 0.02890625 0.09609375
2 0.45078125 0.265625 0.0203125 0.09375
2 0.50234375 0.2765625 0.01796875 0.0890625
2 0.559375 0.290625 0.02109375 0.10234375
2 0.64375 0.35078125 0.02890625 0.09921875
2 0.578125 0.72578125 0.04140625 0.14609375
2 0.73203125 0.5265625 0.021875 0.12265625
2 0.82109375 0.646875 0.028125 0.1390625
2 0.971875 0.32578125 0.03046875 0.1078125
2 0.9921875 0.34375 0.015625 0.11015625