2 0.88671875 0.39765625 0.0296875 0.11875
2 0.8125 0.43515625 0.03515625 0.1171875
2 0.7328125 0.55078125 0.0203125 0.12265625
2 0.62265625 0.325 0.02578125 0.09765625
2 0.534375 0.2703125 0.0171875 0.08671875
2 0.50546875 0.2765625 0.02421875 0.0921875
3 0.4359375 0.3875 0.034375 0.1109375
2 0.278125 0.5203125 0.02734375 0.12265625
2 0.40078125 0.7203125 0.0421875 0.14453125
2 0.1828125 0.63203125 0.028125 0.140625
2 0.340625 0.3453125 0.0265625 0.09140625
2 0.41015625 0.290625 0.03125 0.09296875
2 0.0125 0.3203125 0.025 0.10859375
0 0.53515625 0.26328125 0.0078125 0.0140625