2 0.11328125 0.39765625 0.0296875 0.11875
2 0.1875 0.43515625 0.03515625 0.1171875
2 0.2671875 0.55078125 0.0203125 0.12265625
2 0.37734375 0.325 0.02578125 0.09765625
2 0.465625 0.2703125 0.0171875 0.08671875
2 0.49453125 0.2765625 0.02421875 0.0921875
3 0.5640625 0.3875 0.034375 0.1109375
2 0.721875 0.5203125 0.02734375 0.12265625
2 0.59921875 0.7203125 0.0421875 0.14453125
2 0.8171875 0.63203125 0.028125 0.140625
2 0.659375 0.3453125 0.0265625 0.09140625
2 0.58984375 0.290625 0.03125 0.09296875
2 0.9875 0.3203125 0.025 0.10859375
0 0.46484375 0.26328125 0.0078125 0.0140625