2 0.9890625 0.315625 0.021875 0.103125
2 0.821875 0.62265625 0.0265625 0.1359375
2 0.6171875 0.7125 0.03828125 0.14609375
2 0.72265625 0.51640625 0.028125 0.12265625
2 0.66953125 0.34375 0.02109375 0.09765625
2 0.615625 0.29296875 0.02890625 0.09765625
3 0.5890625 0.3890625 0.03203125 0.10390625
2 0.2671875 0.55234375 0.01953125 0.1203125
2 0.20390625 0.4328125 0.025 0.121875
2 0.13671875 0.403125 0.03125 0.1203125
2 0.3953125 0.32265625 0.02734375 0.10390625
2 0.49609375 0.2734375 0.01640625 0.09296875
2 0.4828125 0.2703125 0.015625 0.0890625
0 0.4859375 0.2625 0.00703125 0.0140625