2 0.99140625 0.315625 0.0171875 0.11171875
2 0.82265625 0.61328125 0.03046875 0.1390625
2 0.7234375 0.51171875 0.0234375 0.121875
2 0.6296875 0.703125 0.0375 0.146875
2 0.68046875 0.34765625 0.01875 0.1046875
2 0.634375 0.28828125 0.02265625 0.09765625
2 0.5046875 0.26875 0.0109375 0.08671875
2 0.49375 0.27265625 0.01640625 0.09375
2 0.40625 0.32265625 0.02578125 0.0953125
2 0.271875 0.54921875 0.02890625 0.12265625
2 0.21640625 0.43203125 0.0171875 0.11640625
2 0.159375 0.403125 0.03046875 0.1140625
3 0.60859375 0.384375 0.03359375 0.11015625
0 0.49140625 0.2359375 0.01015625 0.01640625