2 0.17578125 0.59921875 0.0296875 0.1359375
2 0.35703125 0.69296875 0.03203125 0.1421875
2 0.72109375 0.5453125 0.02890625 0.12734375
2 0.77734375 0.43203125 0.01796875 0.1234375
2 0.815625 0.4046875 0.0328125 0.12109375
3 0.37109375 0.38828125 0.03125 0.109375
2 0.28203125 0.5140625 0.0296875 0.12734375
2 0.31015625 0.34921875 0.01796875 0.10234375
2 0.35 0.2890625 0.0265625 0.09921875
2 0.4734375 0.2734375 0.028125 0.0859375
2 0.57890625 0.3203125 0.0265625 0.1
2 0.5171875 0.2703125 0.02421875 0.10703125
2 0.0171875 0.309375 0.02421875 0.10234375
0 0.51796875 0.2234375 0.00859375 0.01953125