2 0.82421875 0.59921875 0.0296875 0.1359375
2 0.64296875 0.69296875 0.03203125 0.1421875
2 0.27890625 0.5453125 0.02890625 0.12734375
2 0.22265625 0.43203125 0.01796875 0.1234375
2 0.184375 0.4046875 0.0328125 0.12109375
3 0.62890625 0.38828125 0.03125 0.109375
2 0.71796875 0.5140625 0.0296875 0.12734375
2 0.68984375 0.34921875 0.01796875 0.10234375
2 0.65 0.2890625 0.0265625 0.09921875
2 0.5265625 0.2734375 0.028125 0.0859375
2 0.42109375 0.3203125 0.0265625 0.1
2 0.4828125 0.2703125 0.02421875 0.10703125
2 0.9828125 0.309375 0.02421875 0.10234375
0 0.48203125 0.2234375 0.00859375 0.01953125