2 0.98515625 0.30625 0.0265625 0.1109375
2 0.82734375 0.58671875 0.028125 0.1328125
2 0.665625 0.28671875 0.01953125 0.1
2 0.703125 0.3515625 0.0234375 0.09765625
2 0.715625 0.51171875 0.02578125 0.12109375
2 0.65234375 0.68515625 0.02578125 0.1390625
2 0.28203125 0.54375 0.0453125 0.13046875
2 0.22890625 0.4265625 0.0265625 0.11484375
2 0.20703125 0.403125 0.0296875 0.12109375
2 0.43515625 0.31875 0.02265625 0.09765625
2 0.5578125 0.271875 0.01953125 0.0859375
3 0.65078125 0.3875 0.0296875 0.10703125
2 0.475 0.27109375 0.025 0.1046875
0 0.47109375 0.2234375 0.0140625 0.025