2 0.9875 0.30078125 0.025 0.1046875
2 0.83359375 0.58359375 0.028125 0.1265625
2 0.71953125 0.51171875 0.0234375 0.13203125
2 0.65859375 0.67890625 0.028125 0.14296875
2 0.709375 0.353125 0.021875 0.0953125
2 0.67109375 0.28984375 0.025 0.09296875
2 0.56875 0.275 0.0296875 0.08671875
2 0.465625 0.2703125 0.01640625 0.1046875
2 0.44296875 0.3234375 0.02578125 0.09296875
2 0.28125 0.54453125 0.0484375 0.134375
2 0.23515625 0.4296875 0.0265625 0.109375
2 0.21328125 0.40390625 0.03515625 0.11328125
3 0.66015625 0.3875 0.03125 0.1125
0 0.465625 0.2234375 0.00859375 0.015625