2 0.0125 0.30078125 0.025 0.1046875
2 0.16640625 0.58359375 0.028125 0.1265625
2 0.28046875 0.51171875 0.0234375 0.13203125
2 0.34140625 0.67890625 0.028125 0.14296875
2 0.290625 0.353125 0.021875 0.0953125
2 0.32890625 0.28984375 0.025 0.09296875
2 0.43125 0.275 0.0296875 0.08671875
2 0.534375 0.2703125 0.01640625 0.1046875
2 0.55703125 0.3234375 0.02578125 0.09296875
2 0.71875 0.54453125 0.0484375 0.134375
2 0.76484375 0.4296875 0.0265625 0.109375
2 0.78671875 0.40390625 0.03515625 0.11328125
3 0.33984375 0.3875 0.03125 0.1125
0 0.534375 0.2234375 0.00859375 0.015625