2 0.13671875 0.58125 0.02109375 0.13828125
2 0.30625 0.6828125 0.025 0.14765625
2 0.259375 0.51484375 0.0234375 0.12578125
2 0.259375 0.35390625 0.0171875 0.10078125
2 0.3 0.28828125 0.015625 0.0953125
3 0.30703125 0.39375 0.028125 0.11171875
2 0.3875 0.2796875 0.028125 0.090625
2 0.53125 0.284375 0.04609375 0.07265625
2 0.70625 0.5515625 0.03046875 0.125
2 0.534375 0.32578125 0.0265625 0.09765625
2 0.75703125 0.40234375 0.0234375 0.1140625
2 0.73828125 0.43046875 0.02578125 0.11484375
0 0.56796875 0.2171875 0.01015625 0.0171875