0 0.6015625 0.2109375 0.0140625 0.01796875
2 0.12265625 0.584375 0.02109375 0.14140625
2 0.24765625 0.35625 0.01953125 0.1
2 0.2484375 0.5171875 0.02421875 0.121875
2 0.29609375 0.68671875 0.02421875 0.1453125
2 0.525 0.32421875 0.0203125 0.09765625
2 0.7265625 0.434375 0.02578125 0.11640625
2 0.69453125 0.55546875 0.0296875 0.12265625
2 0.36953125 0.27890625 0.02578125 0.0890625
2 0.28984375 0.28984375 0.021875 0.10078125
2 0.5171875 0.28359375 0.0359375 0.0828125
2 0.74375 0.40390625 0.01953125 0.12265625
3 0.29453125 0.39921875 0.03046875 0.11484375