2 0.73515625 0.69296875 0.02421875 0.1421875
2 0.77890625 0.52109375 0.0234375 0.11875
2 0.91171875 0.58984375 0.0171875 0.1421875
2 0.7828125 0.35703125 0.0203125 0.1109375
2 0.7390625 0.28984375 0.0203125 0.09453125
2 0.66015625 0.28671875 0.02578125 0.0859375
2 0.50859375 0.28828125 0.0359375 0.07265625
2 0.2984375 0.434375 0.028125 0.11484375
2 0.33046875 0.55859375 0.0296875 0.12109375
2 0.28359375 0.4046875 0.02109375 0.11171875
3 0.73671875 0.3984375 0.0328125 0.11171875
2 0.5 0.33203125 0.02578125 0.0921875