2 0.26484375 0.69296875 0.02421875 0.1421875
2 0.22109375 0.52109375 0.0234375 0.11875
2 0.08828125 0.58984375 0.0171875 0.1421875
2 0.2171875 0.35703125 0.0203125 0.1109375
2 0.2609375 0.28984375 0.0203125 0.09453125
2 0.33984375 0.28671875 0.02578125 0.0859375
2 0.49140625 0.28828125 0.0359375 0.07265625
2 0.7015625 0.434375 0.028125 0.11484375
2 0.66953125 0.55859375 0.0296875 0.12109375
2 0.71640625 0.4046875 0.02109375 0.11171875
3 0.26328125 0.3984375 0.0328125 0.11171875
2 0.5 0.33203125 0.02578125 0.0921875