2 0.18125 0.97109375 0.03125 0.05703125
2 0.19921875 0.903125 0.040625 0.171875
2 0.103125 0.43671875 0.03359375 0.11796875
2 0.28515625 0.2671875 0.0375 0.0859375
2 0.31796875 0.4 0.03046875 0.12578125
2 0.6109375 0.69609375 0.0359375 0.14375
2 0.52578125 0.428125 0.0265625 0.12265625
2 0.628125 0.45234375 0.05546875 0.12265625
2 0.7546875 0.6125 0.0609375 0.13984375
2 0.3 0.296875 0.028125 0.10078125
2 0.77265625 0.55 0.040625 0.1171875
1 0.8359375 0.43515625 0.03984375 0.125
3 0.12421875 0.18046875 0.02421875 0.10546875
0 0.3578125 0.31796875 0.01328125 0.02421875
2 0.78828125 0.53359375 0.0421875 0.12265625