2 0.81875 0.97109375 0.03125 0.05703125
2 0.80078125 0.903125 0.040625 0.171875
2 0.896875 0.43671875 0.03359375 0.11796875
2 0.71484375 0.2671875 0.0375 0.0859375
2 0.68203125 0.4 0.03046875 0.12578125
2 0.3890625 0.69609375 0.0359375 0.14375
2 0.47421875 0.428125 0.0265625 0.12265625
2 0.371875 0.45234375 0.05546875 0.12265625
2 0.2453125 0.6125 0.0609375 0.13984375
2 0.7 0.296875 0.028125 0.10078125
2 0.22734375 0.55 0.040625 0.1171875
1 0.1640625 0.43515625 0.03984375 0.125
3 0.87578125 0.18046875 0.02421875 0.10546875
0 0.6421875 0.31796875 0.01328125 0.02421875
2 0.21171875 0.53359375 0.0421875 0.12265625