2 0.94921875 0.59609375 0.034375 0.12109375
2 0.025 0.584375 0.03515625 0.128125
2 0.7890625 0.76796875 0.0609375 0.10390625
2 0.3859375 0.8921875 0.0453125 0.1546875
2 0.47265625 0.53046875 0.0359375 0.0875
2 0.7 0.4046875 0.02109375 0.059375
2 0.62890625 0.37734375 0.02421875 0.065625
2 0.5078125 0.271875 0.01796875 0.0765625
2 0.60390625 0.27578125 0.0265625 0.0703125
2 0.37734375 0.33671875 0.01953125 0.0828125
2 0.09296875 0.45625 0.02890625 0.09453125
2 0.0265625 0.33515625 0.01796875 0.0984375
2 0.6265625 0.3109375 0.02421875 0.08125
0 0.625 0.42109375 0.01171875 0.02734375
3 0.72734375 0.4296875 0.02109375 0.103125
3 0.1140625 0.21796875 0.025 0.08046875