2 0.215625 0.57109375 0.034375 0.1234375
2 0.37578125 0.5078125 0.02578125 0.11484375
2 0.60078125 0.47734375 0.02421875 0.11015625
2 0.62734375 0.35078125 0.03046875 0.08515625
2 0.77109375 0.31640625 0.01875 0.09296875
2 0.72421875 0.20078125 0.02578125 0.0703125
2 0.92890625 0.27734375 0.021875 0.078125
2 0.98984375 0.453125 0.0203125 0.0984375
2 0.875 0.77265625 0.02578125 0.13984375
0 0.390625 0.3640625 0.01171875 0.01796875
2 0.3734375 0.32578125 0.01796875 0.08203125
3 0.42890625 0.15625 0.01953125 0.0703125