2 0.80234375 0.56796875 0.0375 0.12578125
2 0.6171875 0.48984375 0.02734375 0.10234375
2 0.61796875 0.33125 0.03046875 0.08515625
2 0.39609375 0.46484375 0.0203125 0.10234375
2 0.33359375 0.3578125 0.01875 0.0875
2 0.30078125 0.209375 0.02578125 0.065625
2 0.20390625 0.3203125 0.02421875 0.090625
2 0.103125 0.2796875 0.02578125 0.0734375
2 0.04609375 0.44453125 0.0375 0.0890625
2 0.11171875 0.7546875 0.0296875 0.1328125
3 0.5703125 0.1625 0.01796875 0.06796875
0 0.596875 0.37421875 0.00859375 0.01953125
3 0.00390625 0.41796875 0.0078125 0.0890625