2 0.16015625 0.55546875 0.034375 0.12890625
3 0.42265625 0.16171875 0.01875 0.07578125
2 0.41171875 0.328125 0.0203125 0.09609375
2 0.44296875 0.45390625 0.021875 0.10390625
2 0.603125 0.4328125 0.01796875 0.09375
0 0.56796875 0.4515625 0.01484375 0.021875
2 0.7234375 0.3484375 0.0265625 0.084375
2 0.6953125 0.203125 0.0265625 0.0796875
2 0.82578125 0.31796875 0.01953125 0.0890625
2 0.9015625 0.271875 0.02109375 0.08203125
3 0.96640625 0.396875 0.0296875 0.09609375
2 0.915625 0.715625 0.02734375 0.12578125
2 0.7578125 0.4328125 0.025 0.08359375