3 0.9109375 0.17265625 0.02421875 0.09140625
0 0.625 0.30390625 0.0125 0.02421875
2 0.684375 0.27890625 0.02734375 0.0859375
2 0.35703125 0.52890625 0.04375 0.14375
2 0.4375 0.64140625 0.04921875 0.12734375
2 0.3078125 0.51796875 0.06328125 0.121875
2 0.4078125 0.6015625 0.0453125 0.115625
2 0.4375 0.4375 0.04375 0.134375
2 0.50078125 0.415625 0.0421875 0.10859375
2 0.7015625 0.39453125 0.0328125 0.11484375
2 0.9375 0.44609375 0.04140625 0.1171875
2 0.840625 0.875 0.053125 0.17578125
2 0.79140625 0.95234375 0.040625 0.0953125
1 0.27421875 0.42890625 0.0421875 0.121875