2 0.14296875 0.55859375 0.025 0.128125
2 0.3875 0.3046875 0.0265625 0.08125
3 0.38671875 0.15546875 0.01953125 0.0765625
2 0.45390625 0.43515625 0.021875 0.115625
2 0.5828125 0.434375 0.021875 0.096875
2 0.69609375 0.34296875 0.03203125 0.084375
2 0.67421875 0.2 0.01875 0.07578125
2 0.82421875 0.3265625 0.028125 0.09765625
2 0.88828125 0.26015625 0.015625 0.0875
3 0.93984375 0.4 0.02421875 0.09921875
2 0.90859375 0.71640625 0.021875 0.1359375
0 0.50625 0.4109375 0.0109375 0.02265625
2 0.96875 0.36640625 0.02890625 0.1