2 0.8328125 0.5703125 0.03359375 0.13125
3 0.58359375 0.171875 0.0203125 0.071875
2 0.55234375 0.43828125 0.03359375 0.0984375
2 0.39765625 0.33671875 0.02109375 0.08515625
2 0.3609375 0.425 0.03203125 0.08828125
2 0.38125 0.48515625 0.03359375 0.09609375
2 0.29453125 0.209375 0.01875 0.0828125
2 0.12578125 0.37109375 0.0203125 0.10078125
2 0.0671875 0.4046875 0.0265625 0.08828125
2 0.0875 0.27109375 0.02265625 0.09453125
3 0.015625 0.43828125 0.0234375 0.1046875
2 0.0640625 0.75390625 0.03515625 0.13671875
0 0.57109375 0.36875 0.01171875 0.02109375
2 0.575 0.3265625 0.02421875 0.0859375