2 0.1671875 0.5703125 0.03359375 0.13125
3 0.41640625 0.171875 0.0203125 0.071875
2 0.44765625 0.43828125 0.03359375 0.0984375
2 0.60234375 0.33671875 0.02109375 0.08515625
2 0.6390625 0.425 0.03203125 0.08828125
2 0.61875 0.48515625 0.03359375 0.09609375
2 0.70546875 0.209375 0.01875 0.0828125
2 0.87421875 0.37109375 0.0203125 0.10078125
2 0.9328125 0.4046875 0.0265625 0.08828125
2 0.9125 0.27109375 0.02265625 0.09453125
3 0.984375 0.43828125 0.0234375 0.1046875
2 0.9359375 0.75390625 0.03515625 0.13671875
0 0.42890625 0.36875 0.01171875 0.02109375
2 0.425 0.3265625 0.02421875 0.0859375