2 0.115625 0.5515625 0.0296875 0.12890625
2 0.3515625 0.30859375 0.028125 0.10390625
2 0.3546875 0.4125 0.021875 0.1140625
2 0.46875 0.31015625 0.02421875 0.0859375
2 0.5296875 0.5015625 0.028125 0.11953125
2 0.64609375 0.4328125 0.02421875 0.09296875
2 0.62890625 0.18515625 0.01796875 0.06640625
2 0.8 0.23828125 0.02421875 0.0875
2 0.803125 0.3515625 0.0234375 0.0984375
3 0.91640625 0.428125 0.0296875 0.10859375
2 0.8640625 0.7484375 0.028125 0.140625
2 0.98046875 0.64375 0.0390625 0.125
2 0.809375 0.41796875 0.028125 0.09609375
0 0.55390625 0.54765625 0.0171875 0.02734375
2 0.9953125 0.36015625 0.009375 0.07421875
3 0.3671875 0.134375 0.021875 0.08046875