2 0.78359375 0.60234375 0.034375 0.12578125
2 0.62265625 0.40546875 0.0296875 0.10390625
2 0.6375 0.28046875 0.025 0.07578125
3 0.596875 0.15703125 0.01953125 0.0671875
0 0.5984375 0.43828125 0.009375 0.015625
2 0.51484375 0.53125 0.02578125 0.1140625
2 0.29765625 0.38203125 0.01796875 0.10390625
2 0.2625 0.20234375 0.021875 0.07734375
3 0.10234375 0.44609375 0.02265625 0.09765625
2 0.0625 0.48671875 0.028125 0.09296875
2 0.28203125 0.615625 0.02578125 0.11875
2 0.24921875 0.6765625 0.02421875 0.125
2 0.0234375 0.63046875 0.0234375 0.115625
2 0.03828125 0.4609375 0.025 0.09453125
2 0.08359375 0.27578125 0.02109375 0.0765625