2 0.21640625 0.60234375 0.034375 0.12578125
2 0.37734375 0.40546875 0.0296875 0.10390625
2 0.3625 0.28046875 0.025 0.07578125
3 0.403125 0.15703125 0.01953125 0.0671875
0 0.4015625 0.43828125 0.009375 0.015625
2 0.48515625 0.53125 0.02578125 0.1140625
2 0.70234375 0.38203125 0.01796875 0.10390625
2 0.7375 0.20234375 0.021875 0.07734375
3 0.89765625 0.44609375 0.02265625 0.09765625
2 0.9375 0.48671875 0.028125 0.09296875
2 0.71796875 0.615625 0.02578125 0.11875
2 0.75078125 0.6765625 0.02421875 0.125
2 0.9765625 0.63046875 0.0234375 0.115625
2 0.96171875 0.4609375 0.025 0.09453125
2 0.91640625 0.27578125 0.02109375 0.0765625