2 0.1484375 0.6328125 0.0234375 0.125
2 0.40234375 0.27109375 0.02578125 0.08359375
3 0.3765625 0.15546875 0.021875 0.0703125
2 0.390625 0.403125 0.0296875 0.09140625
2 0.50703125 0.496875 0.02109375 0.115625
2 0.68046875 0.36875 0.01953125 0.0890625
2 0.7390625 0.19140625 0.01875 0.06484375
2 0.91875 0.265625 0.0203125 0.0765625
3 0.8671875 0.41328125 0.0171875 0.10625
2 0.93515625 0.4265625 0.0140625 0.05703125
2 0.9109375 0.5703125 0.01875 0.121875
2 0.9328125 0.4828125 0.02734375 0.0953125
2 0.69921875 0.5703125 0.0234375 0.11953125
2 0.71484375 0.64765625 0.034375 0.115625
0 0.41171875 0.43125 0.009375 0.02109375