2 0.0921875 0.675 0.02734375 0.13671875
2 0.4078125 0.39453125 0.02734375 0.09453125
2 0.4234375 0.2734375 0.02421875 0.0875
3 0.34921875 0.16015625 0.02109375 0.075
2 0.490625 0.48203125 0.01875 0.1109375
2 0.63515625 0.36953125 0.028125 0.08359375
2 0.68125 0.54765625 0.02578125 0.11015625
2 0.70390625 0.6609375 0.0265625 0.1265625
2 0.8796875 0.5515625 0.025 0.1171875
3 0.85859375 0.403125 0.02265625 0.09921875
2 0.74296875 0.19453125 0.021875 0.06796875
2 0.9125 0.26328125 0.01484375 0.084375
2 0.92578125 0.44140625 0.02265625 0.0953125
2 0.9234375 0.49765625 0.02109375 0.11328125
0 0.4296875 0.4265625 0.01015625 0.01875