3 0.23359375 0.184375 0.021875 0.08515625
3 0.7859375 0.41171875 0.021875 0.09609375
0 0.42890625 0.40703125 0.01015625 0.01953125
2 0.38828125 0.39921875 0.0203125 0.09609375
2 0.390625 0.2890625 0.02734375 0.08984375
2 0.39296875 0.48671875 0.0234375 0.11640625
2 0.55078125 0.4015625 0.01796875 0.09296875
2 0.58515625 0.54296875 0.02734375 0.121875
2 0.58515625 0.70390625 0.03125 0.134375
2 0.7984375 0.54921875 0.02265625 0.11484375
2 0.846875 0.4546875 0.02109375 0.1015625
2 0.85078125 0.284375 0.02109375 0.0828125
2 0.7265625 0.20703125 0.02421875 0.0734375
2 0.86015625 0.5390625 0.0265625 0.11171875
2 0.94296875 0.32109375 0.02109375 0.0890625