1 0.37421875 0.41484375 0.02890625 0.13515625
2 0.43046875 0.47890625 0.040625 0.103125
2 0.48515625 0.5125 0.03046875 0.12265625
2 0.43515625 0.56015625 0.04453125 0.14140625
2 0.39375 0.59140625 0.03828125 0.1421875
2 0.50078125 0.43359375 0.0375 0.1359375
2 0.565625 0.4015625 0.02109375 0.1296875
2 0.68125 0.30078125 0.04453125 0.0453125
2 0.72734375 0.378125 0.02109375 0.11484375
2 0.7359375 0.27578125 0.028125 0.1015625
2 0.97265625 0.45859375 0.0359375 0.13359375
2 0.86015625 0.840625 0.04765625 0.18671875
2 0.73515625 0.9265625 0.04140625 0.146875
0 0.4796875 0.36171875 0.0125 0.02109375
3 0.96953125 0.16640625 0.0359375 0.09609375