3 0.1671875 0.19921875 0.015625 0.0890625
3 0.740625 0.4203125 0.02265625 0.11015625
0 0.41171875 0.38359375 0.01328125 0.0234375
2 0.35703125 0.4265625 0.025 0.0984375
2 0.34140625 0.49765625 0.02421875 0.11328125
2 0.38203125 0.30546875 0.02265625 0.09453125
2 0.49765625 0.403125 0.025 0.096875
2 0.5359375 0.55625 0.0234375 0.13125
2 0.5453125 0.73515625 0.03046875 0.1359375
2 0.76640625 0.56328125 0.02578125 0.115625
2 0.8171875 0.29765625 0.02109375 0.0875
2 0.72734375 0.22265625 0.025 0.071875
2 0.8046875 0.46328125 0.025 0.103125
2 0.8359375 0.56171875 0.02109375 0.1203125
2 0.88515625 0.359375 0.02265625 0.08046875
2 0.94609375 0.34609375 0.025 0.09296875