3 0.1265625 0.2171875 0.021875 0.084375
3 0.69375 0.4359375 0.0265625 0.1
0 0.3921875 0.378125 0.01015625 0.02109375
2 0.37109375 0.31953125 0.03359375 0.09140625
2 0.32734375 0.4375 0.02890625 0.096875
2 0.303125 0.50546875 0.02421875 0.11484375
2 0.50625 0.559375 0.028125 0.125
2 0.5125 0.74453125 0.03203125 0.1359375
2 0.7390625 0.56953125 0.028125 0.12265625
2 0.77421875 0.46796875 0.0265625 0.1015625
2 0.72421875 0.23515625 0.028125 0.07734375
2 0.79765625 0.30703125 0.02421875 0.0890625
2 0.8328125 0.38203125 0.02109375 0.096875
2 0.91484375 0.359375 0.01875 0.0953125
2 0.80859375 0.5796875 0.0296875 0.11640625