2 0.265625 0.50625 0.025 0.11796875
2 0.28984375 0.4375 0.03046875 0.1
2 0.36171875 0.32734375 0.03203125 0.09140625
2 0.43984375 0.38984375 0.02734375 0.09140625
2 0.48515625 0.55859375 0.02578125 0.12578125
2 0.490625 0.75 0.03515625 0.13515625
3 0.65625 0.453125 0.02734375 0.11171875
2 0.73359375 0.24453125 0.02890625 0.071875
2 0.7828125 0.309375 0.0203125 0.08359375
2 0.77578125 0.4 0.028125 0.08359375
2 0.75 0.4671875 0.02734375 0.09765625
2 0.7140625 0.5703125 0.025 0.109375
2 0.7953125 0.58515625 0.034375 0.1171875
2 0.8890625 0.38671875 0.03671875 0.09765625
3 0.0875 0.2296875 0.01796875 0.09140625
0 0.37578125 0.37109375 0.0078125 0.01640625