2 0.40625 0.7125 0.04453125 0.121875
2 0.37421875 0.49921875 0.02890625 0.11796875
2 0.39453125 0.40703125 0.0375 0.1
2 0.37265625 0.3375 0.03203125 0.07265625
2 0.3390625 0.4109375 0.04296875 0.0828125
2 0.25625 0.321875 0.0234375 0.0875
0 0.265625 0.38359375 0.009375 0.0203125
2 0.52421875 0.36484375 0.0171875 0.096875
2 0.571875 0.38203125 0.02890625 0.09296875
2 0.60234375 0.515625 0.02734375 0.1140625
3 0.68671875 0.43515625 0.02734375 0.11328125
2 0.7921875 0.5625 0.02421875 0.11796875
2 0.828125 0.3765625 0.0171875 0.10390625
2 0.7953125 0.2578125 0.02421875 0.0765625
2 0.840625 0.303125 0.02734375 0.09609375
3 0.03359375 0.23359375 0.03359375 0.0890625