2 0.3609375 0.69765625 0.0421875 0.12734375
3 0.73046875 0.43203125 0.01953125 0.10703125
3 0.04765625 0.2359375 0.03515625 0.08828125
2 0.3921875 0.4984375 0.03671875 0.1140625
2 0.45859375 0.39921875 0.025 0.08984375
2 0.55859375 0.384375 0.02890625 0.08984375
2 0.6078125 0.51640625 0.028125 0.11015625
2 0.83515625 0.57421875 0.02421875 0.121875
2 0.890625 0.37890625 0.01796875 0.10546875
2 0.85703125 0.3046875 0.01953125 0.10078125
2 0.80390625 0.25703125 0.01796875 0.08046875
2 0.54765625 0.35234375 0.015625 0.0890625
2 0.33359375 0.3296875 0.02109375 0.08515625
2 0.328125 0.39453125 0.04140625 0.09609375
2 0.2890625 0.321875 0.0484375 0.0875
0 0.26640625 0.36015625 0.01328125 0.01953125