2 0.81640625 0.975 0.0328125 0.05
2 0.66953125 0.3984375 0.03359375 0.09921875
2 0.66796875 0.6765625 0.0515625 0.12109375
2 0.56953125 0.50234375 0.03515625 0.10625
2 0.496875 0.39296875 0.03828125 0.0875
2 0.41953125 0.38125 0.03046875 0.0859375
2 0.34765625 0.509375 0.02890625 0.10703125
2 0.38359375 0.35 0.01953125 0.0765625
3 0.21796875 0.44140625 0.03046875 0.09921875
2 0.10859375 0.5828125 0.028125 0.115625
2 0.109375 0.31015625 0.02734375 0.0953125
2 0.16484375 0.271875 0.02421875 0.08046875
2 0.67421875 0.3296875 0.03828125 0.090625
3 0.8921875 0.24140625 0.03671875 0.08046875
0 0.79296875 0.36015625 0.0140625 0.01796875
2 0.04609375 0.38671875 0.021875 0.1125