2 0.2546875 0.5234375 0.02421875 0.1390625
1 0.41328125 0.38046875 0.053125 0.12890625
2 0.42421875 0.55 0.03046875 0.14140625
2 0.5453125 0.49609375 0.021875 0.15625
2 0.60703125 0.4171875 0.03203125 0.140625
2 0.7359375 0.27578125 0.0296875 0.11640625
2 0.7875 0.35703125 0.01796875 0.12890625
2 0.8421875 0.278125 0.01875 0.1171875
2 0.62734375 0.52265625 0.0296875 0.1421875
2 0.63125 0.40625 0.0234375 0.140625
2 0.7640625 0.878125 0.0296875 0.17578125
2 0.84921875 0.77890625 0.03203125 0.18671875
0 0.16640625 0.43828125 0.0125 0.02734375