2 0.86171875 0.4671875 0.03125 0.14453125
2 0.92265625 0.753125 0.0359375 0.16015625
2 0.4890625 0.7625 0.02734375 0.15703125
2 0.45078125 0.4953125 0.0265625 0.11640625
2 0.54140625 0.428125 0.0203125 0.1171875
2 0.58203125 0.4078125 0.025 0.09609375
3 0.33046875 0.66171875 0.03203125 0.146875
2 0.23203125 0.4640625 0.04140625 0.109375
2 0.04921875 0.62578125 0.0375 0.15546875
2 0.15234375 0.41328125 0.0296875 0.1
2 0.03828125 0.415625 0.02890625 0.11484375
3 0.03203125 0.259375 0.0203125 0.10703125
2 0.9796875 0.96796875 0.040625 0.0640625