2 0.04375 0.68046875 0.02421875 0.15234375
2 0.10859375 0.58515625 0.02109375 0.14375
2 0.16953125 0.4421875 0.040625 0.12109375
2 0.50078125 0.52578125 0.04296875 0.1359375
2 0.4484375 0.39375 0.0359375 0.10078125
2 0.52421875 0.38984375 0.02734375 0.10859375
2 0.5921875 0.428125 0.03515625 0.1109375
2 0.7796875 0.4625 0.0375 0.09375
3 0.8359375 0.57890625 0.03125 0.12734375
3 0.45859375 0.23046875 0.02265625 0.09453125
2 0.92109375 0.3578125 0.02265625 0.09609375
2 0.88984375 0.6953125 0.02578125 0.1421875
2 0.0984375 0.5234375 0.0296875 0.125
0 0.49296875 0.33515625 0.01484375 0.028125