2 0.9734375 0.63515625 0.02890625 0.1375
2 0.91484375 0.5390625 0.0265625 0.1421875
2 0.609375 0.34609375 0.02421875 0.10546875
2 0.89140625 0.45 0.02578125 0.125
2 0.85 0.3921875 0.02265625 0.1203125
2 0.52578125 0.3546875 0.03671875 0.09765625
2 0.55 0.43828125 0.04609375 0.1140625
2 0.42421875 0.39609375 0.0359375 0.10234375
3 0.57109375 0.1921875 0.02734375 0.09296875
3 0.12890625 0.50703125 0.02265625 0.13125
2 0.18046875 0.60625 0.03359375 0.12890625
2 0.1890625 0.303125 0.02265625 0.08984375
2 0.0859375 0.35546875 0.028125 0.1140625
0 0.52265625 0.4734375 0.01484375 0.02890625
2 0.42421875 0.43828125 0.0296875 0.0984375