2 0.246875 0.715625 0.034375 0.13515625
2 0.29609375 0.65625 0.02890625 0.12109375
2 0.2328125 0.53984375 0.0375 0.13046875
2 0.3953125 0.415625 0.03828125 0.10234375
2 0.496875 0.41015625 0.028125 0.109375
2 0.52890625 0.4234375 0.03203125 0.0890625
2 0.6453125 0.346875 0.02421875 0.09765625
2 0.6171875 0.3265625 0.02578125 0.09765625
2 0.38515625 0.3578125 0.03203125 0.10078125
3 0.6109375 0.19140625 0.0265625 0.08671875
2 0.90546875 0.278125 0.01875 0.08671875
2 0.95703125 0.32421875 0.02109375 0.10078125
2 0.92890625 0.41796875 0.03046875 0.1078125
0 0.48359375 0.44453125 0.01171875 0.01796875