2 0.74140625 0.784375 0.02734375 0.1546875
2 0.76484375 0.56171875 0.0421875 0.13203125
2 0.6625 0.646875 0.0328125 0.1234375
2 0.55234375 0.425 0.021875 0.1
2 0.5046875 0.4359375 0.028125 0.11171875
2 0.33515625 0.3640625 0.02109375 0.09765625
3 0.35234375 0.21171875 0.0203125 0.0859375
2 0.490625 0.41171875 0.01953125 0.09453125
2 0.5390625 0.378125 0.0234375 0.0953125
2 0.0546875 0.30859375 0.02890625 0.09453125
2 0.0328125 0.44921875 0.028125 0.1171875
2 0.31796875 0.35078125 0.0203125 0.09921875
0 0.5265625 0.4265625 0.01640625 0.02578125
2 0.01171875 0.36328125 0.0234375 0.0921875