2 0.05078125 0.6203125 0.025 0.13203125
2 0.31640625 0.4578125 0.02265625 0.12421875
2 0.1953125 0.39453125 0.02578125 0.103125
2 0.33125 0.371875 0.03046875 0.0890625
2 0.41875 0.33046875 0.02421875 0.08671875
2 0.20546875 0.34453125 0.02109375 0.09921875
2 0.43671875 0.321875 0.02109375 0.096875
2 0.58828125 0.40703125 0.01875 0.10390625
2 0.65546875 0.403125 0.0359375 0.0953125
2 0.69609375 0.49921875 0.03515625 0.1140625
3 0.7546875 0.515625 0.0296875 0.1203125
2 0.72421875 0.690625 0.03203125 0.134375
2 0.7078125 0.29765625 0.021875 0.0890625
3 0.3984375 0.1921875 0.02265625 0.084375
0 0.5 0.221875 0.01328125 0.02578125