2 0.04375 0.71015625 0.0359375 0.15390625
2 0.15859375 0.4828125 0.03125 0.12578125
2 0.19609375 0.56015625 0.0234375 0.1125
2 0.378125 0.3609375 0.021875 0.11015625
2 0.43125 0.3328125 0.02109375 0.11015625
2 0.5625 0.31171875 0.0265625 0.0953125
2 0.62109375 0.3140625 0.0296875 0.09765625
2 0.57109375 0.35703125 0.02109375 0.09921875
2 0.590625 0.4578125 0.04765625 0.13046875
3 0.57890625 0.17890625 0.021875 0.08203125
0 0.62265625 0.22578125 0.0125 0.025
2 0.7578125 0.43203125 0.0265625 0.109375
2 0.7765625 0.475 0.03359375 0.12109375
3 0.82421875 0.50078125 0.040625 0.11875
2 0.8046875 0.65546875 0.02890625 0.140625
2 0.865625 0.40234375 0.046875 0.0546875
2 0.96328125 0.29921875 0.0265625 0.0921875