2 0.72734375 0.35078125 0.0234375 0.1015625
2 0.61015625 0.40078125 0.04375 0.0546875
2 0.58359375 0.45390625 0.02734375 0.121875
2 0.54453125 0.48046875 0.03203125 0.1109375
2 0.6390625 0.6078125 0.03515625 0.13046875
2 0.47265625 0.45078125 0.02421875 0.12109375
2 0.42890625 0.3765625 0.02734375 0.090625
2 0.4015625 0.29921875 0.01484375 0.0984375
2 0.21875 0.3546875 0.03203125 0.11328125
2 0.1984375 0.38359375 0.0296875 0.11015625
2 0.4640625 0.3296875 0.028125 0.1015625
3 0.55625 0.440625 0.034375 0.10234375
3 0.38125 0.17578125 0.0234375 0.0921875
0 0.7171875 0.38828125 0.01328125 0.02265625