2 0.334375 0.63046875 0.03125 0.146875
2 0.82421875 0.39921875 0.034375 0.12109375
2 0.790625 0.36328125 0.0296875 0.121875
2 0.590625 0.3015625 0.03515625 0.09921875
2 0.53203125 0.334375 0.02890625 0.10390625
2 0.34609375 0.36640625 0.0171875 0.10625
2 0.41875 0.43828125 0.03203125 0.1234375
2 0.44296875 0.5125 0.0359375 0.1234375
2 0.52890625 0.478125 0.025 0.12578125
2 0.42421875 0.4109375 0.046875 0.0578125
0 0.37109375 0.4203125 0.01328125 0.02421875
3 0.64375 0.16875 0.025 0.09921875
3 0.475 0.43828125 0.04296875 0.1203125
2 0.52421875 0.384375 0.02421875 0.1046875