2 0.665625 0.63046875 0.03125 0.146875
2 0.17578125 0.39921875 0.034375 0.12109375
2 0.209375 0.36328125 0.0296875 0.121875
2 0.409375 0.3015625 0.03515625 0.09921875
2 0.46796875 0.334375 0.02890625 0.10390625
2 0.65390625 0.36640625 0.0171875 0.10625
2 0.58125 0.43828125 0.03203125 0.1234375
2 0.55703125 0.5125 0.0359375 0.1234375
2 0.47109375 0.478125 0.025 0.12578125
2 0.57578125 0.4109375 0.046875 0.0578125
0 0.62890625 0.4203125 0.01328125 0.02421875
3 0.35625 0.16875 0.025 0.09921875
3 0.525 0.43828125 0.04296875 0.1203125
2 0.47578125 0.384375 0.02421875 0.1046875