3 0.63125 0.1765625 0.01875 0.10078125
3 0.4703125 0.4375 0.025 0.121875
2 0.30234375 0.6359375 0.025 0.14375
2 0.79921875 0.40546875 0.0375 0.12265625
2 0.51953125 0.4953125 0.02734375 0.1375
2 0.75859375 0.3671875 0.0234375 0.12265625
2 0.56171875 0.3046875 0.0296875 0.1078125
2 0.50078125 0.34609375 0.02265625 0.1078125
2 0.4734375 0.38984375 0.034375 0.1078125
2 0.428125 0.41640625 0.04765625 0.0546875
2 0.4109375 0.52109375 0.0328125 0.134375
2 0.375 0.37734375 0.02890625 0.10859375
2 0.39296875 0.43515625 0.02578125 0.1171875