2 0.021875 0.678125 0.04375 0.140625
2 0.24140625 0.42109375 0.02421875 0.128125
2 0.72578125 0.646875 0.03125 0.1484375
2 0.6390625 0.53125 0.03359375 0.13359375
2 0.4828125 0.5203125 0.034375 0.13828125
2 0.28828125 0.3734375 0.03984375 0.12109375
2 0.484375 0.31171875 0.03515625 0.1046875
2 0.53046875 0.3609375 0.03203125 0.11015625
2 0.58203125 0.4 0.0296875 0.11015625
2 0.66484375 0.42734375 0.0390625 0.12421875
2 0.609375 0.3890625 0.02734375 0.1125
3 0.553125 0.43125 0.02265625 0.125
3 0.3921875 0.18515625 0.03125 0.1046875
2 0.565625 0.42578125 0.04140625 0.05859375
0 0.5953125 0.440625 0.0109375 0.02421875