2 0.978125 0.678125 0.04375 0.140625
2 0.75859375 0.42109375 0.02421875 0.128125
2 0.27421875 0.646875 0.03125 0.1484375
2 0.3609375 0.53125 0.03359375 0.13359375
2 0.5171875 0.5203125 0.034375 0.13828125
2 0.71171875 0.3734375 0.03984375 0.12109375
2 0.515625 0.31171875 0.03515625 0.1046875
2 0.46953125 0.3609375 0.03203125 0.11015625
2 0.41796875 0.4 0.0296875 0.11015625
2 0.33515625 0.42734375 0.0390625 0.12421875
2 0.390625 0.3890625 0.02734375 0.1125
3 0.446875 0.43125 0.02265625 0.125
3 0.6078125 0.18515625 0.03125 0.1046875
2 0.434375 0.42578125 0.04140625 0.05859375
0 0.4046875 0.440625 0.0109375 0.02421875