2 0.98125 0.540625 0.0375 0.14453125
2 0.94375 0.684375 0.04921875 0.146875
2 0.734375 0.425 0.02265625 0.1265625
2 0.521875 0.534375 0.02578125 0.14609375
2 0.68359375 0.3796875 0.040625 0.12578125
2 0.490625 0.31640625 0.03125 0.10390625
2 0.44375 0.3625 0.03203125 0.1015625
2 0.40390625 0.40078125 0.02421875 0.1125
2 0.3359375 0.53828125 0.03125 0.13671875
2 0.26875 0.6640625 0.02578125 0.14453125
2 0.28515625 0.4296875 0.0375 0.12109375
2 0.4390625 0.4203125 0.0375 0.05078125
2 0.39296875 0.39140625 0.02421875 0.10625
3 0.59375 0.18671875 0.02421875 0.1046875
3 0.43046875 0.428125 0.025 0.11875