2 0.0765625 0.5375 0.0421875 0.14765625
2 0.14375 0.6953125 0.025 0.14609375
2 0.3265625 0.4390625 0.0390625 0.13125
2 0.4515625 0.5578125 0.028125 0.14609375
2 0.3796875 0.3765625 0.02734375 0.12578125
2 0.57734375 0.31328125 0.03359375 0.1046875
2 0.55859375 0.4203125 0.05 0.065625
2 0.69921875 0.5578125 0.03515625 0.13671875
2 0.75390625 0.69453125 0.02734375 0.1515625
2 0.840625 0.41328125 0.0328125 0.121875
2 0.61796875 0.4046875 0.0171875 0.1078125
2 0.59765625 0.39140625 0.0265625 0.10078125
3 0.43984375 0.1953125 0.01796875 0.09921875
3 0.603125 0.41640625 0.021875 0.11875
0 0.58515625 0.45 0.0109375 0.01953125
2 0.61484375 0.3453125 0.025 0.06015625