2 0.9109375 0.5328125 0.025 0.1546875
2 0.8296875 0.70078125 0.0234375 0.15390625
2 0.64765625 0.43828125 0.03359375 0.1203125
2 0.56640625 0.56171875 0.03828125 0.146875
2 0.6 0.37109375 0.02890625 0.12421875
2 0.44375 0.421875 0.04921875 0.059375
2 0.4 0.31171875 0.0296875 0.09765625
2 0.40859375 0.3953125 0.025 0.1015625
2 0.29453125 0.5578125 0.025 0.1421875
2 0.3734375 0.3734375 0.02109375 0.11328125
2 0.11640625 0.409375 0.04453125 0.12421875
2 0.2375 0.70234375 0.028125 0.15703125
3 0.38671875 0.41484375 0.021875 0.11875
3 0.553125 0.19375 0.01484375 0.096875
0 0.41953125 0.446875 0.0109375 0.02578125