2 0.625 0.40859375 0.01796875 0.1046875
2 0.11328125 0.52890625 0.02265625 0.1453125
2 0.21484375 0.7109375 0.04921875 0.1484375
2 0.41015625 0.5734375 0.025 0.14609375
2 0.38125 0.4453125 0.0375 0.12109375
2 0.54921875 0.425 0.05078125 0.053125
2 0.4265625 0.365625 0.025 0.12421875
2 0.59140625 0.3984375 0.025 0.10703125
2 0.7203125 0.5703125 0.0359375 0.14453125
2 0.77109375 0.71875 0.0359375 0.1546875
2 0.9484375 0.40390625 0.03515625 0.121875
2 0.646875 0.384375 0.02578125 0.10546875
2 0.63046875 0.3078125 0.03046875 0.0875
3 0.46015625 0.19609375 0.02421875 0.1
3 0.61796875 0.4140625 0.03046875 0.11875
0 0.5765625 0.446875 0.01171875 0.02265625