2 0.8703125 0.53125 0.03515625 0.15078125
2 0.7484375 0.7203125 0.046875 0.159375
2 0.59453125 0.58828125 0.01875 0.1515625
2 0.45 0.4203125 0.04921875 0.065625
2 0.58984375 0.44375 0.0375 0.121875
2 0.55859375 0.3640625 0.0203125 0.121875
2 0.403125 0.40703125 0.02890625 0.1125
2 0.34140625 0.309375 0.01953125 0.08984375
2 0.3359375 0.38671875 0.0265625 0.109375
2 0.3515625 0.4140625 0.01328125 0.1046875
2 0.26796875 0.57421875 0.03125 0.14140625
2 0.21484375 0.7296875 0.03125 0.15625
2 0.01484375 0.4015625 0.0296875 0.13125
3 0.36171875 0.415625 0.0265625 0.1234375
3 0.52421875 0.19609375 0.02734375 0.10390625
0 0.4234375 0.44765625 0.01015625 0.021875