2 0.15234375 0.528125 0.03828125 0.15234375
2 0.29296875 0.73046875 0.04765625 0.1453125
2 0.41796875 0.59765625 0.025 0.1484375
2 0.44296875 0.440625 0.02890625 0.12109375
2 0.46328125 0.3609375 0.02421875 0.11953125
2 0.5484375 0.41796875 0.04140625 0.0703125
2 0.62265625 0.40703125 0.0234375 0.10703125
2 0.69453125 0.31484375 0.021875 0.1015625
2 0.67890625 0.35546875 0.0203125 0.046875
2 0.67578125 0.42578125 0.03125 0.103125
2 0.74921875 0.58046875 0.0359375 0.1421875
2 0.79921875 0.74609375 0.0328125 0.1671875
3 0.66328125 0.42109375 0.03515625 0.1125
3 0.4921875 0.19765625 0.0296875 0.10078125
0 0.57578125 0.44921875 0.01328125 0.02421875