2 0.0140625 0.9625 0.028125 0.075
2 0.16796875 0.5203125 0.03671875 0.1484375
2 0.35859375 0.725 0.04921875 0.15625
2 0.43203125 0.6015625 0.03125 0.14921875
2 0.47265625 0.43125 0.021875 0.1296875
2 0.53671875 0.40546875 0.0265625 0.06953125
2 0.47578125 0.3453125 0.01875 0.11328125
2 0.6484375 0.4078125 0.03359375 0.10859375
2 0.7203125 0.30625 0.034375 0.10234375
2 0.6875 0.35625 0.02265625 0.05703125
2 0.7171875 0.4125 0.03125 0.1046875
2 0.7609375 0.5703125 0.03046875 0.13359375
2 0.81875 0.74609375 0.046875 0.15546875
3 0.68828125 0.4203125 0.025 0.12421875
3 0.49296875 0.1921875 0.02265625 0.10234375
0 0.56640625 0.4359375 0.0125 0.02265625