2 0.6015625 0.725 0.03671875 0.14375
2 0.84296875 0.5140625 0.025 0.15078125
2 0.559375 0.60234375 0.03671875 0.15859375
2 0.52265625 0.4234375 0.02578125 0.12109375
2 0.53046875 0.33828125 0.02421875 0.1234375
2 0.47734375 0.39765625 0.02734375 0.06953125
2 0.32890625 0.4078125 0.0328125 0.10234375
2 0.2609375 0.415625 0.02734375 0.10546875
2 0.2671875 0.29609375 0.02578125 0.10390625
2 0.31015625 0.37265625 0.0234375 0.10625
2 0.23515625 0.56796875 0.028125 0.13828125
2 0.165625 0.73984375 0.04921875 0.1609375
2 0.99296875 0.96484375 0.0140625 0.0703125
0 0.45078125 0.4265625 0.0125 0.02578125
3 0.30390625 0.41328125 0.02734375 0.121875
3 0.525 0.1796875 0.01953125 0.11328125