2 0.3984375 0.725 0.03671875 0.14375
2 0.15703125 0.5140625 0.025 0.15078125
2 0.440625 0.60234375 0.03671875 0.15859375
2 0.47734375 0.4234375 0.02578125 0.12109375
2 0.46953125 0.33828125 0.02421875 0.1234375
2 0.52265625 0.39765625 0.02734375 0.06953125
2 0.67109375 0.4078125 0.0328125 0.10234375
2 0.7390625 0.415625 0.02734375 0.10546875
2 0.7328125 0.29609375 0.02578125 0.10390625
2 0.68984375 0.37265625 0.0234375 0.10625
2 0.76484375 0.56796875 0.028125 0.13828125
2 0.834375 0.73984375 0.04921875 0.1609375
2 0.00703125 0.96484375 0.0140625 0.0703125
0 0.54921875 0.4265625 0.0125 0.02578125
3 0.69609375 0.41328125 0.02734375 0.121875
3 0.475 0.1796875 0.01953125 0.11328125