2 0.0640625 0.72734375 0.0390625 0.15390625
2 0.90625 0.51015625 0.0296875 0.14296875
2 0.61484375 0.6046875 0.028125 0.14921875
2 0.45234375 0.73046875 0.04765625 0.14609375
2 0.209375 0.57578125 0.04296875 0.13828125
2 0.13046875 0.44609375 0.01953125 0.11328125
2 0.1484375 0.4296875 0.0234375 0.10859375
2 0.20546875 0.29453125 0.01640625 0.1046875
2 0.2875 0.37265625 0.025 0.11171875
3 0.253125 0.4390625 0.0296875 0.12734375
2 0.4734375 0.39296875 0.04296875 0.09765625
2 0.50859375 0.41328125 0.02421875 0.125
2 0.54375 0.3328125 0.02890625 0.125
3 0.584375 0.18515625 0.02109375 0.10703125
0 0.5203125 0.421875 0.01015625 0.02265625