2 0.96171875 0.7171875 0.02734375 0.14921875
2 0.05625 0.51015625 0.0234375 0.1375
2 0.28828125 0.609375 0.0390625 0.13359375
2 0.5578125 0.7078125 0.03671875 0.1265625
2 0.8 0.57109375 0.0375 0.13046875
2 0.93359375 0.45625 0.02890625 0.10859375
2 0.83046875 0.30390625 0.02265625 0.10234375
2 0.728125 0.3828125 0.02734375 0.1015625
2 0.61875 0.41484375 0.02265625 0.10625
2 0.51796875 0.42109375 0.02265625 0.1078125
2 0.47421875 0.37421875 0.05234375 0.1
3 0.79453125 0.45390625 0.02578125 0.11875
3 0.375 0.196875 0.01640625 0.09375
0 0.4609375 0.4140625 0.01171875 0.0203125