2 0.253125 0.4890625 0.03046875 0.11875
2 0.059375 0.4265625 0.025 0.11484375
2 0.0484375 0.45 0.03828125 0.109375
2 0.04296875 0.61328125 0.03671875 0.12734375
2 0.39140625 0.51796875 0.025 0.115625
2 0.47734375 0.4109375 0.02734375 0.1046875
2 0.4796875 0.296875 0.028125 0.08046875
2 0.56796875 0.28046875 0.028125 0.09140625
2 0.6421875 0.33203125 0.02421875 0.0796875
2 0.64765625 0.396875 0.021875 0.09921875
2 0.60625 0.5671875 0.034375 0.125
2 0.61328125 0.921875 0.0609375 0.15546875
2 0.7984375 0.6453125 0.0375 0.13203125
3 0.59609375 0.5015625 0.01953125 0.09140625
3 0.3359375 0.18828125 0.0265625 0.0734375
0 0.55546875 0.3171875 0.0109375 0.01953125
2 0.99453125 0.38515625 0.01015625 0.090625