2 0.41875 0.92109375 0.04140625 0.15703125
2 0.025 0.42890625 0.02578125 0.11796875
2 0.0109375 0.4578125 0.021875 0.1109375
2 0.2140625 0.47421875 0.02421875 0.11953125
2 0.3953125 0.47265625 0.02109375 0.1109375
2 0.5328125 0.3828125 0.03046875 0.1015625
2 0.609375 0.57734375 0.034375 0.12421875
2 0.659375 0.39140625 0.02578125 0.09609375
2 0.51875 0.29453125 0.03984375 0.0765625
2 0.6765625 0.31171875 0.01640625 0.08125
2 0.7703125 0.6484375 0.03671875 0.13671875
2 0.996875 0.378125 0.00625 0.09609375
2 0.55703125 0.28828125 0.02578125 0.0828125
3 0.528125 0.51015625 0.025 0.12734375
3 0.3234375 0.20234375 0.02578125 0.07734375
0 0.54765625 0.31484375 0.01171875 0.02109375