2 0.37734375 0.934375 0.0375 0.13125
2 0.021875 0.6515625 0.04375 0.11484375
2 0.04765625 0.47578125 0.0359375 0.11953125
2 0.00859375 0.5125 0.0171875 0.1140625
2 0.0859375 0.4375 0.034375 0.10703125
2 0.26015625 0.46953125 0.03046875 0.10859375
2 0.46015625 0.46171875 0.021875 0.1015625
3 0.571875 0.51484375 0.02265625 0.11328125
2 0.5875 0.390625 0.03671875 0.08984375
2 0.5421875 0.290625 0.03671875 0.06484375
2 0.56640625 0.2796875 0.03828125 0.0703125
2 0.7515625 0.315625 0.02734375 0.08515625
2 0.72890625 0.40546875 0.01953125 0.1
2 0.83359375 0.67265625 0.02421875 0.134375
2 0.67421875 0.59609375 0.0296875 0.1203125
3 0.37890625 0.22734375 0.0328125 0.08671875
0 0.51328125 0.31171875 0.0109375 0.01875