2 0.021875 0.6375 0.02734375 0.12578125
2 0.14765625 0.6609375 0.03515625 0.1265625
2 0.1765625 0.53515625 0.03203125 0.1296875
2 0.4796875 0.95 0.028125 0.1
2 0.21796875 0.50625 0.034375 0.1140625
2 0.39609375 0.48046875 0.034375 0.121875
2 0.22734375 0.45703125 0.03203125 0.1078125
2 0.621875 0.459375 0.02421875 0.1078125
2 0.7203125 0.41875 0.03125 0.1046875
2 0.6046875 0.3046875 0.03984375 0.071875
2 0.87734375 0.6484375 0.0359375 0.125
2 0.93359375 0.32890625 0.021875 0.0828125
2 0.946875 0.4484375 0.0328125 0.10390625
2 0.6359375 0.30390625 0.0265625 0.078125
3 0.74453125 0.525 0.0328125 0.1140625
3 0.52578125 0.2515625 0.028125 0.0859375
0 0.6484375 0.32265625 0.009375 0.01875