2 0.978125 0.6375 0.02734375 0.12578125
2 0.85234375 0.6609375 0.03515625 0.1265625
2 0.8234375 0.53515625 0.03203125 0.1296875
2 0.5203125 0.95 0.028125 0.1
2 0.78203125 0.50625 0.034375 0.1140625
2 0.60390625 0.48046875 0.034375 0.121875
2 0.77265625 0.45703125 0.03203125 0.1078125
2 0.378125 0.459375 0.02421875 0.1078125
2 0.2796875 0.41875 0.03125 0.1046875
2 0.3953125 0.3046875 0.03984375 0.071875
2 0.12265625 0.6484375 0.0359375 0.125
2 0.06640625 0.32890625 0.021875 0.0828125
2 0.053125 0.4484375 0.0328125 0.10390625
2 0.3640625 0.30390625 0.0265625 0.078125
3 0.25546875 0.525 0.0328125 0.1140625
3 0.47421875 0.2515625 0.028125 0.0859375
0 0.3515625 0.32265625 0.009375 0.01875