2 0.97421875 0.6375 0.0328125 0.1296875
2 0.84765625 0.659375 0.028125 0.12265625
2 0.5171875 0.94921875 0.0296875 0.1015625
2 0.8171875 0.53515625 0.03671875 0.1296875
2 0.7765625 0.5109375 0.0328125 0.103125
2 0.60546875 0.4828125 0.02890625 0.1171875
2 0.7734375 0.45546875 0.02890625 0.1046875
2 0.375 0.45546875 0.028125 0.1046875
2 0.27890625 0.41328125 0.040625 0.1
2 0.3625 0.30234375 0.02421875 0.08515625
2 0.396875 0.30625 0.04140625 0.0734375
2 0.06640625 0.33046875 0.021875 0.090625
2 0.04609375 0.45 0.03046875 0.09296875
2 0.11640625 0.64765625 0.03203125 0.1234375
3 0.4734375 0.2515625 0.02578125 0.08203125
3 0.25546875 0.52890625 0.028125 0.12109375
0 0.35 0.32109375 0.01015625 0.01640625