2 0.02578125 0.6375 0.0328125 0.1296875
2 0.15234375 0.659375 0.028125 0.12265625
2 0.4828125 0.94921875 0.0296875 0.1015625
2 0.1828125 0.53515625 0.03671875 0.1296875
2 0.2234375 0.5109375 0.0328125 0.103125
2 0.39453125 0.4828125 0.02890625 0.1171875
2 0.2265625 0.45546875 0.02890625 0.1046875
2 0.625 0.45546875 0.028125 0.1046875
2 0.72109375 0.41328125 0.040625 0.1
2 0.6375 0.30234375 0.02421875 0.08515625
2 0.603125 0.30625 0.04140625 0.0734375
2 0.93359375 0.33046875 0.021875 0.090625
2 0.95390625 0.45 0.03046875 0.09296875
2 0.88359375 0.64765625 0.03203125 0.1234375
3 0.5265625 0.2515625 0.02578125 0.08203125
3 0.74453125 0.52890625 0.028125 0.12109375
0 0.65 0.32109375 0.01015625 0.01640625