2 0.01796875 0.6375 0.03515625 0.1296875
2 0.1515625 0.65078125 0.0328125 0.1203125
2 0.19140625 0.53515625 0.03359375 0.1296875
2 0.47578125 0.94765625 0.0390625 0.1046875
2 0.2265625 0.5078125 0.02890625 0.11953125
2 0.390625 0.475 0.028125 0.1203125
2 0.62578125 0.44765625 0.02421875 0.10234375
2 0.2234375 0.4546875 0.034375 0.1171875
2 0.7109375 0.4125 0.02265625 0.10546875
2 0.89296875 0.6484375 0.02265625 0.13359375
2 0.9671875 0.44609375 0.02265625 0.1
2 0.92890625 0.32578125 0.0234375 0.0859375
2 0.6421875 0.29140625 0.02578125 0.09140625
2 0.59375 0.30390625 0.02265625 0.078125
0 0.65625 0.3140625 0.009375 0.025
3 0.74921875 0.51796875 0.02578125 0.11328125
3 0.52890625 0.2453125 0.0203125 0.0828125