2 0.98203125 0.6375 0.03515625 0.1296875
2 0.8484375 0.65078125 0.0328125 0.1203125
2 0.80859375 0.53515625 0.03359375 0.1296875
2 0.52421875 0.94765625 0.0390625 0.1046875
2 0.7734375 0.5078125 0.02890625 0.11953125
2 0.609375 0.475 0.028125 0.1203125
2 0.37421875 0.44765625 0.02421875 0.10234375
2 0.7765625 0.4546875 0.034375 0.1171875
2 0.2890625 0.4125 0.02265625 0.10546875
2 0.10703125 0.6484375 0.02265625 0.13359375
2 0.0328125 0.44609375 0.02265625 0.1
2 0.07109375 0.32578125 0.0234375 0.0859375
2 0.3578125 0.29140625 0.02578125 0.09140625
2 0.40625 0.30390625 0.02265625 0.078125
0 0.34375 0.3140625 0.009375 0.025
3 0.25078125 0.51796875 0.02578125 0.11328125
3 0.47109375 0.2453125 0.0203125 0.0828125