2 0.00859375 0.6265625 0.0171875 0.08203125
2 0.13359375 0.65546875 0.04296875 0.125
2 0.17421875 0.53515625 0.040625 0.12578125
2 0.465625 0.95234375 0.05 0.0953125
2 0.209375 0.5109375 0.02421875 0.121875
2 0.36640625 0.46953125 0.02890625 0.1171875
2 0.19375 0.45390625 0.02578125 0.11484375
2 0.61171875 0.440625 0.02265625 0.1078125
2 0.690625 0.4078125 0.03046875 0.10703125
2 0.89453125 0.65234375 0.02265625 0.13671875
2 0.97421875 0.44296875 0.0234375 0.11171875
2 0.90859375 0.31640625 0.021875 0.09453125
2 0.64296875 0.27421875 0.02421875 0.0890625
2 0.590625 0.28515625 0.0265625 0.08828125
3 0.74921875 0.509375 0.028125 0.11484375
3 0.51171875 0.24375 0.0234375 0.08359375
0 0.646875 0.30703125 0.00703125 0.01484375