2 0.99140625 0.6265625 0.0171875 0.08203125
2 0.86640625 0.65546875 0.04296875 0.125
2 0.82578125 0.53515625 0.040625 0.12578125
2 0.534375 0.95234375 0.05 0.0953125
2 0.790625 0.5109375 0.02421875 0.121875
2 0.63359375 0.46953125 0.02890625 0.1171875
2 0.80625 0.45390625 0.02578125 0.11484375
2 0.38828125 0.440625 0.02265625 0.1078125
2 0.309375 0.4078125 0.03046875 0.10703125
2 0.10546875 0.65234375 0.02265625 0.13671875
2 0.02578125 0.44296875 0.0234375 0.11171875
2 0.09140625 0.31640625 0.021875 0.09453125
2 0.35703125 0.27421875 0.02421875 0.0890625
2 0.409375 0.28515625 0.0265625 0.08828125
3 0.25078125 0.509375 0.028125 0.11484375
3 0.48828125 0.24375 0.0234375 0.08359375
0 0.353125 0.30703125 0.00703125 0.01484375