2 0.8796875 0.65234375 0.03203125 0.1328125
2 0.55234375 0.95234375 0.0296875 0.0953125
2 0.8375 0.5375 0.03046875 0.13359375
2 0.64765625 0.46484375 0.0265625 0.11875
2 0.80234375 0.5125 0.025 0.1203125
2 0.39921875 0.4390625 0.0234375 0.1078125
2 0.81875 0.45625 0.02265625 0.1203125
2 0.3171875 0.40859375 0.02578125 0.0984375
3 0.25546875 0.50859375 0.025 0.11328125
2 0.11171875 0.6546875 0.02890625 0.13203125
2 0.03046875 0.446875 0.03046875 0.11015625
2 0.10078125 0.31328125 0.034375 0.09296875
2 0.4125 0.28125 0.02578125 0.09375
2 0.36015625 0.2734375 0.0296875 0.0875
3 0.4953125 0.24609375 0.0234375 0.09296875
0 0.36015625 0.3046875 0.0078125 0.01640625