2 0.43203125 0.95703125 0.03359375 0.0859375
2 0.11328125 0.6625 0.0296875 0.1296875
2 0.1484375 0.54921875 0.040625 0.12890625
2 0.33203125 0.46875 0.02265625 0.11953125
2 0.1875 0.5234375 0.0234375 0.1234375
2 0.15859375 0.46484375 0.034375 0.1078125
2 0.584375 0.43984375 0.0203125 0.10546875
2 0.58203125 0.2890625 0.03203125 0.08125
2 0.67265625 0.41015625 0.02265625 0.10625
2 0.6265625 0.2765625 0.01796875 0.0921875
3 0.7453125 0.51328125 0.0234375 0.11484375
2 0.87890625 0.6625 0.03203125 0.13359375
2 0.965625 0.4546875 0.0203125 0.109375
2 0.87578125 0.31953125 0.02734375 0.09375
3 0.4921875 0.25390625 0.0203125 0.09140625