2 0.56796875 0.95703125 0.03359375 0.0859375
2 0.88671875 0.6625 0.0296875 0.1296875
2 0.8515625 0.54921875 0.040625 0.12890625
2 0.66796875 0.46875 0.02265625 0.11953125
2 0.8125 0.5234375 0.0234375 0.1234375
2 0.84140625 0.46484375 0.034375 0.1078125
2 0.415625 0.43984375 0.0203125 0.10546875
2 0.41796875 0.2890625 0.03203125 0.08125
2 0.32734375 0.41015625 0.02265625 0.10625
2 0.3734375 0.2765625 0.01796875 0.0921875
3 0.2546875 0.51328125 0.0234375 0.11484375
2 0.12109375 0.6625 0.03203125 0.13359375
2 0.034375 0.4546875 0.0203125 0.109375
2 0.12421875 0.31953125 0.02734375 0.09375
3 0.5078125 0.25390625 0.0203125 0.09140625