2 0.56875 0.95703125 0.04296875 0.0859375
2 0.42578125 0.4375 0.025 0.10859375
2 0.67578125 0.4640625 0.03125 0.1125
2 0.821875 0.52890625 0.03359375 0.12265625
2 0.89296875 0.66640625 0.03046875 0.134375
2 0.8609375 0.5421875 0.0265625 0.13359375
2 0.84765625 0.46796875 0.03046875 0.1234375
2 0.32734375 0.4078125 0.02109375 0.1109375
3 0.246875 0.50546875 0.021875 0.12109375
2 0.1234375 0.66484375 0.0359375 0.140625
2 0.03203125 0.45703125 0.028125 0.10546875
2 0.14375 0.32109375 0.02109375 0.09140625
2 0.37421875 0.28046875 0.01796875 0.08125
2 0.4234375 0.28515625 0.021875 0.0875
3 0.51328125 0.2578125 0.025 0.08515625
0 0.37421875 0.31015625 0.009375 0.01875