2 0.00859375 0.853125 0.0171875 0.146875
2 0.196875 0.5828125 0.02421875 0.125
2 0.24609375 0.36796875 0.025 0.0953125
2 0.88828125 0.51953125 0.01796875 0.11875
2 0.97421875 0.66640625 0.02890625 0.12890625
2 0.76875 0.5203125 0.0296875 0.09921875
2 0.68046875 0.603125 0.02265625 0.1203125
2 0.72421875 0.41796875 0.01875 0.090625
2 0.7546875 0.4265625 0.021875 0.10859375
2 0.61953125 0.38828125 0.028125 0.0984375
2 0.73828125 0.39765625 0.0203125 0.1015625
2 0.6734375 0.3546875 0.025 0.08984375
2 0.59375 0.4359375 0.025 0.1109375
2 0.6625 0.3125 0.01875 0.0875
2 0.521875 0.57890625 0.0203125 0.1203125
2 0.3859375 0.35 0.03125 0.09609375
2 0.3234375 0.21015625 0.0203125 0.07578125
3 0.38671875 0.51015625 0.02265625 0.11953125