2 0.70703125 0.20078125 0.009375 0.040625
1 0.80234375 0.2171875 0.01015625 0.046875
2 0.675 0.16171875 0.00859375 0.040625
2 0.628125 0.17890625 0.00859375 0.040625
2 0.440625 0.1734375 0.01015625 0.03515625
2 0.521875 0.1640625 0.0078125 0.0359375
2 0.590625 0.19296875 0.01015625 0.040625
2 0.54921875 0.278125 0.009375 0.04140625
2 0.875 0.31796875 0.0125 0.05390625
2 0.32890625 0.18359375 0.00703125 0.04140625
2 0.3265625 0.30546875 0.00859375 0.0515625
2 0.5421875 0.253125 0.00859375 0.04453125
2 0.35234375 0.21875 0.00859375 0.04609375
2 0.596875 0.2875 0.01015625 0.053125
2 0.1671875 0.24453125 0.0125 0.05078125
2 0.165625 0.328125 0.009375 0.059375
2 0.3359375 0.26953125 0.01015625 0.05078125
2 0.26796875 0.3515625 0.0125 0.059375
2 0.65859375 0.3671875 0.0140625 0.0546875
3 0.4390625 0.23671875 0.0140625 0.04609375
2 0.6921875 0.43046875 0.0140625 0.065625
2 0.28046875 0.45703125 0.01953125 0.06796875
3 0.10625 0.92421875 0.02265625 0.10390625
0 0.7703125 0.2234375 0.00625 0.0109375
3 0.5875 0.11640625 0.0078125 0.0328125