2 0.60625 0.43828125 0.01171875 0.0390625
1 0.984375 0.4296875 0.01328125 0.0390625
2 0.55546875 0.31171875 0.009375 0.0265625
2 0.7234375 0.41796875 0.0078125 0.04296875
2 0.71875 0.5140625 0.01875 0.05
2 0.403125 0.36796875 0.00703125 0.03515625
2 0.53359375 0.365625 0.0078125 0.0359375
2 0.715625 0.41796875 0.009375 0.0453125
2 0.671875 0.36484375 0.00859375 0.03515625
2 0.60703125 0.328125 0.00703125 0.03359375
3 0.6078125 0.45390625 0.01171875 0.04453125
2 0.11015625 0.40625 0.01015625 0.04296875
2 0.33671875 0.33046875 0.009375 0.03515625
2 0.52890625 0.5109375 0.00859375 0.0484375
2 0.42421875 0.3984375 0.0078125 0.0390625
2 0.40625 0.43828125 0.00859375 0.04140625
2 0.54296875 0.46875 0.01015625 0.046875
2 0.66640625 0.4765625 0.00859375 0.04609375
3 0.021875 0.825 0.0203125 0.08046875
2 0.1875 0.49453125 0.01484375 0.0453125
2 0.7234375 0.6046875 0.0109375 0.05703125
2 0.63828125 0.5609375 0.01171875 0.05546875
2 0.53359375 0.80625 0.02734375 0.06953125
0 0.19375 0.5125 0.00546875 0.009375
2 0.46640625 0.284375 0.0109375 0.03359375
3 0.64609375 0.2875 0.00859375 0.028125