2 0.6765625 0.265625 0.0078125 0.0296875
3 0.759375 0.25 0.01015625 0.028125
2 0.70078125 0.26953125 0.01015625 0.03125
1 0.03828125 0.30703125 0.01171875 0.040625
2 0.53046875 0.27734375 0.009375 0.034375
2 0.4015625 0.265625 0.01171875 0.03828125
2 0.621875 0.303125 0.00703125 0.03984375
2 0.565625 0.3359375 0.00859375 0.040625
3 0.57421875 0.35625 0.01171875 0.04296875
2 0.225 0.2765625 0.0109375 0.03671875
2 0.6640625 0.2859375 0.01171875 0.03125
2 0.75 0.40703125 0.015625 0.04453125
2 0.37421875 0.3078125 0.00859375 0.03828125
2 0.74453125 0.2921875 0.009375 0.03203125
2 0.64375 0.33515625 0.0109375 0.04296875
2 0.33984375 0.28203125 0.01015625 0.03984375
2 0.30546875 0.40859375 0.01484375 0.05
3 0.02890625 0.7921875 0.025 0.0828125
2 0.79609375 0.3515625 0.0109375 0.04453125
2 0.3265625 0.440625 0.01171875 0.053125
2 0.50078125 0.5296875 0.01171875 0.059375
2 0.7765625 0.496875 0.01484375 0.053125
0 0.69375 0.26875 0.00390625 0.00625
2 0.74765625 0.28984375 0.00859375 0.0375
2 0.53046875 0.2671875 0.01015625 0.034375