2 0.4609375 0.67578125 0.01015625 0.05390625
2 0.66171875 0.48203125 0.00703125 0.0359375
2 0.6265625 0.440625 0.00703125 0.02890625
2 0.5578125 0.5515625 0.00859375 0.03984375
3 0.075 0.8546875 0.0140625 0.06640625
2 0.4546875 0.390625 0.0078125 0.03046875
1 0.940625 0.51953125 0.0109375 0.0359375
3 0.5609375 0.57890625 0.01015625 0.04609375
2 0.4421875 0.571875 0.0078125 0.0484375
2 0.559375 0.496875 0.009375 0.03828125
2 0.70078125 0.53984375 0.01015625 0.040625
2 0.62109375 0.759375 0.01484375 0.0609375
2 0.62109375 0.471875 0.00859375 0.0359375
2 0.71171875 0.65390625 0.01640625 0.0546875
2 0.4015625 0.49609375 0.0078125 0.0359375
2 0.428125 0.546875 0.01640625 0.04140625
2 0.66171875 0.52109375 0.01015625 0.0484375
1 0.12265625 0.496875 0.01015625 0.03984375
2 0.25625 0.5015625 0.009375 0.04296875
2 0.25859375 0.6453125 0.0125 0.0484375
2 0.6265625 0.58671875 0.0078125 0.046875
2 0.296875 0.70703125 0.0140625 0.06015625
2 0.7796875 0.82421875 0.01484375 0.0640625
2 0.50703125 0.85234375 0.01953125 0.06796875
3 0.61796875 0.37734375 0.00625 0.025
0 0.3015625 0.71796875 0.0046875 0.00859375