2 0.5828125 0.9578125 0.03359375 0.084375
2 0.9078125 0.66796875 0.0421875 0.13203125
2 0.69609375 0.465625 0.02578125 0.12265625
2 0.43671875 0.43125 0.02265625 0.1125
2 0.01640625 0.7375 0.0328125 0.146875
2 0.12734375 0.66484375 0.0265625 0.1375
2 0.034375 0.4546875 0.021875 0.10859375
2 0.15859375 0.32265625 0.02265625 0.09140625
2 0.3359375 0.403125 0.0265625 0.10546875
2 0.37578125 0.28515625 0.02265625 0.075
2 0.4375 0.2859375 0.025 0.084375
2 0.86484375 0.471875 0.0296875 0.11875
2 0.87890625 0.55078125 0.0359375 0.12578125
2 0.83515625 0.5296875 0.028125 0.11640625
3 0.51953125 0.25625 0.0234375 0.0953125
3 0.24375 0.5046875 0.02421875 0.1234375
0 0.37890625 0.31015625 0.00859375 0.01875