2 0.39765625 0.959375 0.03359375 0.08125
2 0.06640625 0.67265625 0.02734375 0.13828125
2 0.13671875 0.53828125 0.02734375 0.13125
2 0.08984375 0.55078125 0.0296875 0.140625
2 0.109375 0.47265625 0.02578125 0.12421875
2 0.28046875 0.4640625 0.021875 0.121875
2 0.54765625 0.425 0.021875 0.1078125
2 0.54296875 0.284375 0.01875 0.0890625
3 0.45859375 0.25234375 0.05078125 0.09765625
3 0.75546875 0.50234375 0.02421875 0.11875
2 0.66015625 0.40546875 0.03359375 0.10078125
2 0.62109375 0.29140625 0.02734375 0.0609375
2 0.815625 0.315625 0.03828125 0.0875
2 0.96328125 0.4578125 0.0265625 0.10390625
2 0.8578125 0.67421875 0.02890625 0.140625
2 0.95859375 0.74765625 0.04140625 0.1421875
0 0.6125 0.31015625 0.01171875 0.02109375