2 0.3828125 0.9625 0.03359375 0.075
2 0.0484375 0.6765625 0.03671875 0.14296875
2 0.09296875 0.4734375 0.03125 0.12265625
2 0.0703125 0.5546875 0.03359375 0.13359375
2 0.11953125 0.54140625 0.0328125 0.12265625
2 0.2625 0.4609375 0.02578125 0.125
2 0.53359375 0.4234375 0.02265625 0.10625
2 0.5265625 0.2796875 0.01953125 0.09296875
3 0.45 0.24375 0.05234375 0.11953125
2 0.6171875 0.28984375 0.02578125 0.0671875
2 0.64765625 0.40234375 0.03203125 0.10390625
2 0.8 0.31484375 0.03125 0.09609375
3 0.7484375 0.5015625 0.02421875 0.1203125
2 0.8484375 0.67109375 0.034375 0.146875
2 0.928125 0.74765625 0.0421875 0.14921875
2 0.95390625 0.45390625 0.0203125 0.11015625
0 0.60390625 0.30859375 0.01015625 0.01796875