2 0.6171875 0.9625 0.03359375 0.075
2 0.9515625 0.6765625 0.03671875 0.14296875
2 0.90703125 0.4734375 0.03125 0.12265625
2 0.9296875 0.5546875 0.03359375 0.13359375
2 0.88046875 0.54140625 0.0328125 0.12265625
2 0.7375 0.4609375 0.02578125 0.125
2 0.46640625 0.4234375 0.02265625 0.10625
2 0.4734375 0.2796875 0.01953125 0.09296875
3 0.55 0.24375 0.05234375 0.11953125
2 0.3828125 0.28984375 0.02578125 0.0671875
2 0.35234375 0.40234375 0.03203125 0.10390625
2 0.2 0.31484375 0.03125 0.09609375
3 0.2515625 0.5015625 0.02421875 0.1203125
2 0.1515625 0.67109375 0.034375 0.146875
2 0.071875 0.74765625 0.0421875 0.14921875
2 0.04609375 0.45390625 0.0203125 0.11015625
0 0.39609375 0.30859375 0.01015625 0.01796875