3 0.72578125 0.5015625 0.03671875 0.1171875
3 0.4375 0.2375 0.04296875 0.128125
0 0.590625 0.30078125 0.01171875 0.0234375
2 0.60078125 0.28671875 0.0296875 0.06953125
2 0.50078125 0.28828125 0.0296875 0.08515625
2 0.4984375 0.41875 0.03671875 0.09921875
2 0.61640625 0.4 0.0421875 0.1015625
2 0.76953125 0.31484375 0.03359375 0.0890625
2 0.92890625 0.45859375 0.0296875 0.1109375
2 0.82265625 0.66875 0.025 0.1390625
2 0.8875 0.7484375 0.0421875 0.15078125
2 0.3625 0.9625 0.03515625 0.075
2 0.0234375 0.68203125 0.0375 0.140625
2 0.065625 0.48203125 0.01796875 0.12734375
2 0.04296875 0.5546875 0.03046875 0.13046875
2 0.0921875 0.54296875 0.02734375 0.12578125
2 0.23984375 0.4625 0.0328125 0.121875
2 0.990625 0.76796875 0.01875 0.146875