2 0.98671875 0.76796875 0.02578125 0.153125
2 0.35390625 0.96015625 0.04453125 0.0796875
2 0.86328125 0.74609375 0.04140625 0.15546875
2 0.9234375 0.45390625 0.025 0.1109375
2 0.8109375 0.66875 0.03515625 0.1359375
2 0.7515625 0.31484375 0.03125 0.09453125
3 0.71640625 0.4984375 0.0421875 0.115625
2 0.59140625 0.3984375 0.034375 0.10234375
2 0.5984375 0.284375 0.02421875 0.08359375
2 0.4875 0.2921875 0.01796875 0.0859375
2 0.48828125 0.4140625 0.04453125 0.09921875
3 0.4328125 0.23828125 0.0390625 0.1296875
0 0.58515625 0.28359375 0.01015625 0.02109375
2 0.22890625 0.465625 0.034375 0.121875
2 0.078125 0.5421875 0.02265625 0.13359375
2 0.05703125 0.48203125 0.0265625 0.1328125
2 0.0296875 0.5546875 0.025 0.13984375
2 0.01484375 0.68203125 0.02734375 0.14453125