2 0.0234375 0.7671875 0.034375 0.1515625
2 0.98671875 0.6828125 0.0265625 0.1390625
2 0.9515625 0.484375 0.03046875 0.13046875
2 0.93125 0.54453125 0.03515625 0.121875
2 0.98046875 0.55390625 0.034375 0.1359375
2 0.65390625 0.96015625 0.04375 0.07890625
2 0.19375 0.665625 0.034375 0.134375
2 0.15703125 0.74609375 0.0515625 0.153125
2 0.08359375 0.4515625 0.02265625 0.1140625
2 0.25859375 0.315625 0.03359375 0.08984375
3 0.29140625 0.49609375 0.04375 0.12421875
2 0.42265625 0.39453125 0.03515625 0.09921875
2 0.525 0.40859375 0.03828125 0.09765625
2 0.78125 0.4625 0.02890625 0.1234375
3 0.56953125 0.2375 0.03828125 0.13046875
2 0.5234375 0.29609375 0.01953125 0.084375
2 0.40625 0.27734375 0.02578125 0.08046875
0 0.4203125 0.2609375 0.009375 0.01640625