2 0.334375 0.95703125 0.040625 0.0859375
2 0.0109375 0.68046875 0.021875 0.14375
2 0.0453125 0.4859375 0.02734375 0.1296875
2 0.0625 0.54609375 0.0375 0.1328125
2 0.0140625 0.5546875 0.028125 0.1375
2 0.20625 0.459375 0.0265625 0.12265625
2 0.459375 0.4046875 0.0390625 0.1046875
2 0.55 0.39453125 0.025 0.10234375
2 0.46015625 0.2953125 0.0265625 0.0828125
2 0.5875 0.2734375 0.0265625 0.09140625
2 0.72109375 0.31328125 0.0234375 0.0921875
3 0.70390625 0.4984375 0.046875 0.121875
2 0.7921875 0.6609375 0.02421875 0.13203125
2 0.815625 0.74921875 0.03203125 0.1453125
2 0.9703125 0.76328125 0.03828125 0.15546875
2 0.9078125 0.45 0.021875 0.11015625
3 0.4265625 0.23828125 0.0390625 0.13203125
0 0.578125 0.23515625 0.01484375 0.02109375