2 0.32421875 0.95625 0.0390625 0.0875
2 0.0078125 0.55234375 0.01484375 0.1421875
2 0.05078125 0.54609375 0.02421875 0.1359375
2 0.03515625 0.4875 0.01953125 0.1296875
2 0.19296875 0.45234375 0.03046875 0.12265625
2 0.440625 0.4 0.0265625 0.103125
2 0.53515625 0.39296875 0.040625 0.09609375
2 0.44921875 0.29921875 0.02890625 0.090625
2 0.5890625 0.27421875 0.025 0.09921875
2 0.7109375 0.31015625 0.0328125 0.09296875
3 0.6984375 0.49765625 0.04765625 0.1203125
2 0.78203125 0.659375 0.03203125 0.1375
2 0.8 0.73984375 0.04296875 0.14921875
2 0.95859375 0.7625 0.03828125 0.15390625
2 0.9046875 0.4515625 0.021875 0.1125
3 0.42421875 0.2390625 0.03984375 0.12890625
0 0.58125 0.221875 0.01015625 0.0203125