2 0.684375 0.95 0.03125 0.1
2 0.96328125 0.55 0.034375 0.134375
2 0.975 0.48515625 0.0265625 0.1328125
2 0.81328125 0.446875 0.02734375 0.121875
2 0.57734375 0.390625 0.03828125 0.1
2 0.49921875 0.3890625 0.03828125 0.11015625
2 0.5671875 0.30234375 0.0234375 0.09296875
2 0.41484375 0.26953125 0.02421875 0.11171875
2 0.309375 0.3109375 0.028125 0.09921875
3 0.31015625 0.490625 0.04453125 0.1203125
2 0.2296875 0.659375 0.0375 0.140625
2 0.228125 0.74609375 0.03984375 0.14296875
2 0.05390625 0.75546875 0.0234375 0.15078125
2 0.10234375 0.4453125 0.02109375 0.115625
3 0.57734375 0.23671875 0.0390625 0.12734375
0 0.4203125 0.221875 0.01328125 0.0234375