2 0.309375 0.95078125 0.0296875 0.0984375
2 0.03046875 0.55078125 0.0359375 0.13125
2 0.0203125 0.4875 0.03359375 0.134375
2 0.18359375 0.440625 0.03046875 0.12109375
2 0.39921875 0.38828125 0.02578125 0.103125
2 0.48515625 0.38046875 0.0359375 0.09609375
2 0.42265625 0.30546875 0.01484375 0.08828125
3 0.42109375 0.24609375 0.03984375 0.1109375
2 0.58359375 0.26796875 0.02265625 0.103125
2 0.6828125 0.31015625 0.02578125 0.09453125
3 0.6875 0.490625 0.03984375 0.1171875
2 0.7640625 0.653125 0.03046875 0.13359375
2 0.75390625 0.7390625 0.04375 0.15234375
2 0.93984375 0.75625 0.03984375 0.1515625
2 0.89609375 0.44375 0.025 0.10859375
0 0.58203125 0.21640625 0.01484375 0.01875