2 0.690625 0.95078125 0.0296875 0.0984375
2 0.96953125 0.55078125 0.0359375 0.13125
2 0.9796875 0.4875 0.03359375 0.134375
2 0.81640625 0.440625 0.03046875 0.12109375
2 0.60078125 0.38828125 0.02578125 0.103125
2 0.51484375 0.38046875 0.0359375 0.09609375
2 0.57734375 0.30546875 0.01484375 0.08828125
3 0.57890625 0.24609375 0.03984375 0.1109375
2 0.41640625 0.26796875 0.02265625 0.103125
2 0.3171875 0.31015625 0.02578125 0.09453125
3 0.3125 0.490625 0.03984375 0.1171875
2 0.2359375 0.653125 0.03046875 0.13359375
2 0.24609375 0.7390625 0.04375 0.15234375
2 0.06015625 0.75625 0.03984375 0.1515625
2 0.10390625 0.44375 0.025 0.10859375
0 0.41796875 0.21640625 0.01484375 0.01875