2 0.29765625 0.94375 0.034375 0.1125
2 0.02109375 0.55 0.02890625 0.134375
2 0.01953125 0.4875 0.0390625 0.128125
2 0.1796875 0.43515625 0.0515625 0.1
2 0.37109375 0.378125 0.03828125 0.09921875
2 0.45546875 0.37265625 0.05 0.0890625
2 0.409375 0.30625 0.03125 0.09375
3 0.41875 0.25078125 0.04921875 0.09609375
2 0.58671875 0.26953125 0.02578125 0.10234375
2 0.66484375 0.309375 0.02578125 0.09609375
3 0.68828125 0.4859375 0.03828125 0.11484375
2 0.753125 0.6546875 0.03671875 0.13515625
2 0.72890625 0.7390625 0.040625 0.14453125
2 0.9359375 0.7546875 0.03984375 0.15703125
2 0.89296875 0.4375 0.028125 0.1109375
0 0.590625 0.2125 0.01171875 0.0171875