2 0.70234375 0.94375 0.034375 0.1125
2 0.97890625 0.55 0.02890625 0.134375
2 0.98046875 0.4875 0.0390625 0.128125
2 0.8203125 0.43515625 0.0515625 0.1
2 0.62890625 0.378125 0.03828125 0.09921875
2 0.54453125 0.37265625 0.05 0.0890625
2 0.590625 0.30625 0.03125 0.09375
3 0.58125 0.25078125 0.04921875 0.09609375
2 0.41328125 0.26953125 0.02578125 0.10234375
2 0.33515625 0.309375 0.02578125 0.09609375
3 0.31171875 0.4859375 0.03828125 0.11484375
2 0.246875 0.6546875 0.03671875 0.13515625
2 0.27109375 0.7390625 0.040625 0.14453125
2 0.0640625 0.7546875 0.03984375 0.15703125
2 0.10703125 0.4375 0.028125 0.1109375
0 0.409375 0.2125 0.01171875 0.0171875