2 0.29140625 0.94453125 0.0375 0.1109375
2 0.0109375 0.55 0.021875 0.13125
2 0.01328125 0.4890625 0.0265625 0.1328125
2 0.16640625 0.43984375 0.04453125 0.0953125
2 0.35703125 0.378125 0.021875 0.09140625
2 0.4375 0.37578125 0.03828125 0.09296875
2 0.4015625 0.3109375 0.03203125 0.09375
3 0.42109375 0.25625 0.0328125 0.0953125
2 0.58984375 0.2734375 0.03046875 0.0875
2 0.65390625 0.309375 0.02109375 0.096875
3 0.68203125 0.48671875 0.0359375 0.1234375
2 0.74765625 0.65546875 0.034375 0.13828125
2 0.71171875 0.7375 0.03828125 0.14375
2 0.9234375 0.753125 0.03828125 0.159375
2 0.890625 0.43671875 0.0234375 0.10703125
0 0.60703125 0.209375 0.01015625 0.0203125