2 0.28671875 0.94375 0.04140625 0.1125
2 0.0109375 0.55234375 0.021875 0.1453125
2 0.0140625 0.4890625 0.02265625 0.13125
2 0.16171875 0.43671875 0.03671875 0.09453125
2 0.34375 0.3765625 0.0265625 0.1015625
2 0.42109375 0.3703125 0.0265625 0.09765625
2 0.39375 0.30859375 0.02734375 0.09140625
3 0.4234375 0.2546875 0.0296875 0.0953125
2 0.5859375 0.271875 0.03046875 0.09296875
2 0.64765625 0.3109375 0.02578125 0.08984375
0 0.6171875 0.20703125 0.01015625 0.01796875
3 0.68046875 0.4875 0.0296875 0.11953125
2 0.88828125 0.43828125 0.0203125 0.1140625
2 0.7421875 0.653125 0.03515625 0.13359375
2 0.70234375 0.73203125 0.04765625 0.1484375
2 0.91328125 0.753125 0.0296875 0.15078125