2 0.7203125 0.94453125 0.04296875 0.1109375
2 0.3671875 0.3125 0.03046875 0.08828125
2 0.42109375 0.27265625 0.02421875 0.1
3 0.58359375 0.25234375 0.02421875 0.1
2 0.615625 0.31171875 0.0203125 0.0953125
2 0.59765625 0.36875 0.02578125 0.10078125
2 0.6765625 0.37890625 0.03046875 0.0875
2 0.84296875 0.4359375 0.0296875 0.090625
2 0.9890625 0.48671875 0.021875 0.1296875
2 0.990625 0.5609375 0.01875 0.115625
2 0.3109375 0.7296875 0.04609375 0.140625
2 0.26484375 0.64765625 0.02890625 0.1375
3 0.32265625 0.4859375 0.02109375 0.1171875
2 0.11640625 0.43671875 0.0203125 0.11015625
2 0.0953125 0.75 0.03046875 0.15390625
0 0.3671875 0.2125 0.01171875 0.01953125