2 0.25 0.93359375 0.03359375 0.13203125
2 0.1390625 0.425 0.0328125 0.10234375
2 0.29296875 0.3765625 0.02578125 0.0828125
2 0.35859375 0.365625 0.025 0.08828125
2 0.35859375 0.30234375 0.02265625 0.0828125
3 0.39453125 0.24296875 0.01796875 0.09609375
2 0.56328125 0.26796875 0.0171875 0.09296875
2 0.61015625 0.30703125 0.02578125 0.08203125
3 0.65390625 0.4828125 0.0265625 0.11015625
2 0.640625 0.725 0.03359375 0.15
2 0.70546875 0.646875 0.03046875 0.1453125
2 0.86328125 0.43046875 0.02109375 0.10390625
2 0.8796875 0.73984375 0.0390625 0.1515625
0 0.646875 0.228125 0.0125 0.01953125