2 0.7875 0.92578125 0.03984375 0.1484375
2 0.40390625 0.70546875 0.0453125 0.1484375
2 0.33203125 0.63046875 0.03984375 0.13359375
2 0.1640625 0.7203125 0.0296875 0.146875
2 0.17265625 0.4125 0.0265625 0.11171875
3 0.3796875 0.475 0.02421875 0.10625
2 0.421875 0.296875 0.02109375 0.084375
0 0.3515625 0.25703125 0.0078125 0.01953125
2 0.46328125 0.2609375 0.02109375 0.09765625
3 0.63515625 0.23671875 0.0203125 0.09609375
2 0.67734375 0.3015625 0.02421875 0.09375
2 0.7 0.35234375 0.04296875 0.08046875
2 0.74921875 0.3671875 0.02890625 0.0765625
2 0.88828125 0.41640625 0.0328125 0.1015625