2 0.08203125 0.87265625 0.0421875 0.1671875
2 0.03203125 0.3984375 0.02578125 0.11484375
2 0.1484375 0.33984375 0.02578125 0.09296875
2 0.1734375 0.32734375 0.025 0.0875
2 0.2109375 0.28515625 0.01953125 0.08828125
3 0.27578125 0.21015625 0.02890625 0.08203125
2 0.446875 0.23046875 0.01484375 0.0859375
2 0.465625 0.28046875 0.02109375 0.08671875
2 0.409375 0.6515625 0.03984375 0.1421875
3 0.52109375 0.446875 0.021875 0.11875
2 0.53125 0.57109375 0.025 0.13046875
2 0.68125 0.65390625 0.03203125 0.140625
2 0.703125 0.365625 0.0203125 0.10078125
2 0.934375 0.309375 0.01640625 0.1
0 0.634375 0.328125 0.0125 0.021875