2 0.97734375 0.8484375 0.040625 0.15546875
2 0.96953125 0.4046875 0.02421875 0.1078125
2 0.86015625 0.346875 0.02265625 0.09453125
2 0.840625 0.3359375 0.025 0.09375
2 0.8046875 0.2890625 0.01875 0.09921875
2 0.6640625 0.63671875 0.04296875 0.13671875
2 0.51796875 0.55390625 0.02421875 0.11953125
2 0.5640625 0.278125 0.015625 0.08359375
2 0.565625 0.22890625 0.015625 0.0859375
3 0.71328125 0.20625 0.02109375 0.08125
3 0.5015625 0.4421875 0.0203125 0.12109375
2 0.36796875 0.63046875 0.025 0.13125
2 0.32421875 0.35390625 0.0140625 0.09296875
2 0.1125 0.296875 0.0171875 0.10234375
0 0.35078125 0.36015625 0.009375 0.02109375