2 0.2890625 0.62890625 0.04453125 0.1453125
2 0.04375 0.4140625 0.02109375 0.1125
2 0.15 0.35703125 0.021875 0.09921875
2 0.196875 0.296875 0.0203125 0.0984375
2 0.1765625 0.3453125 0.0296875 0.09140625
3 0.30703125 0.20625 0.0203125 0.0875
2 0.428125 0.28515625 0.0265625 0.09140625
2 0.4375 0.23125 0.0140625 0.0953125
3 0.4953125 0.45390625 0.01953125 0.11953125
2 0.46328125 0.5515625 0.03828125 0.1203125
2 0.6171875 0.62578125 0.0296875 0.1296875
2 0.67578125 0.3515625 0.01796875 0.09140625
2 0.87265625 0.29609375 0.0265625 0.1
0 0.65859375 0.39296875 0.01171875 0.02265625