2 0.2296875 0.6296875 0.03828125 0.12578125
2 0.06171875 0.4265625 0.021875 0.1203125
2 0.165625 0.36875 0.01796875 0.1015625
2 0.20625 0.30859375 0.0203125 0.09765625
2 0.2203125 0.35390625 0.0375 0.09296875
3 0.33515625 0.21171875 0.02890625 0.0828125
2 0.40859375 0.29296875 0.01953125 0.09375
2 0.43828125 0.2359375 0.01796875 0.09140625
3 0.490625 0.471875 0.02265625 0.11875
2 0.44375 0.5515625 0.02578125 0.12109375
2 0.58984375 0.6234375 0.03515625 0.1359375
2 0.66796875 0.35625 0.03203125 0.08828125
2 0.846875 0.290625 0.0296875 0.10234375
0 0.64296875 0.39453125 0.01171875 0.0203125