2 0.903125 0.44296875 0.0203125 0.13203125
2 0.803125 0.37890625 0.021875 0.115625
2 0.8265625 0.62265625 0.04140625 0.13984375
2 0.7734375 0.31953125 0.02265625 0.09453125
2 0.70078125 0.365625 0.02890625 0.10078125
2 0.60859375 0.29375 0.02109375 0.09609375
3 0.503125 0.48671875 0.025 0.1234375
2 0.56171875 0.5515625 0.02890625 0.12734375
2 0.42109375 0.621875 0.02734375 0.12890625
2 0.35859375 0.36875 0.02578125 0.08515625
2 0.1640625 0.28984375 0.0234375 0.09453125
2 0.553125 0.2390625 0.01953125 0.0921875
3 0.63515625 0.20859375 0.02421875 0.0890625
0 0.40703125 0.40234375 0.0125 0.02265625