2 0.98359375 0.4484375 0.0265625 0.12578125
2 0.9453125 0.5296875 0.04296875 0.1109375
2 0.84453125 0.61796875 0.0390625 0.13984375
2 0.8484375 0.44921875 0.0234375 0.1234375
2 0.74375 0.396875 0.015625 0.11484375
2 0.73046875 0.334375 0.0265625 0.09453125
2 0.584375 0.3015625 0.01484375 0.090625
2 0.57890625 0.375 0.01953125 0.09765625
2 0.540625 0.56015625 0.0359375 0.12265625
3 0.46796875 0.5 0.02578125 0.11640625
2 0.40234375 0.61953125 0.02890625 0.1296875
2 0.3859375 0.37109375 0.02890625 0.096875
2 0.51953125 0.24375 0.0203125 0.09140625
3 0.5875 0.215625 0.0328125 0.0671875
2 0.1453125 0.28984375 0.02578125 0.1
0 0.40703125 0.40859375 0.01171875 0.02578125