2 0.9328125 0.7921875 0.0453125 0.1421875
2 0.8953125 0.69296875 0.0265625 0.1296875
2 0.88984375 0.56640625 0.0359375 0.1234375
2 0.89765625 0.41015625 0.0328125 0.08828125
2 0.84296875 0.475 0.01953125 0.1015625
3 0.85625 0.27890625 0.01953125 0.0890625
2 0.71640625 0.3609375 0.01484375 0.09375
3 0.696875 0.5828125 0.025 0.121875
2 0.64375 0.459375 0.02109375 0.09375
2 0.5609375 0.46796875 0.01796875 0.09921875
2 0.515625 0.61484375 0.02734375 0.12109375
2 0.48984375 0.68203125 0.02890625 0.1203125
2 0.4578125 0.484375 0.02890625 0.1078125
2 0.475 0.38984375 0.01875 0.078125
2 0.46328125 0.38515625 0.03046875 0.09375
2 0.38984375 0.5015625 0.02734375 0.1171875
0 0.45 0.33671875 0.0125 0.02109375
2 0.00859375 0.5828125 0.0171875 0.13125