2 0.0671875 0.7921875 0.0453125 0.1421875
2 0.1046875 0.69296875 0.0265625 0.1296875
2 0.11015625 0.56640625 0.0359375 0.1234375
2 0.10234375 0.41015625 0.0328125 0.08828125
2 0.15703125 0.475 0.01953125 0.1015625
3 0.14375 0.27890625 0.01953125 0.0890625
2 0.28359375 0.3609375 0.01484375 0.09375
3 0.303125 0.5828125 0.025 0.121875
2 0.35625 0.459375 0.02109375 0.09375
2 0.4390625 0.46796875 0.01796875 0.09921875
2 0.484375 0.61484375 0.02734375 0.12109375
2 0.51015625 0.68203125 0.02890625 0.1203125
2 0.5421875 0.484375 0.02890625 0.1078125
2 0.525 0.38984375 0.01875 0.078125
2 0.53671875 0.38515625 0.03046875 0.09375
2 0.61015625 0.5015625 0.02734375 0.1171875
0 0.55 0.33671875 0.0125 0.02109375
2 0.99140625 0.5828125 0.0171875 0.13125