2 0.08828125 0.77734375 0.04765625 0.121875
2 0.09140625 0.69296875 0.04140625 0.1078125
2 0.0546875 0.5484375 0.0359375 0.1234375
2 0.10234375 0.44296875 0.01875 0.10703125
2 0.1140625 0.36640625 0.02265625 0.09375
3 0.07578125 0.25859375 0.021875 0.09609375
2 0.23671875 0.33671875 0.02578125 0.0828125
2 0.25625 0.41484375 0.02265625 0.0984375
3 0.3 0.56953125 0.0296875 0.1078125
2 0.42734375 0.58984375 0.02734375 0.11171875
2 0.4046875 0.44140625 0.034375 0.0828125
2 0.46640625 0.37578125 0.0421875 0.08359375
2 0.509375 0.353125 0.025 0.0640625
2 0.55078125 0.4375 0.03203125 0.090625
0 0.59921875 0.3875 0.0125 0.025
2 0.6171875 0.471875 0.04296875 0.10390625
2 0.92578125 0.553125 0.0484375 0.1140625