2 0.01484375 0.81484375 0.0296875 0.15078125
2 0.01328125 0.33671875 0.0265625 0.10234375
3 0.16640625 0.55625 0.0421875 0.12421875
2 0.25703125 0.60234375 0.0515625 0.10859375
2 0.2625 0.43359375 0.0421875 0.09453125
2 0.3109375 0.36875 0.04140625 0.0921875
2 0.3765625 0.35234375 0.02734375 0.08359375
2 0.45859375 0.378125 0.025 0.09140625
2 0.515625 0.40546875 0.0359375 0.09765625
2 0.4578125 0.6953125 0.03984375 0.125
2 0.72421875 0.4890625 0.0375 0.11640625
0 0.39375 0.3859375 0.01328125 0.02109375