2 0.98515625 0.81484375 0.0296875 0.15078125
2 0.98671875 0.33671875 0.0265625 0.10234375
3 0.83359375 0.55625 0.0421875 0.12421875
2 0.74296875 0.60234375 0.0515625 0.10859375
2 0.7375 0.43359375 0.0421875 0.09453125
2 0.6890625 0.36875 0.04140625 0.0921875
2 0.6234375 0.35234375 0.02734375 0.08359375
2 0.54140625 0.378125 0.025 0.09140625
2 0.484375 0.40546875 0.0359375 0.09765625
2 0.5421875 0.6953125 0.03984375 0.125
2 0.27578125 0.4890625 0.0375 0.11640625
0 0.60625 0.3859375 0.01328125 0.02109375