1 0.1484375 0.465625 0.01484375 0.11328125
2 0.13203125 0.5265625 0.01796875 0.11484375
2 0.15625 0.56015625 0.0203125 0.11015625
2 0.19453125 0.56640625 0.01640625 0.1171875
2 0.22421875 0.5140625 0.01875 0.11328125
2 0.25703125 0.6125 0.02421875 0.1109375
2 0.2921875 0.56328125 0.021875 0.11328125
2 0.28515625 0.440625 0.0171875 0.09375
2 0.29296875 0.4875 0.0203125 0.1015625
2 0.3109375 0.55 0.0140625 0.11796875
2 0.32265625 0.5875 0.02265625 0.12421875
2 0.34765625 0.58828125 0.01796875 0.1171875
2 0.3828125 0.52734375 0.02421875 0.11015625
2 0.42421875 0.5875 0.028125 0.109375
2 0.48125 0.48125 0.01171875 0.1
3 0.64453125 0.6046875 0.01953125 0.1125
2 0.73203125 0.58125 0.02265625 0.11484375
2 0.77578125 0.3265625 0.01796875 0.078125
2 0.715625 0.32578125 0.01796875 0.08671875
2 0.70859375 0.246875 0.0140625 0.07421875
3 0.66953125 0.2375 0.021875 0.07578125
0 0.6890625 0.27578125 0.00859375 0.02109375
2 0.99453125 0.7296875 0.0109375 0.134375