2 0.96796875 0.7125 0.03359375 0.128125
2 0.884375 0.54140625 0.04140625 0.11015625
2 0.79453125 0.6484375 0.04296875 0.11640625
2 0.83515625 0.38828125 0.0375 0.09453125
2 0.8078125 0.41640625 0.03046875 0.0953125
2 0.75625 0.29921875 0.03828125 0.0828125
3 0.55546875 0.528125 0.03125 0.10859375
2 0.41015625 0.62578125 0.04375 0.12421875
2 0.478125 0.3765625 0.03046875 0.0890625
2 0.42890625 0.33203125 0.02734375 0.07734375
2 0.42109375 0.18828125 0.025 0.07578125
3 0.634375 0.1109375 0.03359375 0.0640625
2 0.20078125 0.3484375 0.02734375 0.09375
2 0.18828125 0.49453125 0.03671875 0.1078125
0 0.4421875 0.36640625 0.00859375 0.01953125