2 0.0953125 0.5046875 0.03359375 0.1140625
2 0.0859375 0.3671875 0.02578125 0.09140625
2 0.3390625 0.3359375 0.03515625 0.0859375
2 0.3546875 0.19453125 0.0234375 0.0734375
2 0.39296875 0.371875 0.03046875 0.0984375
2 0.353125 0.63125 0.03515625 0.140625
3 0.46640625 0.53515625 0.028125 0.11875
2 0.7515625 0.63828125 0.0375 0.12421875
2 0.9 0.678125 0.040625 0.125
2 0.8171875 0.5234375 0.0484375 0.1234375
2 0.7609375 0.43203125 0.02890625 0.09765625
2 0.6828125 0.315625 0.03046875 0.0875
2 0.78203125 0.39609375 0.0296875 0.096875
3 0.5390625 0.12109375 0.021875 0.06875
0 0.36171875 0.37265625 0.0125 0.028125