2 0.73046875 0.63671875 0.0421875 0.14375
2 0.3234375 0.609375 0.0375 0.1203125
2 0.20234375 0.6234375 0.0390625 0.11953125
2 0.27578125 0.52265625 0.0421875 0.11640625
2 0.315625 0.42109375 0.04140625 0.109375
2 0.3171875 0.46171875 0.02578125 0.10625
2 0.4625 0.33515625 0.02578125 0.09609375
3 0.628125 0.15390625 0.0265625 0.0765625
2 0.74921875 0.225 0.02734375 0.08125
2 0.76328125 0.346875 0.03671875 0.08828125
2 0.728125 0.375 0.03671875 0.09453125
3 0.70234375 0.5484375 0.02109375 0.11484375
0 0.73984375 0.36953125 0.01015625 0.0171875