2 0.26953125 0.63671875 0.0421875 0.14375
2 0.6765625 0.609375 0.0375 0.1203125
2 0.79765625 0.6234375 0.0390625 0.11953125
2 0.72421875 0.52265625 0.0421875 0.11640625
2 0.684375 0.42109375 0.04140625 0.109375
2 0.6828125 0.46171875 0.02578125 0.10625
2 0.5375 0.33515625 0.02578125 0.09609375
3 0.371875 0.15390625 0.0265625 0.0765625
2 0.25078125 0.225 0.02734375 0.08125
2 0.23671875 0.346875 0.03671875 0.08828125
2 0.271875 0.375 0.03671875 0.09453125
3 0.29765625 0.5484375 0.02109375 0.11484375
0 0.26015625 0.36953125 0.01015625 0.0171875