3 0.79140625 0.5515625 0.028125 0.11953125
2 0.70546875 0.61953125 0.04140625 0.125
2 0.69921875 0.36484375 0.03125 0.096875
2 0.72578125 0.33671875 0.02265625 0.09140625
2 0.72265625 0.2515625 0.02890625 0.07890625
3 0.678125 0.190625 0.0234375 0.08203125
2 0.54296875 0.34375 0.0203125 0.0875
2 0.29609375 0.59609375 0.02578125 0.11953125
2 0.184375 0.59453125 0.03203125 0.12421875
2 0.25078125 0.51640625 0.03203125 0.115625
2 0.275 0.490625 0.0296875 0.103125
2 0.3015625 0.4390625 0.03046875 0.1109375
0 0.6921875 0.36484375 0.01015625 0.01875