2 0.528125 0.97109375 0.0375 0.0578125
3 0.8484375 0.55078125 0.03125 0.12109375
3 0.7 0.2015625 0.01796875 0.08046875
0 0.68046875 0.33984375 0.0125 0.01875
2 0.72109375 0.33984375 0.02890625 0.0796875
2 0.69296875 0.2640625 0.01796875 0.0859375
2 0.68828125 0.35703125 0.04296875 0.09375
2 0.58203125 0.33359375 0.0375 0.07578125
2 0.69453125 0.60859375 0.0390625 0.13359375
2 0.2875 0.58359375 0.03515625 0.1140625
2 0.29296875 0.440625 0.0265625 0.1046875
2 0.246875 0.49453125 0.02265625 0.1109375
2 0.225 0.49609375 0.0328125 0.1171875
2 0.1796875 0.57265625 0.02578125 0.1171875