1 0.16171875 0.47109375 0.01484375 0.1171875
2 0.1453125 0.53203125 0.0140625 0.11640625
2 0.16796875 0.55703125 0.0171875 0.11328125
2 0.18671875 0.56640625 0.021875 0.1140625
2 0.23203125 0.48828125 0.0125 0.07265625
2 0.2328125 0.565625 0.01640625 0.10859375
2 0.24765625 0.60625 0.01796875 0.11328125
2 0.26328125 0.6109375 0.02578125 0.125
2 0.25703125 0.5484375 0.01484375 0.05234375
2 0.31796875 0.55078125 0.01953125 0.10390625
2 0.3328125 0.60234375 0.01640625 0.1140625
2 0.30546875 0.4875 0.0171875 0.1015625
2 0.2984375 0.43828125 0.015625 0.0890625
2 0.3828125 0.528125 0.01875 0.10859375
2 0.5015625 0.46875 0.01953125 0.1
2 0.69609375 0.56953125 0.01796875 0.1171875
2 0.921875 0.68203125 0.02421875 0.1296875
2 0.72578125 0.3046875 0.01328125 0.07734375
2 0.76171875 0.3015625 0.01484375 0.078125
2 0.67265625 0.240625 0.01484375 0.07421875
3 0.68515625 0.23984375 0.01875 0.07578125
3 0.55859375 0.646875 0.0234375 0.1234375
0 0.6671875 0.278125 0.0109375 0.0125