1 0.83828125 0.47109375 0.01484375 0.1171875
2 0.8546875 0.53203125 0.0140625 0.11640625
2 0.83203125 0.55703125 0.0171875 0.11328125
2 0.81328125 0.56640625 0.021875 0.1140625
2 0.76796875 0.48828125 0.0125 0.07265625
2 0.7671875 0.565625 0.01640625 0.10859375
2 0.75234375 0.60625 0.01796875 0.11328125
2 0.73671875 0.6109375 0.02578125 0.125
2 0.74296875 0.5484375 0.01484375 0.05234375
2 0.68203125 0.55078125 0.01953125 0.10390625
2 0.6671875 0.60234375 0.01640625 0.1140625
2 0.69453125 0.4875 0.0171875 0.1015625
2 0.7015625 0.43828125 0.015625 0.0890625
2 0.6171875 0.528125 0.01875 0.10859375
2 0.4984375 0.46875 0.01953125 0.1
2 0.30390625 0.56953125 0.01796875 0.1171875
2 0.078125 0.68203125 0.02421875 0.1296875
2 0.27421875 0.3046875 0.01328125 0.07734375
2 0.23828125 0.3015625 0.01484375 0.078125
2 0.32734375 0.240625 0.01484375 0.07421875
3 0.31484375 0.23984375 0.01875 0.07578125
3 0.44140625 0.646875 0.0234375 0.1234375
0 0.3328125 0.278125 0.0109375 0.0125