3 0.86171875 0.47578125 0.0375 0.1328125
3 0.80703125 0.078125 0.0203125 0.09609375
0 0.63984375 0.3125 0.01484375 0.0265625
1 0.065625 0.325 0.021875 0.13359375
2 0.23359375 0.3265625 0.04296875 0.10703125
2 0.1515625 0.42109375 0.0265625 0.12890625
2 0.24921875 0.38828125 0.0390625 0.06328125
2 0.2515625 0.40625 0.03203125 0.14296875
2 0.453125 0.359375 0.02734375 0.11640625
2 0.56953125 0.25703125 0.021875 0.11171875
2 0.721875 0.20546875 0.02265625 0.1109375
2 0.696875 0.296875 0.04921875 0.09609375
2 0.8140625 0.25 0.03203125 0.0828125
2 0.65390625 0.49921875 0.03671875 0.1453125
2 0.62890625 0.8953125 0.03203125 0.1796875