2 0.61796875 0.8796875 0.03671875 0.171875
2 0.61796875 0.5046875 0.0390625 0.1484375
2 0.74453125 0.28125 0.0328125 0.0953125
2 0.68125 0.21875 0.02578125 0.09765625
2 0.65859375 0.29921875 0.0359375 0.09765625
2 0.54375 0.25625 0.02734375 0.1078125
2 0.48515625 0.35234375 0.03359375 0.11484375
2 0.2359375 0.321875 0.028125 0.09296875
2 0.2265625 0.3921875 0.03046875 0.06484375
2 0.24765625 0.41015625 0.03828125 0.14375
2 0.13515625 0.43125 0.02578125 0.1375
1 0.03828125 0.321875 0.021875 0.13984375
0 0.6578125 0.3359375 0.0109375 0.02265625
3 0.7984375 0.08203125 0.028125 0.10078125
3 0.83203125 0.475 0.03984375 0.134375