3 0.8 0.46953125 0.03125 0.13515625
3 0.7703125 0.08515625 0.0265625 0.09765625
0 0.6328125 0.3546875 0.0140625 0.0234375
2 0.63046875 0.2328125 0.03125 0.10859375
2 0.66953125 0.30390625 0.04921875 0.109375
2 0.63046875 0.31484375 0.04375 0.1
2 0.5015625 0.2546875 0.02734375 0.109375
2 0.50078125 0.3390625 0.0453125 0.10625
2 0.23046875 0.321875 0.0296875 0.11328125
2 0.221875 0.4125 0.02890625 0.13203125
2 0.1859375 0.38515625 0.04140625 0.071875
2 0.103125 0.43671875 0.0234375 0.13125
2 0.54921875 0.51640625 0.0328125 0.140625
2 0.6078125 0.8578125 0.03359375 0.1703125