2 0.63671875 0.8203125 0.03203125 0.171875
2 0.0953125 0.4453125 0.02890625 0.1390625
2 0.1703125 0.36796875 0.053125 0.103125
2 0.2203125 0.41796875 0.0328125 0.140625
2 0.26875 0.33046875 0.03125 0.12890625
2 0.5234375 0.51484375 0.0390625 0.14609375
2 0.47109375 0.2640625 0.02578125 0.08515625
2 0.53046875 0.3296875 0.03125 0.1140625
2 0.5953125 0.315625 0.0390625 0.09609375
2 0.5984375 0.34375 0.03359375 0.10546875
2 0.61328125 0.24765625 0.02734375 0.1109375
3 0.765625 0.090625 0.03359375 0.09609375
3 0.78515625 0.475 0.0328125 0.1390625
0 0.5796875 0.384375 0.01640625 0.02734375