2 0.1265625 0.453125 0.02890625 0.14609375
2 0.215625 0.3546875 0.021875 0.11640625
2 0.25859375 0.4265625 0.053125 0.12109375
2 0.33359375 0.334375 0.0390625 0.12109375
2 0.46875 0.27890625 0.03046875 0.09453125
2 0.5578125 0.32109375 0.03515625 0.0953125
2 0.58125 0.3578125 0.04453125 0.09921875
2 0.528125 0.50859375 0.04296875 0.15
2 0.68203125 0.81171875 0.03984375 0.17734375
3 0.83125 0.48125 0.04453125 0.12734375
2 0.6359375 0.253125 0.02578125 0.1125
3 0.79140625 0.08984375 0.025 0.090625
0 0.53671875 0.403125 0.0171875 0.03359375
2 0.584375 0.31328125 0.034375 0.09140625