1 0.08828125 0.3703125 0.040625 0.08203125
2 0.234375 0.4734375 0.034375 0.13203125
2 0.34453125 0.365625 0.03203125 0.1078125
2 0.421875 0.41953125 0.040625 0.11953125
2 0.46484375 0.34453125 0.03359375 0.11796875
2 0.5375 0.30078125 0.03359375 0.10078125
2 0.61796875 0.37890625 0.05 0.10625
2 0.62890625 0.3234375 0.04921875 0.0875
2 0.6515625 0.34140625 0.04375 0.1078125
2 0.74609375 0.27578125 0.0296875 0.11015625
2 0.62578125 0.51875 0.03671875 0.1453125
2 0.778125 0.80546875 0.0578125 0.16953125
3 0.93125 0.49765625 0.040625 0.1359375
3 0.9 0.1078125 0.03203125 0.08828125
0 0.58984375 0.425 0.01328125 0.02890625