1 0.78671875 0.353125 0.03203125 0.12109375
2 0.6578125 0.43203125 0.040625 0.12109375
2 0.53203125 0.34140625 0.025 0.11015625
2 0.4828125 0.33203125 0.03046875 0.115625
2 0.4328125 0.3734375 0.03828125 0.1140625
2 0.40390625 0.3703125 0.0375 0.078125
2 0.4296875 0.30703125 0.02734375 0.0765625
2 0.42109375 0.28671875 0.01171875 0.0734375
0 0.27421875 0.29453125 0.0125 0.02421875
2 0.265625 0.5140625 0.06015625 0.1578125
2 0.2171875 0.34921875 0.040625 0.12421875
2 0.08203125 0.31171875 0.0234375 0.11484375
2 0.14140625 0.72734375 0.0421875 0.1515625
3 0.00625 0.52421875 0.0125 0.08125
3 0.00390625 0.1 0.0078125 0.05078125