1 0.81015625 0.465625 0.0171875 0.10859375
2 0.82734375 0.51015625 0.01328125 0.0890625
2 0.83515625 0.56015625 0.0234375 0.1125
2 0.84140625 0.5984375 0.0203125 0.0984375
2 0.8546875 0.61640625 0.0171875 0.12578125
2 0.8390625 0.66484375 0.025 0.1234375
2 0.7984375 0.53671875 0.01484375 0.10234375
2 0.79453125 0.5609375 0.015625 0.09765625
2 0.78046875 0.5859375 0.021875 0.1078125
2 0.75546875 0.5578125 0.02421875 0.10703125
2 0.7390625 0.50546875 0.01796875 0.103125
2 0.69140625 0.5453125 0.02421875 0.09296875
2 0.671875 0.43984375 0.02734375 0.0953125
2 0.68984375 0.4671875 0.01640625 0.10625
2 0.5875 0.5 0.0203125 0.1078125
2 0.3703125 0.296875 0.01484375 0.08046875
2 0.32265625 0.2328125 0.009375 0.07109375
2 0.32734375 0.24296875 0.01015625 0.07578125
3 0.28828125 0.234375 0.02109375 0.08203125
2 0.328125 0.553125 0.0203125 0.11640625
2 0.25234375 0.6234375 0.028125 0.12421875
3 0.5609375 0.68359375 0.02265625 0.13203125
0 0.31328125 0.27578125 0.009375 0.0203125