1 0.18984375 0.465625 0.0171875 0.10859375
2 0.17265625 0.51015625 0.01328125 0.0890625
2 0.16484375 0.56015625 0.0234375 0.1125
2 0.15859375 0.5984375 0.0203125 0.0984375
2 0.1453125 0.61640625 0.0171875 0.12578125
2 0.1609375 0.66484375 0.025 0.1234375
2 0.2015625 0.53671875 0.01484375 0.10234375
2 0.20546875 0.5609375 0.015625 0.09765625
2 0.21953125 0.5859375 0.021875 0.1078125
2 0.24453125 0.5578125 0.02421875 0.10703125
2 0.2609375 0.50546875 0.01796875 0.103125
2 0.30859375 0.5453125 0.02421875 0.09296875
2 0.328125 0.43984375 0.02734375 0.0953125
2 0.31015625 0.4671875 0.01640625 0.10625
2 0.4125 0.5 0.0203125 0.1078125
2 0.6296875 0.296875 0.01484375 0.08046875
2 0.67734375 0.2328125 0.009375 0.07109375
2 0.67265625 0.24296875 0.01015625 0.07578125
3 0.71171875 0.234375 0.02109375 0.08203125
2 0.671875 0.553125 0.0203125 0.11640625
2 0.74765625 0.6234375 0.028125 0.12421875
3 0.4390625 0.68359375 0.02265625 0.13203125
0 0.68671875 0.27578125 0.009375 0.0203125