2 0.47578125 0.97734375 0.0328125 0.0453125
2 0.759375 0.95078125 0.03671875 0.0984375
2 0.8359375 0.959375 0.0359375 0.08046875
2 0.72734375 0.83828125 0.0359375 0.14609375
2 0.61484375 0.60390625 0.0375 0.11875
2 0.5390625 0.5015625 0.0375 0.09921875
2 0.5171875 0.51328125 0.02578125 0.103125
2 0.403125 0.39609375 0.03203125 0.08515625
2 0.35078125 0.35703125 0.02265625 0.08125
2 0.203125 0.6484375 0.0328125 0.115625
2 0.1546875 0.87421875 0.034375 0.1421875
3 0.0578125 0.5828125 0.0328125 0.121875
0 0.35703125 0.39140625 0.00859375 0.0171875