2 0.52421875 0.97734375 0.0328125 0.0453125
2 0.240625 0.95078125 0.03671875 0.0984375
2 0.1640625 0.959375 0.0359375 0.08046875
2 0.27265625 0.83828125 0.0359375 0.14609375
2 0.38515625 0.60390625 0.0375 0.11875
2 0.4609375 0.5015625 0.0375 0.09921875
2 0.4828125 0.51328125 0.02578125 0.103125
2 0.596875 0.39609375 0.03203125 0.08515625
2 0.64921875 0.35703125 0.02265625 0.08125
2 0.796875 0.6484375 0.0328125 0.115625
2 0.8453125 0.87421875 0.034375 0.1421875
3 0.9421875 0.5828125 0.0328125 0.121875
0 0.64296875 0.39140625 0.00859375 0.0171875