2 0.771875 0.82109375 0.03515625 0.14609375
1 0.959375 0.4046875 0.025 0.1046875
2 0.578125 0.43203125 0.02734375 0.05625
2 0.5828125 0.48203125 0.0359375 0.08984375
2 0.59765625 0.515625 0.02890625 0.1
2 0.70390625 0.70390625 0.028125 0.12578125
2 0.68671875 0.77890625 0.0328125 0.13046875
2 0.44921875 0.90546875 0.03515625 0.14375
2 0.37578125 0.36875 0.0296875 0.08125
2 0.30234375 0.359375 0.034375 0.07734375
2 0.24921875 0.55546875 0.0265625 0.1109375
2 0.11015625 0.7875 0.040625 0.13359375
3 0.03671875 0.51484375 0.02734375 0.11796875
0 0.3109375 0.39453125 0.009375 0.01796875