1 0.9296875 0.39609375 0.0234375 0.096875
2 0.72265625 0.6015625 0.0265625 0.121875
2 0.77421875 0.69609375 0.0375 0.13515625
2 0.68984375 0.63984375 0.04140625 0.096875
2 0.60546875 0.42890625 0.0296875 0.0859375
2 0.5796875 0.459375 0.03203125 0.09921875
2 0.52734375 0.45 0.040625 0.09375
2 0.503125 0.81015625 0.0328125 0.13515625
2 0.3515625 0.384375 0.025 0.0828125
2 0.3109375 0.39296875 0.03203125 0.090625
2 0.3203125 0.46953125 0.0265625 0.090625
0 0.30625 0.428125 0.0109375 0.01953125
3 0.0921875 0.4625 0.034375 0.10546875
2 0.15234375 0.71484375 0.028125 0.14140625