2 0.01484375 0.96484375 0.0296875 0.0703125
2 0.6375 0.7015625 0.03515625 0.140625
2 0.31953125 0.56640625 0.028125 0.1265625
2 0.20625 0.53125 0.03359375 0.1140625
3 0.1953125 0.49375 0.03046875 0.11640625
0 0.36640625 0.26015625 0.01015625 0.02265625
2 0.3734375 0.4625 0.02421875 0.10234375
2 0.40390625 0.44296875 0.02578125 0.10390625
2 0.45546875 0.39453125 0.021875 0.109375
2 0.5265625 0.4484375 0.025 0.11875
2 0.62734375 0.471875 0.0234375 0.1203125
2 0.6890625 0.42890625 0.02734375 0.11171875
2 0.7890625 0.4578125 0.03671875 0.10546875
2 0.84921875 0.58515625 0.028125 0.13046875
1 0.97578125 0.38828125 0.0375 0.1125