2 0.20859375 0.93828125 0.03515625 0.11953125
2 0.021875 0.621875 0.034375 0.13984375
2 0.03046875 0.4921875 0.03671875 0.1
2 0.2953125 0.5046875 0.02890625 0.10703125
3 0.31328125 0.49375 0.021875 0.11953125
0 0.37421875 0.43359375 0.01328125 0.02734375
2 0.43984375 0.5390625 0.02421875 0.12421875
2 0.5 0.45546875 0.02265625 0.1015625
2 0.52890625 0.44296875 0.02109375 0.1015625
2 0.565625 0.3796875 0.0265625 0.1046875
2 0.66328125 0.4546875 0.021875 0.11875
2 0.77109375 0.490625 0.0203125 0.11328125
2 0.7328125 0.6953125 0.0328125 0.13359375
2 0.78671875 0.43125 0.0265625 0.115625
2 0.87265625 0.4796875 0.028125 0.10078125
2 0.940625 0.584375 0.03359375 0.13359375