2 0.01171875 0.953125 0.0234375 0.09375
2 0.31484375 0.91953125 0.034375 0.1609375
2 0.7921875 0.6796875 0.021875 0.1359375
2 0.8578125 0.5046875 0.0296875 0.11875
2 0.9234375 0.4890625 0.0359375 0.1140625
2 0.8453125 0.43046875 0.03359375 0.1125
2 0.75 0.4453125 0.02734375 0.115625
2 0.61875 0.3703125 0.02265625 0.10625
2 0.590625 0.4359375 0.025 0.09609375
2 0.56640625 0.45 0.02265625 0.1
2 0.503125 0.53125 0.0265625 0.11015625
3 0.38125 0.49296875 0.02421875 0.11796875
2 0.34296875 0.4578125 0.02890625 0.09609375
2 0.2703125 0.44296875 0.0203125 0.1
2 0.178125 0.42421875 0.03984375 0.0921875
2 0.11328125 0.5984375 0.0296875 0.1359375