2 0.89375 0.91484375 0.0328125 0.16640625
2 0.10390625 0.8484375 0.03828125 0.16328125
2 0.16875 0.4703125 0.02578125 0.125
2 0.31875 0.34921875 0.0390625 0.10078125
2 0.38515625 0.334375 0.03203125 0.09765625
0 0.40625 0.36953125 0.01484375 0.02421875
3 0.45 0.4578125 0.03515625 0.1109375
2 0.50546875 0.35859375 0.02265625 0.10859375
2 0.578125 0.5875 0.03203125 0.13359375
2 0.684375 0.365625 0.0203125 0.10078125
2 0.76171875 0.2875 0.01796875 0.09609375
2 0.85703125 0.41640625 0.03515625 0.10234375
2 0.8859375 0.328125 0.03046875 0.0890625
2 0.971875 0.4375 0.03671875 0.10078125