2 0.75625 0.87578125 0.034375 0.1578125
2 0.3203125 0.3328125 0.034375 0.09296875
3 0.31015625 0.44296875 0.025 0.1015625
2 0.45625 0.60390625 0.03359375 0.11796875
2 0.52734375 0.359375 0.0234375 0.10390625
2 0.565625 0.28046875 0.02265625 0.09140625
2 0.65625 0.30859375 0.0234375 0.09765625
2 0.62734375 0.41640625 0.01953125 0.09765625
2 0.76796875 0.4125 0.01875 0.09921875
2 0.946875 0.41328125 0.03203125 0.1125
2 0.86875 0.67265625 0.03125 0.13828125
2 0.35859375 0.3125 0.015625 0.09921875
2 0.3484375 0.37265625 0.01953125 0.096875
0 0.375 0.35 0.01015625 0.0234375