2 0.24375 0.87578125 0.034375 0.1578125
2 0.6796875 0.3328125 0.034375 0.09296875
3 0.68984375 0.44296875 0.025 0.1015625
2 0.54375 0.60390625 0.03359375 0.11796875
2 0.47265625 0.359375 0.0234375 0.10390625
2 0.434375 0.28046875 0.02265625 0.09140625
2 0.34375 0.30859375 0.0234375 0.09765625
2 0.37265625 0.41640625 0.01953125 0.09765625
2 0.23203125 0.4125 0.01875 0.09921875
2 0.053125 0.41328125 0.03203125 0.1125
2 0.13125 0.67265625 0.03125 0.13828125
2 0.64140625 0.3125 0.015625 0.09921875
2 0.6515625 0.37265625 0.01953125 0.096875
0 0.625 0.35 0.01015625 0.0234375