1 0.81484375 0.4671875 0.01640625 0.115625
2 0.83046875 0.490625 0.009375 0.0515625
2 0.83125 0.55546875 0.028125 0.12578125
2 0.871875 0.5453125 0.02265625 0.09296875
2 0.86015625 0.61484375 0.028125 0.13046875
2 0.86015625 0.61171875 0.02578125 0.1109375
2 0.9 0.675 0.03671875 0.121875
2 0.79765625 0.55859375 0.0265625 0.1171875
2 0.7859375 0.5875 0.0265625 0.1125
2 0.76484375 0.55546875 0.0203125 0.10703125
2 0.7453125 0.5140625 0.0234375 0.10234375
2 0.6984375 0.53828125 0.02265625 0.10703125
2 0.67734375 0.43515625 0.01640625 0.0953125
2 0.6890625 0.46953125 0.01328125 0.10546875
2 0.53046875 0.46640625 0.02578125 0.1046875
2 0.33125 0.5515625 0.02265625 0.12109375
2 0.2046875 0.63125 0.0265625 0.11328125
2 0.3578125 0.2984375 0.01640625 0.08125
2 0.328125 0.24140625 0.0140625 0.075
3 0.5484375 0.70625 0.02421875 0.13125
3 0.290625 0.23125 0.01796875 0.0765625
2 0.3015625 0.240625 0.0125 0.06953125
0 0.3171875 0.27578125 0.0078125 0.01484375