2 0.69375 0.8625 0.03671875 0.159375
3 0.26171875 0.4453125 0.03359375 0.109375
2 0.2421875 0.37734375 0.021875 0.10234375
2 0.340625 0.31875 0.0265625 0.09609375
2 0.3515625 0.29609375 0.01796875 0.0890625
0 0.36640625 0.34140625 0.01484375 0.02421875
2 0.440625 0.3640625 0.02421875 0.1015625
2 0.49609375 0.41171875 0.02578125 0.103125
2 0.40234375 0.60390625 0.0296875 0.13046875
2 0.46484375 0.265625 0.021875 0.0890625
2 0.53515625 0.2953125 0.0234375 0.08671875
2 0.675 0.4015625 0.01953125 0.09609375
2 0.76875 0.66328125 0.0265625 0.13515625
2 0.87421875 0.41171875 0.0234375 0.10703125
2 0.93125 0.55390625 0.028125 0.134375