2 0.30625 0.8625 0.03671875 0.159375
3 0.73828125 0.4453125 0.03359375 0.109375
2 0.7578125 0.37734375 0.021875 0.10234375
2 0.659375 0.31875 0.0265625 0.09609375
2 0.6484375 0.29609375 0.01796875 0.0890625
0 0.63359375 0.34140625 0.01484375 0.02421875
2 0.559375 0.3640625 0.02421875 0.1015625
2 0.50390625 0.41171875 0.02578125 0.103125
2 0.59765625 0.60390625 0.0296875 0.13046875
2 0.53515625 0.265625 0.021875 0.0890625
2 0.46484375 0.2953125 0.0234375 0.08671875
2 0.325 0.4015625 0.01953125 0.09609375
2 0.23125 0.66328125 0.0265625 0.13515625
2 0.12578125 0.41171875 0.0234375 0.10703125
2 0.06875 0.55390625 0.028125 0.134375