2 0.15 0.3796875 0.02734375 0.10078125
3 0.25546875 0.45546875 0.0265625 0.1109375
2 0.38671875 0.61640625 0.02734375 0.12109375
2 0.42734375 0.40859375 0.0171875 0.09453125
2 0.353125 0.37734375 0.0296875 0.09453125
2 0.396875 0.26484375 0.01796875 0.078125
2 0.36484375 0.29453125 0.01875 0.0796875
2 0.38046875 0.30703125 0.0171875 0.08828125
2 0.4859375 0.284375 0.03515625 0.0765625
2 0.62578125 0.39375 0.01796875 0.09921875
2 0.69765625 0.66953125 0.0296875 0.1375
2 0.66640625 0.85546875 0.03359375 0.15390625
2 0.91015625 0.55078125 0.025 0.12265625
2 0.86640625 0.421875 0.0203125 0.11171875
2 0.990625 0.50703125 0.01875 0.13046875