2 0.67734375 0.85234375 0.02890625 0.15234375
2 0.13359375 0.38359375 0.028125 0.1
3 0.27578125 0.46484375 0.01953125 0.11484375
2 0.33359375 0.39140625 0.02265625 0.10390625
2 0.38125 0.30546875 0.025 0.0859375
2 0.38515625 0.27890625 0.015625 0.0890625
2 0.43203125 0.3109375 0.0265625 0.09375
2 0.45234375 0.28984375 0.01875 0.0890625
2 0.43515625 0.41171875 0.02734375 0.09765625
2 0.40234375 0.6265625 0.028125 0.1296875
2 0.625 0.4015625 0.0234375 0.0984375
2 0.88203125 0.4359375 0.0234375 0.1140625
2 0.9171875 0.56953125 0.03046875 0.12578125
2 0.68359375 0.6765625 0.0296875 0.13046875
0 0.3203125 0.3234375 0.015625 0.02578125