2 0.9203125 0.56796875 0.02890625 0.12578125
2 0.884375 0.43828125 0.02265625 0.1234375
2 0.621875 0.4 0.0203125 0.09921875
2 0.6828125 0.67890625 0.0296875 0.134375
2 0.67890625 0.8484375 0.02734375 0.153125
2 0.403125 0.628125 0.028125 0.12890625
2 0.4359375 0.409375 0.02734375 0.09921875
2 0.44375 0.31796875 0.0375 0.0921875
2 0.44921875 0.27578125 0.01015625 0.05625
2 0.38359375 0.309375 0.02578125 0.09296875
2 0.38125 0.27265625 0.0171875 0.06953125
2 0.33125 0.39296875 0.02734375 0.09765625
2 0.13203125 0.38671875 0.025 0.10859375
3 0.28046875 0.4640625 0.02578125 0.11328125
0 0.3015625 0.3328125 0.0125 0.0234375