2 0.93203125 0.571875 0.025 0.128125
2 0.69609375 0.84765625 0.03359375 0.1546875
2 0.8984375 0.44296875 0.02109375 0.1140625
2 0.68671875 0.68515625 0.0296875 0.12890625
2 0.41796875 0.628125 0.0234375 0.11953125
2 0.6265625 0.403125 0.021875 0.0953125
2 0.44296875 0.4109375 0.01796875 0.0953125
2 0.33046875 0.4015625 0.03203125 0.0890625
2 0.47421875 0.3234375 0.02734375 0.08828125
2 0.44296875 0.29375 0.02109375 0.08671875
2 0.4046875 0.3125 0.02109375 0.08828125
2 0.37890625 0.2828125 0.025 0.0890625
3 0.2953125 0.47421875 0.03203125 0.1109375
2 0.134375 0.3875 0.025 0.09453125
0 0.24921875 0.37265625 0.015625 0.03125