2 0.83828125 0.3875 0.02578125 0.0953125
2 0.653125 0.396875 0.03125 0.0859375
2 0.52578125 0.40703125 0.0234375 0.090625
2 0.59609375 0.28828125 0.01953125 0.08125
2 0.5546875 0.315625 0.02890625 0.078125
2 0.46796875 0.32890625 0.0328125 0.08359375
2 0.5296875 0.2953125 0.02109375 0.084375
2 0.3453125 0.403125 0.021875 0.09609375
2 0.5375 0.6296875 0.03203125 0.12265625
2 0.3 0.684375 0.02578125 0.128125
2 0.2671875 0.83984375 0.0296875 0.1578125
2 0.03203125 0.57734375 0.028125 0.1296875
2 0.0625 0.4484375 0.0265625 0.11484375
0 0.7671875 0.39140625 0.01171875 0.02265625
0 0.65859375 0.47265625 0.0171875 0.1109375