2 0.215625 0.3796875 0.01875 0.0921875
2 0.44453125 0.284375 0.025 0.0765625
2 0.37734375 0.396875 0.0328125 0.10234375
2 0.52265625 0.3984375 0.0265625 0.0890625
2 0.603125 0.321875 0.03359375 0.07890625
2 0.51328125 0.3125 0.02109375 0.084375
2 0.7015625 0.39765625 0.0234375 0.09375
2 0.74921875 0.6875 0.03984375 0.125
2 0.53359375 0.63515625 0.0203125 0.125
2 0.803125 0.825 0.0296875 0.1578125
2 0.99375 0.44765625 0.0125 0.10625
2 0.51953125 0.2953125 0.01484375 0.0875
3 0.41796875 0.4671875 0.03046875 0.109375
0 0.2265625 0.42109375 0.0109375 0.01953125