2 0.0484375 0.93515625 0.03359375 0.12890625
2 0.6125 0.64296875 0.021875 0.1296875
2 0.78203125 0.6890625 0.028125 0.1375
2 0.8875 0.79375 0.028125 0.15390625
2 0.26328125 0.390625 0.03984375 0.08046875
2 0.38359375 0.3859375 0.021875 0.09609375
2 0.4703125 0.2828125 0.02265625 0.084375
2 0.5515625 0.38515625 0.028125 0.090625
2 0.73203125 0.390625 0.01953125 0.08984375
2 0.628125 0.30703125 0.025 0.07734375
2 0.5734375 0.3203125 0.02734375 0.0859375
2 0.5734375 0.29140625 0.0203125 0.07265625
3 0.5109375 0.46015625 0.0296875 0.109375
0 0.24140625 0.4296875 0.01015625 0.01953125