1 0.184375 0.45703125 0.0171875 0.1140625
2 0.1515625 0.49609375 0.0109375 0.05
2 0.14296875 0.5375 0.01328125 0.0890625
2 0.109375 0.54921875 0.03125 0.10703125
2 0.125 0.60859375 0.0125 0.1140625
2 0.13203125 0.6078125 0.03203125 0.12265625
2 0.0375 0.671875 0.02890625 0.12734375
2 0.18515625 0.55703125 0.025 0.1203125
2 0.20546875 0.58515625 0.021875 0.10859375
2 0.21484375 0.553125 0.03828125 0.10625
2 0.24453125 0.5015625 0.0234375 0.1203125
2 0.27578125 0.53515625 0.02421875 0.11015625
2 0.31328125 0.46875 0.0203125 0.103125
2 0.328125 0.44375 0.01875 0.1
2 0.51484375 0.42890625 0.0265625 0.0953125
2 0.6484375 0.565625 0.02578125 0.1125
2 0.7796875 0.62578125 0.021875 0.1171875
3 0.4703125 0.721875 0.0265625 0.134375
2 0.6765625 0.2921875 0.02734375 0.059375
2 0.6484375 0.24453125 0.0203125 0.0640625
2 0.72890625 0.253125 0.01875 0.065625
0 0.740625 0.28125 0.0078125 0.0171875
3 0.703125 0.23359375 0.01953125 0.07421875