2 0.1125 0.93125 0.046875 0.1375
2 0.04609375 0.45625 0.03359375 0.1234375
2 0.96328125 0.75625 0.03046875 0.15546875
2 0.834375 0.67265625 0.028125 0.13359375
2 0.6703125 0.63125 0.02578125 0.11953125
2 0.76875 0.37265625 0.01875 0.0921875
2 0.28828125 0.375 0.02109375 0.09375
2 0.40625 0.37265625 0.01796875 0.09140625
2 0.58046875 0.3671875 0.0171875 0.08515625
2 0.50078125 0.2671875 0.0171875 0.08515625
2 0.61875 0.30546875 0.02734375 0.08359375
2 0.653125 0.28515625 0.02578125 0.08828125
2 0.6375 0.28359375 0.015625 0.09140625
3 0.596875 0.4453125 0.02578125 0.1046875
0 0.278125 0.41484375 0.0109375 0.0171875