2 0.8328125 0.92578125 0.034375 0.14765625
2 0.91171875 0.44765625 0.0296875 0.1234375
2 0.12265625 0.67421875 0.02578125 0.12890625
2 0.1890625 0.3609375 0.0171875 0.09140625
2 0.2765625 0.6296875 0.034375 0.11796875
2 0.67265625 0.36015625 0.0234375 0.10234375
2 0.559375 0.36328125 0.02421875 0.09453125
2 0.3796875 0.35234375 0.025 0.09140625
2 0.46171875 0.25390625 0.025 0.08203125
2 0.3375 0.2953125 0.0203125 0.08203125
2 0.3046875 0.27421875 0.01875 0.09375
2 0.31953125 0.2765625 0.0265625 0.08984375
3 0.3421875 0.43359375 0.02265625 0.10546875
0 0.7453125 0.434375 0.0109375 0.02265625