2 0.75859375 0.92265625 0.03359375 0.153125
2 0.83203125 0.4234375 0.02734375 0.1171875
0 0.7421875 0.44296875 0.01171875 0.025
2 0.6125 0.3421875 0.02421875 0.10078125
2 0.5046875 0.346875 0.02109375 0.10078125
2 0.06875 0.64765625 0.02578125 0.13359375
2 0.203125 0.61640625 0.0234375 0.1109375
2 0.128125 0.346875 0.01953125 0.09296875
2 0.228125 0.26171875 0.015625 0.09453125
2 0.28359375 0.2578125 0.021875 0.0890625
2 0.2890625 0.278125 0.021875 0.0875
2 0.31796875 0.33984375 0.03359375 0.09140625
2 0.4140625 0.24140625 0.01875 0.07734375
3 0.26640625 0.4234375 0.02734375 0.10859375