2 0.24140625 0.92265625 0.03359375 0.153125
2 0.16796875 0.4234375 0.02734375 0.1171875
0 0.2578125 0.44296875 0.01171875 0.025
2 0.3875 0.3421875 0.02421875 0.10078125
2 0.4953125 0.346875 0.02109375 0.10078125
2 0.93125 0.64765625 0.02578125 0.13359375
2 0.796875 0.61640625 0.0234375 0.1109375
2 0.871875 0.346875 0.01953125 0.09296875
2 0.771875 0.26171875 0.015625 0.09453125
2 0.71640625 0.2578125 0.021875 0.0890625
2 0.7109375 0.278125 0.021875 0.0875
2 0.68203125 0.33984375 0.03359375 0.09140625
2 0.5859375 0.24140625 0.01875 0.07734375
3 0.73359375 0.4234375 0.02734375 0.10859375