2 0.69375 0.921875 0.034375 0.15625
2 0.775 0.40625 0.0203125 0.1109375
3 0.9578125 0.2234375 0.0296875 0.09453125
0 0.7390625 0.446875 0.0140625 0.0265625
2 0.56796875 0.32734375 0.025 0.10234375
2 0.0359375 0.6140625 0.03359375 0.1296875
2 0.15 0.61484375 0.028125 0.1234375
2 0.0796875 0.33828125 0.01875 0.09375
2 0.1703125 0.25 0.0203125 0.0921875
2 0.2640625 0.246875 0.021875 0.0828125
2 0.25546875 0.26796875 0.01953125 0.09296875
2 0.26328125 0.3296875 0.02578125 0.0921875
2 0.378125 0.22265625 0.01953125 0.0765625
2 0.4671875 0.33125 0.028125 0.09296875
3 0.2046875 0.40625 0.021875 0.10625