2 0.678125 0.921875 0.034375 0.15625
2 0.97734375 0.50546875 0.0453125 0.1359375
2 0.7578125 0.3984375 0.02109375 0.1109375
2 0.5515625 0.32109375 0.02109375 0.10390625
3 0.94296875 0.21171875 0.02578125 0.09375
0 0.73984375 0.446875 0.0109375 0.02265625
2 0.453125 0.32421875 0.0203125 0.09453125
2 0.36640625 0.21875 0.0171875 0.08046875
2 0.2609375 0.24375 0.02265625 0.09609375
2 0.24375 0.26015625 0.0234375 0.0859375
2 0.2484375 0.32109375 0.01875 0.0890625
2 0.15 0.240625 0.01875 0.0921875
2 0.06328125 0.32890625 0.02265625 0.096875
2 0.0265625 0.5953125 0.0328125 0.13125
2 0.13046875 0.615625 0.0234375 0.134375
3 0.18515625 0.40625 0.02109375 0.109375