2 0.321875 0.921875 0.034375 0.15625
2 0.02265625 0.50546875 0.0453125 0.1359375
2 0.2421875 0.3984375 0.02109375 0.1109375
2 0.4484375 0.32109375 0.02109375 0.10390625
3 0.05703125 0.21171875 0.02578125 0.09375
0 0.26015625 0.446875 0.0109375 0.02265625
2 0.546875 0.32421875 0.0203125 0.09453125
2 0.63359375 0.21875 0.0171875 0.08046875
2 0.7390625 0.24375 0.02265625 0.09609375
2 0.75625 0.26015625 0.0234375 0.0859375
2 0.7515625 0.32109375 0.01875 0.0890625
2 0.85 0.240625 0.01875 0.0921875
2 0.93671875 0.32890625 0.02265625 0.096875
2 0.9734375 0.5953125 0.0328125 0.13125
2 0.86953125 0.615625 0.0234375 0.134375
3 0.81484375 0.40625 0.02109375 0.109375