2 0.6546875 0.9234375 0.03203125 0.153125
2 0.96484375 0.49453125 0.04453125 0.1328125
2 0.74296875 0.39375 0.01875 0.10859375
3 0.928125 0.2046875 0.021875 0.08984375
0 0.7296875 0.44296875 0.009375 0.01796875
2 0.5421875 0.31015625 0.0234375 0.10078125
2 0.44296875 0.31484375 0.021875 0.09609375
2 0.36171875 0.21328125 0.01484375 0.0796875
2 0.2640625 0.2375 0.02421875 0.09140625
2 0.2421875 0.2546875 0.01953125 0.0859375
2 0.23359375 0.31796875 0.01796875 0.08984375
3 0.165625 0.39375 0.01953125 0.1046875
2 0.1140625 0.603125 0.01953125 0.12734375
2 0.02421875 0.5734375 0.0234375 0.1234375
2 0.0484375 0.32421875 0.02578125 0.0953125
2 0.13359375 0.2359375 0.01953125 0.09296875