2 0.98671875 0.66640625 0.0265625 0.1328125
2 0.24296875 0.621875 0.02890625 0.1171875
2 0.37734375 0.55546875 0.02578125 0.1140625
3 0.5578125 0.70625 0.0296875 0.12421875
2 0.4796875 0.4125 0.021875 0.08125
2 0.67578125 0.4390625 0.03671875 0.09140625
2 0.703125 0.4640625 0.02421875 0.1078125
2 0.7484375 0.5296875 0.02421875 0.10390625
2 0.77421875 0.49140625 0.02578125 0.1125
1 0.83671875 0.44609375 0.01796875 0.1078125
2 0.834375 0.54765625 0.025 0.10703125
2 0.80078125 0.54609375 0.0421875 0.1
2 0.80859375 0.5765625 0.0203125 0.11015625
2 0.871875 0.4953125 0.0203125 0.053125
2 0.8703125 0.5234375 0.0234375 0.06796875
2 0.8734375 0.59921875 0.01953125 0.12578125
2 0.89609375 0.54296875 0.0234375 0.10859375
2 0.8921875 0.6015625 0.02890625 0.11640625
2 0.37265625 0.24296875 0.01796875 0.06796875
2 0.28359375 0.2546875 0.0171875 0.07109375
2 0.32421875 0.290625 0.02578125 0.06015625
0 0.2109375 0.3078125 0.0109375 0.021875
3 0.321875 0.234375 0.03125 0.0703125