2 0.01328125 0.66640625 0.0265625 0.1328125
2 0.75703125 0.621875 0.02890625 0.1171875
2 0.62265625 0.55546875 0.02578125 0.1140625
3 0.4421875 0.70625 0.0296875 0.12421875
2 0.5203125 0.4125 0.021875 0.08125
2 0.32421875 0.4390625 0.03671875 0.09140625
2 0.296875 0.4640625 0.02421875 0.1078125
2 0.2515625 0.5296875 0.02421875 0.10390625
2 0.22578125 0.49140625 0.02578125 0.1125
1 0.16328125 0.44609375 0.01796875 0.1078125
2 0.165625 0.54765625 0.025 0.10703125
2 0.19921875 0.54609375 0.0421875 0.1
2 0.19140625 0.5765625 0.0203125 0.11015625
2 0.128125 0.4953125 0.0203125 0.053125
2 0.1296875 0.5234375 0.0234375 0.06796875
2 0.1265625 0.59921875 0.01953125 0.12578125
2 0.10390625 0.54296875 0.0234375 0.10859375
2 0.1078125 0.6015625 0.02890625 0.11640625
2 0.62734375 0.24296875 0.01796875 0.06796875
2 0.71640625 0.2546875 0.0171875 0.07109375
2 0.67578125 0.290625 0.02578125 0.06015625
0 0.7890625 0.3078125 0.0109375 0.021875
3 0.678125 0.234375 0.03125 0.0703125