2 0.365625 0.928125 0.03515625 0.14375
2 0.040625 0.47734375 0.03984375 0.13046875
2 0.27578125 0.3765625 0.02265625 0.1109375
3 0.07734375 0.1859375 0.02890625 0.08984375
3 0.8515625 0.38671875 0.02578125 0.109375
0 0.29375 0.4296875 0.009375 0.01953125
2 0.46640625 0.296875 0.02109375 0.09921875
2 0.90078125 0.603125 0.01953125 0.13203125
2 0.95390625 0.53515625 0.03203125 0.1171875
2 0.96015625 0.3140625 0.02265625 0.08203125
2 0.878125 0.22265625 0.01796875 0.09140625
2 0.77734375 0.30625 0.01875 0.0859375
2 0.74609375 0.24765625 0.0203125 0.09375
2 0.71796875 0.23046875 0.01875 0.09140625
2 0.6359375 0.2 0.01796875 0.084375
2 0.55703125 0.3015625 0.01953125 0.09140625