2 0.36953125 0.93046875 0.03515625 0.1390625
2 0.040625 0.4703125 0.03828125 0.13125
2 0.278125 0.37578125 0.0265625 0.10859375
3 0.0796875 0.17890625 0.02734375 0.08515625
3 0.8546875 0.3796875 0.02734375 0.11328125
0 0.30078125 0.425 0.0125 0.02578125
2 0.94296875 0.5203125 0.03671875 0.12421875
2 0.9 0.59921875 0.0203125 0.13203125
2 0.959375 0.3109375 0.01875 0.0890625
2 0.87890625 0.21796875 0.01953125 0.0921875
2 0.77734375 0.30234375 0.01953125 0.09296875
2 0.7375 0.24140625 0.01640625 0.09375
2 0.709375 0.22265625 0.02421875 0.0984375
2 0.634375 0.196875 0.0171875 0.08125
2 0.5546875 0.29453125 0.01796875 0.09375
2 0.4671875 0.29140625 0.01953125 0.0984375