2 0.625 0.93046875 0.0359375 0.1390625
2 0.95859375 0.46640625 0.0359375 0.1296875
2 0.71953125 0.37265625 0.03359375 0.1046875
2 0.5328125 0.28671875 0.01953125 0.09765625
2 0.446875 0.2921875 0.01953125 0.09296875
2 0.36640625 0.1921875 0.01875 0.08046875
2 0.29765625 0.2203125 0.0328125 0.09765625
2 0.26484375 0.23671875 0.02109375 0.09375
2 0.22265625 0.3015625 0.0203125 0.08671875
3 0.14453125 0.37578125 0.025 0.109375
2 0.1 0.59296875 0.02265625 0.13046875
2 0.06328125 0.5109375 0.0328125 0.1171875
2 0.04140625 0.30546875 0.02109375 0.0921875
2 0.12109375 0.2171875 0.01796875 0.096875
3 0.9203125 0.17578125 0.02578125 0.08828125
0 0.69765625 0.4234375 0.0109375 0.02265625