2 0.37890625 0.9328125 0.03203125 0.134375
2 0.03984375 0.4640625 0.034375 0.13125
2 0.28515625 0.36640625 0.0375 0.10234375
2 0.465625 0.2875 0.021875 0.09921875
2 0.55234375 0.28984375 0.02109375 0.09140625
2 0.63125 0.18984375 0.0203125 0.0828125
2 0.69765625 0.2203125 0.028125 0.09765625
2 0.72890625 0.2390625 0.02421875 0.09765625
2 0.77734375 0.29765625 0.01953125 0.0859375
2 0.85703125 0.3734375 0.02265625 0.10390625
2 0.92421875 0.50546875 0.028125 0.1125
2 0.9 0.590625 0.021875 0.13515625
2 0.9578125 0.30546875 0.0203125 0.09140625
2 0.87734375 0.2171875 0.021875 0.09453125
3 0.078125 0.171875 0.02578125 0.090625