2 0.3875 0.94296875 0.0359375 0.1140625
2 0.0359375 0.46328125 0.02890625 0.13359375
2 0.3046875 0.36875 0.03515625 0.10625
2 0.45703125 0.28046875 0.0203125 0.09765625
2 0.54375 0.28359375 0.025 0.0953125
2 0.61875 0.1921875 0.01640625 0.084375
2 0.6578125 0.21953125 0.02578125 0.09609375
2 0.6984375 0.2359375 0.02109375 0.09765625
2 0.76640625 0.2984375 0.01953125 0.08671875
3 0.85390625 0.36953125 0.021875 0.1046875
3 0.07421875 0.1625 0.02265625 0.090625
0 0.3375 0.42265625 0.01484375 0.02265625
2 0.87578125 0.4828125 0.0234375 0.11484375
2 0.871875 0.21015625 0.0203125 0.09609375
2 0.94296875 0.31171875 0.02109375 0.09140625
2 0.89453125 0.5953125 0.02265625 0.1359375