2 0.6109375 0.94609375 0.03671875 0.1078125
2 0.9640625 0.4625 0.02578125 0.12890625
2 0.69375 0.365625 0.0421875 0.10390625
2 0.54453125 0.27890625 0.01953125 0.09453125
2 0.45859375 0.2859375 0.02421875 0.09296875
2 0.384375 0.1890625 0.0171875 0.084375
2 0.35 0.2203125 0.025 0.09453125
2 0.309375 0.2375 0.0234375 0.0953125
2 0.23671875 0.296875 0.01953125 0.0875
2 0.13046875 0.209375 0.0203125 0.090625
2 0.06171875 0.31171875 0.02109375 0.08984375
2 0.1359375 0.4765625 0.02421875 0.11875
2 0.10390625 0.59375 0.0234375 0.134375
3 0.146875 0.36796875 0.021875 0.103125
3 0.9265625 0.1640625 0.021875 0.0921875
0 0.6359375 0.4234375 0.01640625 0.025