2 0.6109375 0.94453125 0.03203125 0.11015625
2 0.96796875 0.4578125 0.028125 0.12890625
2 0.696875 0.3625 0.0484375 0.10546875
0 0.6125 0.4265625 0.01640625 0.02421875
2 0.54765625 0.278125 0.01875 0.0984375
2 0.4609375 0.28515625 0.0234375 0.09375
2 0.3875 0.18984375 0.0171875 0.0875
2 0.3609375 0.21953125 0.0203125 0.09375
2 0.31796875 0.23671875 0.0203125 0.08984375
2 0.23984375 0.29453125 0.0171875 0.0875
3 0.928125 0.16015625 0.02109375 0.09140625
3 0.14921875 0.365625 0.01953125 0.10390625
2 0.146875 0.47421875 0.02890625 0.11484375
2 0.10546875 0.590625 0.028125 0.1328125
2 0.06875 0.309375 0.02109375 0.0890625
2 0.13515625 0.21015625 0.0203125 0.0921875