0 0.43203125 0.42734375 0.0140625 0.02578125
2 0.28515625 0.35390625 0.04140625 0.10625
2 0.021875 0.45390625 0.0265625 0.1265625
2 0.384375 0.9453125 0.034375 0.109375
2 0.43671875 0.2734375 0.01640625 0.09609375
2 0.52578125 0.2796875 0.02109375 0.09375
2 0.740625 0.29140625 0.0203125 0.08515625
2 0.59453125 0.18671875 0.01640625 0.0828125
2 0.60703125 0.21171875 0.02734375 0.08984375
2 0.653125 0.23203125 0.01953125 0.09296875
3 0.05859375 0.1546875 0.0234375 0.0890625
3 0.834375 0.359375 0.02265625 0.10390625
2 0.8109375 0.45390625 0.021875 0.10390625
2 0.84375 0.20625 0.01875 0.09453125
2 0.9046875 0.303125 0.0203125 0.0984375
2 0.8734375 0.5765625 0.025 0.13203125
2 0.99140625 0.50390625 0.0171875 0.1140625