2 0.37734375 0.94921875 0.03515625 0.1015625
2 0.27109375 0.3515625 0.04375 0.0984375
2 0.0125 0.45 0.025 0.125
2 0.42265625 0.26953125 0.01796875 0.096875
2 0.5125 0.2734375 0.02109375 0.09765625
2 0.58515625 0.21328125 0.02890625 0.1
2 0.63203125 0.22890625 0.02578125 0.09453125
2 0.72265625 0.28515625 0.01953125 0.08828125
2 0.7796875 0.44609375 0.02890625 0.10546875
2 0.85390625 0.57578125 0.02421875 0.128125
2 0.96796875 0.4921875 0.03984375 0.11328125
2 0.8796875 0.30234375 0.02421875 0.09296875
2 0.825 0.2015625 0.01953125 0.0875
3 0.81640625 0.35625 0.02578125 0.1078125
2 0.578125 0.1671875 0.015625 0.04921875
0 0.4484375 0.42265625 0.01484375 0.025
3 0.046875 0.1484375 0.02265625 0.0890625