2 0.36171875 0.9421875 0.03046875 0.115625
2 0.25234375 0.34765625 0.03984375 0.09921875
2 0.40078125 0.2625 0.0203125 0.09140625
2 0.4921875 0.26328125 0.01953125 0.08984375
2 0.5984375 0.2234375 0.021875 0.08515625
2 0.54609375 0.2078125 0.025 0.08984375
2 0.55625 0.1796875 0.01328125 0.084375
2 0.6953125 0.2828125 0.02265625 0.08984375
2 0.74140625 0.42734375 0.0359375 0.10703125
2 0.825 0.565625 0.0265625 0.12734375
2 0.91875 0.478125 0.028125 0.121875
2 0.84765625 0.29453125 0.02265625 0.09453125
2 0.796875 0.196875 0.01875 0.09140625
3 0.7890625 0.34609375 0.02734375 0.1078125
0 0.4625 0.41875 0.01171875 0.028125
3 0.02734375 0.14375 0.028125 0.0890625