2 0.73203125 0.40390625 0.025 0.08125
2 0.834375 0.4609375 0.02109375 0.084375
2 0.8703125 0.4828125 0.021875 0.0875
2 0.88515625 0.50546875 0.02578125 0.0921875
2 0.91796875 0.47890625 0.01796875 0.10078125
2 0.9375 0.51171875 0.02421875 0.0921875
2 0.9375 0.4859375 0.02109375 0.06015625
2 0.9578125 0.50078125 0.02109375 0.096875
2 0.9765625 0.503125 0.01875 0.10546875
2 0.63125 0.50703125 0.01953125 0.09453125
2 0.23828125 0.378125 0.03359375 0.0703125
2 0.45625 0.54921875 0.02421875 0.09296875
2 0.4421875 0.26953125 0.0140625 0.0625
2 0.4796875 0.35625 0.02265625 0.075
2 0.50703125 0.30546875 0.01328125 0.06328125
2 0.565625 0.26328125 0.01328125 0.06171875
0 0.309375 0.38359375 0.0078125 0.0140625
3 0.48515625 0.2453125 0.0234375 0.0546875
3 0.7203125 0.60078125 0.02734375 0.1046875