2 0.671875 0.953125 0.0375 0.09375
2 0.83359375 0.3484375 0.01953125 0.10703125
2 0.65234375 0.2453125 0.01875 0.0890625
2 0.59296875 0.203125 0.02109375 0.0875
2 0.56875 0.25390625 0.0265625 0.084375
2 0.52734375 0.2203125 0.01953125 0.08515625
2 0.51328125 0.17890625 0.01875 0.08203125
2 0.41640625 0.384375 0.03203125 0.09765625
2 0.3765625 0.27734375 0.02578125 0.0875
3 0.2859375 0.3265625 0.03046875 0.09140625
2 0.2859375 0.18828125 0.0171875 0.08515625
2 0.26953125 0.28828125 0.0203125 0.0890625
2 0.26328125 0.41796875 0.02109375 0.1125
2 0.2515625 0.540625 0.01875 0.12109375
2 0.0734375 0.290625 0.02265625 0.09921875
0 0.44375 0.4203125 0.01328125 0.02578125