2 0.328125 0.953125 0.0375 0.09375
2 0.16640625 0.3484375 0.01953125 0.10703125
2 0.34765625 0.2453125 0.01875 0.0890625
2 0.40703125 0.203125 0.02109375 0.0875
2 0.43125 0.25390625 0.0265625 0.084375
2 0.47265625 0.2203125 0.01953125 0.08515625
2 0.48671875 0.17890625 0.01875 0.08203125
2 0.58359375 0.384375 0.03203125 0.09765625
2 0.6234375 0.27734375 0.02578125 0.0875
3 0.7140625 0.3265625 0.03046875 0.09140625
2 0.7140625 0.18828125 0.0171875 0.08515625
2 0.73046875 0.28828125 0.0203125 0.0890625
2 0.73671875 0.41796875 0.02109375 0.1125
2 0.7484375 0.540625 0.01875 0.12109375
2 0.9265625 0.290625 0.02265625 0.09921875
0 0.55625 0.4203125 0.01328125 0.02578125