2 0.91796875 0.296875 0.0234375 0.0984375
2 0.71875 0.41015625 0.03125 0.10078125
2 0.74921875 0.5546875 0.01796875 0.125
2 0.3359375 0.96484375 0.040625 0.0703125
2 0.165625 0.35390625 0.01875 0.10546875
2 0.35078125 0.246875 0.02890625 0.08828125
2 0.39296875 0.20859375 0.025 0.08984375
2 0.4359375 0.253125 0.02109375 0.08515625
2 0.46015625 0.22578125 0.02109375 0.08984375
2 0.49375 0.1796875 0.01796875 0.078125
2 0.5765625 0.38125 0.02109375 0.1046875
2 0.6296875 0.28203125 0.021875 0.0859375
2 0.71015625 0.1921875 0.02109375 0.08359375
2 0.72421875 0.2953125 0.02109375 0.08984375
3 0.725 0.32265625 0.02265625 0.0984375
0 0.56015625 0.421875 0.01171875 0.02421875