2 0.3453125 0.971875 0.034375 0.05546875
2 0.165625 0.3625 0.01875 0.11015625
2 0.3515625 0.24609375 0.02578125 0.0875
2 0.38359375 0.2125 0.01796875 0.09140625
2 0.44140625 0.25546875 0.0171875 0.09140625
2 0.4953125 0.18359375 0.01640625 0.0828125
2 0.4546875 0.2328125 0.0203125 0.08828125
2 0.57109375 0.38359375 0.021875 0.10234375
2 0.634375 0.2828125 0.025 0.08671875
2 0.70625 0.41328125 0.02265625 0.10390625
2 0.75 0.5578125 0.01640625 0.121875
2 0.9171875 0.29765625 0.02265625 0.0953125
2 0.71328125 0.19296875 0.015625 0.0859375
2 0.71953125 0.2953125 0.01875 0.0890625
0 0.559375 0.421875 0.01171875 0.02578125
3 0.7296875 0.3234375 0.01796875 0.09921875