2 0.6546875 0.971875 0.034375 0.05546875
2 0.834375 0.3625 0.01875 0.11015625
2 0.6484375 0.24609375 0.02578125 0.0875
2 0.61640625 0.2125 0.01796875 0.09140625
2 0.55859375 0.25546875 0.0171875 0.09140625
2 0.5046875 0.18359375 0.01640625 0.0828125
2 0.5453125 0.2328125 0.0203125 0.08828125
2 0.42890625 0.38359375 0.021875 0.10234375
2 0.365625 0.2828125 0.025 0.08671875
2 0.29375 0.41328125 0.02265625 0.10390625
2 0.25 0.5578125 0.01640625 0.121875
2 0.0828125 0.29765625 0.02265625 0.0953125
2 0.28671875 0.19296875 0.015625 0.0859375
2 0.28046875 0.2953125 0.01875 0.0890625
0 0.440625 0.421875 0.01171875 0.02578125
3 0.2703125 0.3234375 0.01796875 0.09921875