2 0.734375 0.5671875 0.01953125 0.12109375
2 0.90546875 0.30390625 0.02265625 0.0984375
2 0.70859375 0.20390625 0.021875 0.0890625
2 0.7 0.3046875 0.02109375 0.08984375
2 0.66484375 0.28828125 0.02265625 0.0828125
2 0.6421875 0.39765625 0.0265625 0.10390625
2 0.5390625 0.38359375 0.02265625 0.10234375
2 0.5046875 0.1953125 0.01875 0.078125
2 0.4484375 0.26015625 0.01796875 0.08203125
2 0.41328125 0.24765625 0.01953125 0.09453125
2 0.359375 0.2453125 0.01953125 0.08515625
2 0.33359375 0.2265625 0.021875 0.0921875
2 0.15703125 0.3828125 0.01796875 0.1109375
0 0.546875 0.425 0.00859375 0.021875
3 0.74140625 0.32421875 0.02265625 0.0953125