2 0.265625 0.5671875 0.01953125 0.12109375
2 0.09453125 0.30390625 0.02265625 0.0984375
2 0.29140625 0.20390625 0.021875 0.0890625
2 0.3 0.3046875 0.02109375 0.08984375
2 0.33515625 0.28828125 0.02265625 0.0828125
2 0.3578125 0.39765625 0.0265625 0.10390625
2 0.4609375 0.38359375 0.02265625 0.10234375
2 0.4953125 0.1953125 0.01875 0.078125
2 0.5515625 0.26015625 0.01796875 0.08203125
2 0.58671875 0.24765625 0.01953125 0.09453125
2 0.640625 0.2453125 0.01953125 0.08515625
2 0.66640625 0.2265625 0.021875 0.0921875
2 0.84296875 0.3828125 0.01796875 0.1109375
0 0.453125 0.425 0.00859375 0.021875
3 0.25859375 0.32421875 0.02265625 0.0953125