2 0.85390625 0.39453125 0.0234375 0.10859375
2 0.0078125 0.4515625 0.015625 0.115625
2 0.10625 0.3 0.021875 0.09921875
2 0.28203125 0.57734375 0.02109375 0.12578125
2 0.703125 0.2328125 0.02109375 0.09375
3 0.26796875 0.3328125 0.02265625 0.09765625
2 0.3015625 0.20859375 0.01953125 0.08515625
2 0.49921875 0.20078125 0.01640625 0.084375
2 0.5578125 0.26015625 0.01875 0.08359375
2 0.61640625 0.25390625 0.01640625 0.0859375
2 0.6421875 0.24609375 0.02578125 0.084375
2 0.47734375 0.3828125 0.01796875 0.103125
2 0.40078125 0.38828125 0.02109375 0.1015625
2 0.31640625 0.309375 0.021875 0.08515625
2 0.32265625 0.2890625 0.021875 0.08125
0 0.4703125 0.4234375 0.01171875 0.02265625