2 0.9078125 0.459375 0.028125 0.11328125
2 0.07734375 0.3328125 0.0296875 0.1
2 0.11171875 0.50859375 0.0328125 0.11875
2 0.20625 0.35703125 0.02265625 0.1015625
2 0.3140625 0.2921875 0.0265625 0.075
2 0.4 0.3265625 0.0140625 0.0875
2 0.42265625 0.40625 0.02578125 0.0796875
2 0.43984375 0.39609375 0.03515625 0.0875
2 0.496875 0.28125 0.02421875 0.084375
2 0.63359375 0.2859375 0.021875 0.084375
2 0.62578125 0.38671875 0.01796875 0.090625
2 0.68359375 0.38515625 0.0234375 0.08984375
2 0.7765625 0.3734375 0.01796875 0.0953125
2 0.8484375 0.5234375 0.025 0.1171875
2 0.62734375 0.634375 0.0234375 0.1234375
3 0.659375 0.4125 0.0234375 0.09921875
0 0.40859375 0.4421875 0.01171875 0.02265625