2 0.0921875 0.459375 0.028125 0.11328125
2 0.92265625 0.3328125 0.0296875 0.1
2 0.88828125 0.50859375 0.0328125 0.11875
2 0.79375 0.35703125 0.02265625 0.1015625
2 0.6859375 0.2921875 0.0265625 0.075
2 0.6 0.3265625 0.0140625 0.0875
2 0.57734375 0.40625 0.02578125 0.0796875
2 0.56015625 0.39609375 0.03515625 0.0875
2 0.503125 0.28125 0.02421875 0.084375
2 0.36640625 0.2859375 0.021875 0.084375
2 0.37421875 0.38671875 0.01796875 0.090625
2 0.31640625 0.38515625 0.0234375 0.08984375
2 0.2234375 0.3734375 0.01796875 0.0953125
2 0.1515625 0.5234375 0.025 0.1171875
2 0.37265625 0.634375 0.0234375 0.1234375
3 0.340625 0.4125 0.0234375 0.09921875
0 0.59140625 0.4421875 0.01171875 0.02265625