2 0.91796875 0.70546875 0.03046875 0.14765625
2 0.75 0.7390625 0.03125 0.12890625
2 0.7875 0.51640625 0.025 0.11015625
2 0.8984375 0.46953125 0.0265625 0.10546875
2 0.71171875 0.24921875 0.02421875 0.071875
2 0.54375 0.34375 0.0203125 0.08515625
2 0.48515625 0.359375 0.025 0.096875
2 0.51484375 0.7453125 0.02890625 0.13203125
2 0.46484375 0.56640625 0.0234375 0.1140625
3 0.4203125 0.71171875 0.02890625 0.1328125
2 0.36328125 0.50234375 0.02109375 0.09921875
2 0.37421875 0.63046875 0.025 0.12734375
2 0.3328125 0.4359375 0.02421875 0.07421875
2 0.184375 0.49296875 0.02265625 0.10859375
2 0.053125 0.45078125 0.02890625 0.1140625
2 0.02109375 0.96875 0.03046875 0.06171875