2 0.01484375 0.36015625 0.02578125 0.109375
2 0.16484375 0.5515625 0.0375 0.1296875
2 0.18125 0.38671875 0.025 0.09765625
2 0.41953125 0.38125 0.0234375 0.09921875
2 0.484375 0.41015625 0.0234375 0.09765625
2 0.4609375 0.33828125 0.021875 0.0921875
2 0.4296875 0.27578125 0.02265625 0.078125
2 0.571875 0.3234375 0.0234375 0.0875
2 0.64609375 0.64609375 0.0265625 0.12109375
2 0.65625 0.3953125 0.021875 0.09296875
2 0.66328125 0.31171875 0.02109375 0.0859375
2 0.76640625 0.40703125 0.0171875 0.1
2 0.80859375 0.384375 0.01640625 0.10078125
2 0.88984375 0.54453125 0.04140625 0.11328125
2 0.93984375 0.47109375 0.0203125 0.1171875
3 0.63359375 0.43671875 0.0328125 0.1046875
0 0.4234375 0.41640625 0.01015625 0.0171875