2 0.98515625 0.36015625 0.02578125 0.109375
2 0.83515625 0.5515625 0.0375 0.1296875
2 0.81875 0.38671875 0.025 0.09765625
2 0.58046875 0.38125 0.0234375 0.09921875
2 0.515625 0.41015625 0.0234375 0.09765625
2 0.5390625 0.33828125 0.021875 0.0921875
2 0.5703125 0.27578125 0.02265625 0.078125
2 0.428125 0.3234375 0.0234375 0.0875
2 0.35390625 0.64609375 0.0265625 0.12109375
2 0.34375 0.3953125 0.021875 0.09296875
2 0.33671875 0.31171875 0.02109375 0.0859375
2 0.23359375 0.40703125 0.0171875 0.1
2 0.19140625 0.384375 0.01640625 0.10078125
2 0.11015625 0.54453125 0.04140625 0.11328125
2 0.06015625 0.47109375 0.0203125 0.1171875
3 0.36640625 0.43671875 0.0328125 0.1046875
0 0.5765625 0.41640625 0.01015625 0.0171875