2 0.03984375 0.49453125 0.03125 0.1203125
2 0.86328125 0.41640625 0.02421875 0.1078125
2 0.85859375 0.5875 0.034375 0.12890625
2 0.384375 0.66953125 0.0328125 0.13125
2 0.22109375 0.43125 0.02265625 0.1
2 0.18671875 0.39765625 0.02734375 0.10390625
2 0.071875 0.55703125 0.03828125 0.12265625
2 0.35703125 0.4046875 0.02421875 0.09609375
2 0.33515625 0.32421875 0.01875 0.0953125
2 0.42421875 0.3578125 0.03203125 0.0875
2 0.5265625 0.2765625 0.028125 0.0796875
2 0.603125 0.3890625 0.0171875 0.09609375
2 0.53828125 0.3671875 0.025 0.0859375
2 0.503125 0.4265625 0.0265625 0.10234375
0 0.47890625 0.4078125 0.01484375 0.02734375
3 0.41875 0.45625 0.0234375 0.109375