2 0.9921875 0.57578125 0.015625 0.13984375
2 0.07265625 0.62265625 0.021875 0.14375
2 0.040625 0.44921875 0.021875 0.11953125
2 0.53359375 0.68046875 0.02734375 0.134375
2 0.92578125 0.56328125 0.0359375 0.12578125
2 0.95078125 0.4984375 0.02890625 0.121875
2 0.78515625 0.4015625 0.02578125 0.10234375
2 0.29921875 0.39921875 0.02265625 0.09765625
2 0.734375 0.44296875 0.0234375 0.1109375
2 0.63203125 0.33359375 0.03359375 0.08671875
2 0.37109375 0.3765625 0.02265625 0.09921875
2 0.45703125 0.44453125 0.034375 0.10234375
2 0.51796875 0.36484375 0.02578125 0.0984375
2 0.4828125 0.278125 0.034375 0.08046875
2 0.575 0.4046875 0.0203125 0.09296875
0 0.53671875 0.40546875 0.0109375 0.0203125
3 0.4765625 0.471875 0.01875 0.109375