2 0.38125 0.69296875 0.0265625 0.128125
2 0.146875 0.4421875 0.03203125 0.09765625
2 0.225 0.39453125 0.02578125 0.1015625
3 0.33359375 0.490625 0.03203125 0.10703125
2 0.3671875 0.46484375 0.02734375 0.10625
2 0.3890625 0.39453125 0.028125 0.09765625
2 0.44765625 0.39140625 0.03125 0.08671875
2 0.46328125 0.28125 0.02734375 0.08515625
2 0.57421875 0.35390625 0.0453125 0.090625
0 0.5328125 0.3609375 0.01171875 0.0234375
2 0.634375 0.45546875 0.0328125 0.10078125
2 0.7125 0.41875 0.0546875 0.09921875
2 0.9828125 0.6421875 0.034375 0.128125
2 0.921875 0.575 0.0296875 0.12265625
2 0.86015625 0.5625 0.03671875 0.12890625
2 0.884375 0.4859375 0.028125 0.1171875