2 0.06171875 0.7328125 0.04609375 0.1421875
2 0.090625 0.66640625 0.0265625 0.1203125
2 0.20625 0.7796875 0.02578125 0.1375
2 0.40546875 0.6625 0.02890625 0.12578125
2 0.484375 0.5859375 0.02265625 0.10078125
2 0.40078125 0.44609375 0.025 0.0953125
2 0.50390625 0.5203125 0.02109375 0.0953125
2 0.534375 0.5734375 0.02421875 0.10859375
3 0.1875 0.50546875 0.02265625 0.1046875
0 0.6046875 0.390625 0.01171875 0.02109375
2 0.62421875 0.503125 0.0203125 0.10859375
2 0.57265625 0.578125 0.0296875 0.103125
2 0.6 0.5671875 0.025 0.103125
2 0.5875 0.62421875 0.0296875 0.1140625
2 0.67421875 0.63828125 0.03046875 0.1203125
2 0.7046875 0.559375 0.0203125 0.1078125
2 0.7140625 0.49609375 0.01640625 0.1
2 0.76796875 0.609375 0.02890625 0.078125
1 0.82265625 0.559375 0.03515625 0.09140625
2 0.82578125 0.56171875 0.02265625 0.0828125