2 0.01328125 0.6578125 0.0265625 0.128125
2 0.16171875 0.7140625 0.04140625 0.13515625
2 0.21484375 0.76953125 0.03046875 0.13359375
2 0.1796875 0.66171875 0.0296875 0.11640625
3 0.17578125 0.49765625 0.015625 0.103125
2 0.4484375 0.43359375 0.02578125 0.09453125
2 0.47265625 0.65 0.03828125 0.1234375
2 0.48515625 0.58125 0.0234375 0.10234375
2 0.5171875 0.53671875 0.0234375 0.07265625
2 0.5578125 0.59296875 0.021875 0.1140625
2 0.57734375 0.62109375 0.0234375 0.115625
2 0.6390625 0.50234375 0.02734375 0.09140625
2 0.63984375 0.5578125 0.02421875 0.10546875
2 0.65390625 0.58203125 0.03515625 0.10546875
2 0.684375 0.64140625 0.034375 0.11796875
2 0.7140625 0.48671875 0.01484375 0.0890625
2 0.70625 0.559375 0.021875 0.1140625
2 0.76640625 0.60625 0.03125 0.08515625
2 0.8296875 0.5546875 0.0234375 0.1
1 0.821875 0.528125 0.01875 0.1078125
0 0.60390625 0.39140625 0.01015625 0.0171875