2 0.98671875 0.6578125 0.0265625 0.128125
2 0.83828125 0.7140625 0.04140625 0.13515625
2 0.78515625 0.76953125 0.03046875 0.13359375
2 0.8203125 0.66171875 0.0296875 0.11640625
3 0.82421875 0.49765625 0.015625 0.103125
2 0.5515625 0.43359375 0.02578125 0.09453125
2 0.52734375 0.65 0.03828125 0.1234375
2 0.51484375 0.58125 0.0234375 0.10234375
2 0.4828125 0.53671875 0.0234375 0.07265625
2 0.4421875 0.59296875 0.021875 0.1140625
2 0.42265625 0.62109375 0.0234375 0.115625
2 0.3609375 0.50234375 0.02734375 0.09140625
2 0.36015625 0.5578125 0.02421875 0.10546875
2 0.34609375 0.58203125 0.03515625 0.10546875
2 0.315625 0.64140625 0.034375 0.11796875
2 0.2859375 0.48671875 0.01484375 0.0890625
2 0.29375 0.559375 0.021875 0.1140625
2 0.23359375 0.60625 0.03125 0.08515625
2 0.1703125 0.5546875 0.0234375 0.1
1 0.178125 0.528125 0.01875 0.1078125
0 0.39609375 0.39140625 0.01015625 0.0171875