0 0.6015625 0.3921875 0.009375 0.02109375
3 0.20078125 0.46640625 0.0140625 0.10859375
2 0.046875 0.6234375 0.02734375 0.1015625
2 0.265625 0.615625 0.02578125 0.12265625
2 0.215625 0.76875 0.034375 0.13515625
2 0.37265625 0.68046875 0.02890625 0.13046875
2 0.3921875 0.65390625 0.01796875 0.115625
2 0.4609375 0.578125 0.0171875 0.10078125
2 0.5203125 0.52109375 0.021875 0.1
2 0.56015625 0.6421875 0.021875 0.11796875
2 0.55 0.64375 0.01796875 0.08515625
2 0.5890625 0.59765625 0.01640625 0.11484375
2 0.65234375 0.5203125 0.021875 0.11484375
2 0.6828125 0.64140625 0.03046875 0.11953125
2 0.6875 0.5609375 0.02890625 0.0796875
2 0.709375 0.49140625 0.015625 0.09765625
2 0.71640625 0.5609375 0.025 0.11484375
2 0.7703125 0.58671875 0.02265625 0.11640625
2 0.8203125 0.59375 0.02265625 0.1046875
2 0.8265625 0.553125 0.01953125 0.096875
1 0.82578125 0.49921875 0.01171875 0.0453125
2 0.5875 0.3828125 0.0171875 0.0875