0 0.3984375 0.3921875 0.009375 0.02109375
3 0.79921875 0.46640625 0.0140625 0.10859375
2 0.953125 0.6234375 0.02734375 0.1015625
2 0.734375 0.615625 0.02578125 0.12265625
2 0.784375 0.76875 0.034375 0.13515625
2 0.62734375 0.68046875 0.02890625 0.13046875
2 0.6078125 0.65390625 0.01796875 0.115625
2 0.5390625 0.578125 0.0171875 0.10078125
2 0.4796875 0.52109375 0.021875 0.1
2 0.43984375 0.6421875 0.021875 0.11796875
2 0.45 0.64375 0.01796875 0.08515625
2 0.4109375 0.59765625 0.01640625 0.11484375
2 0.34765625 0.5203125 0.021875 0.11484375
2 0.3171875 0.64140625 0.03046875 0.11953125
2 0.3125 0.5609375 0.02890625 0.0796875
2 0.290625 0.49140625 0.015625 0.09765625
2 0.28359375 0.5609375 0.025 0.11484375
2 0.2296875 0.58671875 0.02265625 0.11640625
2 0.1796875 0.59375 0.02265625 0.1046875
2 0.1734375 0.553125 0.01953125 0.096875
1 0.17421875 0.49921875 0.01171875 0.0453125
2 0.4125 0.3828125 0.0171875 0.0875