2 0.046875 0.63671875 0.034375 0.08046875
2 0.215625 0.76875 0.03125 0.13203125
2 0.3375 0.6078125 0.03359375 0.11875
2 0.428125 0.66875 0.01875 0.1296875
2 0.4578125 0.66171875 0.0359375 0.11875
2 0.46484375 0.58359375 0.02265625 0.11015625
2 0.528125 0.525 0.0234375 0.1015625
2 0.54921875 0.64296875 0.02109375 0.08515625
2 0.5640625 0.65 0.0203125 0.1203125
2 0.59609375 0.60703125 0.025 0.10546875
2 0.68125 0.6421875 0.03125 0.1203125
3 0.196875 0.46484375 0.01640625 0.10546875
2 0.60078125 0.35390625 0.01796875 0.0828125
0 0.59296875 0.38203125 0.00859375 0.01640625
2 0.65546875 0.5203125 0.01484375 0.11328125
2 0.70078125 0.49140625 0.01640625 0.09765625
2 0.6875 0.56171875 0.03046875 0.08203125
2 0.7140625 0.56015625 0.02890625 0.11640625
2 0.759375 0.5921875 0.02109375 0.115625
2 0.834375 0.60703125 0.028125 0.10859375
2 0.825 0.5546875 0.02265625 0.09609375
1 0.825 0.49765625 0.0140625 0.04375