2 0.2140625 0.76875 0.03203125 0.134375
2 0.0421875 0.615625 0.01953125 0.11796875
3 0.19609375 0.46328125 0.0171875 0.10078125
2 0.396875 0.59765625 0.03046875 0.11796875
2 0.46171875 0.66328125 0.0296875 0.13046875
2 0.47578125 0.5828125 0.015625 0.09921875
2 0.5046875 0.65859375 0.021875 0.12109375
2 0.5484375 0.64375 0.02265625 0.0890625
2 0.56171875 0.65 0.02421875 0.1171875
2 0.52421875 0.52734375 0.01875 0.10234375
2 0.5890625 0.6109375 0.0234375 0.1125
2 0.6765625 0.6296875 0.03046875 0.121875
2 0.56953125 0.3359375 0.01796875 0.084375
0 0.54453125 0.36484375 0.0109375 0.01796875
2 0.66015625 0.521875 0.0203125 0.11171875
2 0.68359375 0.48984375 0.0203125 0.08984375
2 0.6875 0.5625 0.02734375 0.08203125
2 0.71171875 0.56015625 0.0265625 0.1125
2 0.74765625 0.59453125 0.025 0.11015625
2 0.8265625 0.61484375 0.02109375 0.11015625
2 0.8234375 0.546875 0.02109375 0.0890625
1 0.81875 0.49921875 0.01875 0.04296875