2 0.03671875 0.61796875 0.01875 0.11484375
2 0.21328125 0.7703125 0.03046875 0.13203125
2 0.453125 0.59296875 0.0359375 0.11484375
2 0.4859375 0.578125 0.0203125 0.084375
2 0.484375 0.65546875 0.02890625 0.12890625
2 0.52734375 0.6546875 0.0296875 0.1234375
2 0.521875 0.52734375 0.01875 0.109375
2 0.52890625 0.32265625 0.0171875 0.07890625
2 0.55 0.6421875 0.025 0.08046875
2 0.5625 0.65078125 0.0234375 0.121875
2 0.58984375 0.61484375 0.01796875 0.1171875
2 0.6828125 0.61484375 0.02890625 0.12109375
2 0.6640625 0.51953125 0.01875 0.11484375
3 0.1953125 0.4640625 0.015625 0.10390625
0 0.51484375 0.35625 0.01015625 0.0171875
2 0.68828125 0.48984375 0.015625 0.08125
2 0.68515625 0.559375 0.02421875 0.078125
2 0.70234375 0.56171875 0.02265625 0.1109375
2 0.75078125 0.5921875 0.02421875 0.11796875
2 0.81328125 0.61796875 0.015625 0.11171875
2 0.82265625 0.55 0.02265625 0.09765625
1 0.80625 0.53046875 0.0265625 0.10625