2 0.196875 0.54765625 0.02109375 0.1125
2 0.9046875 0.72265625 0.02890625 0.13984375
2 0.871875 0.928125 0.05078125 0.14375
2 0.521875 0.89609375 0.040625 0.15625
2 0.2859375 0.7625 0.0328125 0.140625
2 0.87734375 0.44765625 0.03203125 0.11328125
2 0.65703125 0.22109375 0.028125 0.07734375
2 0.5953125 0.4328125 0.025 0.090625
0 0.56171875 0.2296875 0.01171875 0.0203125
3 0.296875 0.58125 0.02421875 0.121875
2 0.10234375 0.31015625 0.02109375 0.0859375
2 0.04140625 0.26640625 0.0140625 0.08203125