2 0.803125 0.54765625 0.02109375 0.1125
2 0.0953125 0.72265625 0.02890625 0.13984375
2 0.128125 0.928125 0.05078125 0.14375
2 0.478125 0.89609375 0.040625 0.15625
2 0.7140625 0.7625 0.0328125 0.140625
2 0.12265625 0.44765625 0.03203125 0.11328125
2 0.34296875 0.22109375 0.028125 0.07734375
2 0.4046875 0.4328125 0.025 0.090625
0 0.43828125 0.2296875 0.01171875 0.0203125
3 0.703125 0.58125 0.02421875 0.121875
2 0.89765625 0.31015625 0.02109375 0.0859375
2 0.95859375 0.26640625 0.0140625 0.08203125