3 0.78046875 0.36171875 0.00859375 0.0359375
1 0.0875 0.44140625 0.0140625 0.04296875
2 0.43828125 0.4265625 0.01171875 0.0390625
2 0.74453125 0.41796875 0.00859375 0.040625
2 0.30703125 0.46640625 0.01171875 0.04609375
2 0.78046875 0.63671875 0.01953125 0.0640625
2 0.08828125 0.58828125 0.02578125 0.06640625
2 0.6453125 0.403125 0.009375 0.03828125
2 0.45234375 0.45390625 0.01328125 0.0453125
2 0.540625 0.56640625 0.0171875 0.059375
2 0.76875 0.5015625 0.01875 0.0515625
3 0.5078125 0.48046875 0.01640625 0.04921875
2 0.33359375 0.48671875 0.01171875 0.0546875
2 0.16484375 0.63515625 0.015625 0.06484375
2 0.19375 0.66484375 0.0171875 0.07421875
2 0.41328125 0.5640625 0.01796875 0.06015625
2 0.67265625 0.496875 0.015625 0.046875
2 0.7640625 0.64453125 0.02109375 0.0640625
2 0.11328125 0.553125 0.015625 0.059375
2 0.47734375 0.6875 0.01875 0.07890625
2 0.65546875 0.64296875 0.01875 0.0734375
2 0.696875 0.56328125 0.0203125 0.06015625
0 0.89765625 0.5921875 0.01328125 0.02265625
2 0.4109375 0.54296875 0.0171875 0.0625