3 0.8046875 0.46484375 0.01640625 0.10078125
2 0.96328125 0.621875 0.01953125 0.1140625
2 0.7875 0.7703125 0.03203125 0.13515625
2 0.496875 0.315625 0.015625 0.08046875
0 0.53828125 0.34765625 0.009375 0.01640625
2 0.47578125 0.5265625 0.01875 0.10078125
2 0.51640625 0.58671875 0.0109375 0.1
2 0.5078125 0.56875 0.0125 0.07734375
2 0.5046875 0.65 0.02734375 0.12578125
2 0.4640625 0.6515625 0.025 0.121875
2 0.4484375 0.640625 0.01953125 0.0859375
2 0.4375 0.6515625 0.0203125 0.11953125
2 0.4125 0.6234375 0.0328125 0.08984375
2 0.31328125 0.6078125 0.0234375 0.11796875
2 0.3359375 0.52421875 0.015625 0.1078125
2 0.31328125 0.48203125 0.01953125 0.06953125
2 0.315625 0.534375 0.01875 0.05546875
2 0.3015625 0.56171875 0.015625 0.115625
2 0.25078125 0.59296875 0.01953125 0.115625
2 0.19296875 0.61640625 0.01640625 0.11328125
2 0.178125 0.55234375 0.02265625 0.1015625
1 0.20234375 0.53125 0.025 0.11328125