2 0.2125 0.76796875 0.03203125 0.13359375
2 0.0359375 0.6203125 0.0203125 0.11328125
3 0.19453125 0.46328125 0.0140625 0.1015625
1 0.7921875 0.5328125 0.0375 0.1078125
2 0.475 0.31171875 0.01796875 0.0796875
0 0.4203125 0.33984375 0.00859375 0.01796875
2 0.48046875 0.58671875 0.01953125 0.1046875
2 0.52734375 0.52421875 0.021875 0.1015625
2 0.5328125 0.584375 0.02734375 0.1140625
2 0.50546875 0.64296875 0.02890625 0.1234375
2 0.5390625 0.6515625 0.0265625 0.12109375
2 0.5515625 0.64296875 0.0171875 0.08671875
2 0.5625 0.653125 0.02265625 0.11640625
2 0.58828125 0.628125 0.034375 0.08359375
2 0.6671875 0.5234375 0.02265625 0.11328125
2 0.69609375 0.48125 0.0203125 0.0703125
2 0.6890625 0.528125 0.01328125 0.06171875
2 0.70078125 0.56015625 0.0171875 0.1140625
2 0.6953125 0.6 0.025 0.1140625
2 0.74609375 0.59296875 0.01875 0.11484375
2 0.80546875 0.61875 0.015625 0.11328125
2 0.821875 0.55078125 0.0234375 0.10078125