2 0.21171875 0.76796875 0.03203125 0.13125
2 0.03671875 0.6203125 0.02109375 0.11015625
3 0.19453125 0.4640625 0.01328125 0.1
0 0.39140625 0.33359375 0.00859375 0.015625
2 0.4578125 0.309375 0.0203125 0.0765625
2 0.4734375 0.58671875 0.02109375 0.1015625
2 0.525 0.52421875 0.0265625 0.1
2 0.51171875 0.6390625 0.0296875 0.1265625
2 0.56015625 0.57421875 0.03515625 0.109375
2 0.5375 0.6484375 0.0203125 0.1171875
2 0.55390625 0.63203125 0.021875 0.1078125
2 0.5625 0.65 0.021875 0.11640625
2 0.5875 0.62890625 0.03359375 0.08359375
2 0.66328125 0.521875 0.01796875 0.1125
2 0.69921875 0.4984375 0.01953125 0.1015625
2 0.69296875 0.5484375 0.0109375 0.1078125
2 0.69921875 0.53359375 0.0171875 0.0609375
2 0.70234375 0.5921875 0.021875 0.1109375
2 0.7453125 0.58984375 0.02265625 0.1171875
2 0.8046875 0.62109375 0.015625 0.1125
2 0.82109375 0.55234375 0.0234375 0.1
1 0.7921875 0.534375 0.03984375 0.11015625