2 0.78828125 0.76796875 0.03203125 0.13125
2 0.96328125 0.6203125 0.02109375 0.11015625
3 0.80546875 0.4640625 0.01328125 0.1
0 0.60859375 0.33359375 0.00859375 0.015625
2 0.5421875 0.309375 0.0203125 0.0765625
2 0.5265625 0.58671875 0.02109375 0.1015625
2 0.475 0.52421875 0.0265625 0.1
2 0.48828125 0.6390625 0.0296875 0.1265625
2 0.43984375 0.57421875 0.03515625 0.109375
2 0.4625 0.6484375 0.0203125 0.1171875
2 0.44609375 0.63203125 0.021875 0.1078125
2 0.4375 0.65 0.021875 0.11640625
2 0.4125 0.62890625 0.03359375 0.08359375
2 0.33671875 0.521875 0.01796875 0.1125
2 0.30078125 0.4984375 0.01953125 0.1015625
2 0.30703125 0.5484375 0.0109375 0.1078125
2 0.30078125 0.53359375 0.0171875 0.0609375
2 0.29765625 0.5921875 0.021875 0.1109375
2 0.2546875 0.58984375 0.02265625 0.1171875
2 0.1953125 0.62109375 0.015625 0.1125
2 0.17890625 0.55234375 0.0234375 0.1
1 0.2078125 0.534375 0.03984375 0.11015625