2 0.7875 0.76953125 0.03203125 0.13515625
2 0.9640625 0.62265625 0.01796875 0.1140625
3 0.80703125 0.4640625 0.01484375 0.1
0 0.6421875 0.328125 0.009375 0.01796875
2 0.5703125 0.30546875 0.0125 0.0796875
1 0.2 0.53203125 0.028125 0.1171875
2 0.1859375 0.55234375 0.01953125 0.09765625
2 0.19453125 0.61953125 0.0171875 0.1171875
2 0.54296875 0.5890625 0.0140625 0.10234375
2 0.475 0.52265625 0.021875 0.10078125
2 0.48203125 0.634375 0.0296875 0.12109375
2 0.46015625 0.64140625 0.0203125 0.121875
2 0.43828125 0.65234375 0.01875 0.11796875
2 0.434375 0.6125 0.015625 0.09765625
2 0.41015625 0.621875 0.028125 0.09765625
2 0.39609375 0.56640625 0.02421875 0.1140625
2 0.34296875 0.525 0.015625 0.11484375
2 0.284375 0.496875 0.01484375 0.0921875
2 0.26171875 0.58671875 0.0265625 0.11484375
2 0.2859375 0.578125 0.02109375 0.1109375
2 0.303125 0.56171875 0.01640625 0.11171875
2 0.30390625 0.546875 0.0171875 0.10390625