2 0.2125 0.76953125 0.03203125 0.13515625
2 0.0359375 0.62265625 0.01796875 0.1140625
3 0.19296875 0.4640625 0.01484375 0.1
0 0.3578125 0.328125 0.009375 0.01796875
2 0.4296875 0.30546875 0.0125 0.0796875
1 0.8 0.53203125 0.028125 0.1171875
2 0.8140625 0.55234375 0.01953125 0.09765625
2 0.80546875 0.61953125 0.0171875 0.1171875
2 0.45703125 0.5890625 0.0140625 0.10234375
2 0.525 0.52265625 0.021875 0.10078125
2 0.51796875 0.634375 0.0296875 0.12109375
2 0.53984375 0.64140625 0.0203125 0.121875
2 0.56171875 0.65234375 0.01875 0.11796875
2 0.565625 0.6125 0.015625 0.09765625
2 0.58984375 0.621875 0.028125 0.09765625
2 0.60390625 0.56640625 0.02421875 0.1140625
2 0.65703125 0.525 0.015625 0.11484375
2 0.715625 0.496875 0.01484375 0.0921875
2 0.73828125 0.58671875 0.0265625 0.11484375
2 0.7140625 0.578125 0.02109375 0.1109375
2 0.696875 0.56171875 0.01640625 0.11171875
2 0.69609375 0.546875 0.0171875 0.10390625