2 0.21640625 0.7671875 0.03359375 0.13515625
2 0.04140625 0.61640625 0.021875 0.1234375
3 0.196875 0.465625 0.015625 0.10078125
2 0.44453125 0.59375 0.01875 0.10078125
0 0.3421875 0.325 0.00703125 0.01484375
2 0.40859375 0.303125 0.02109375 0.078125
2 0.52890625 0.521875 0.025 0.09921875
2 0.52734375 0.63046875 0.02578125 0.121875
2 0.54609375 0.63828125 0.01953125 0.11796875
2 0.5640625 0.65703125 0.02109375 0.11953125
2 0.590625 0.61796875 0.0234375 0.13046875
2 0.60625 0.61640625 0.0171875 0.11015625
2 0.64140625 0.55625 0.02421875 0.109375
2 0.6640625 0.52265625 0.01875 0.11328125
2 0.72109375 0.50390625 0.015625 0.09765625
2 0.70078125 0.56171875 0.01484375 0.1140625
2 0.7046875 0.55 0.01484375 0.10546875
2 0.73359375 0.56953125 0.02265625 0.11015625
2 0.74296875 0.5875 0.01796875 0.11484375
2 0.80703125 0.61875 0.0171875 0.1140625
2 0.81328125 0.5484375 0.01953125 0.08359375
1 0.8109375 0.53359375 0.02578125 0.1171875