2 0.775 0.753125 0.0359375 0.13515625
2 0.909375 0.59140625 0.0265625 0.10859375
3 0.8078125 0.4671875 0.01328125 0.10234375
0 0.6890625 0.32421875 0.00703125 0.01328125
2 0.6734375 0.29453125 0.01875 0.07265625
2 0.565625 0.59921875 0.02109375 0.103125
2 0.48671875 0.52109375 0.01640625 0.09921875
2 0.4921875 0.6265625 0.02890625 0.121875
2 0.47578125 0.63125 0.02109375 0.11953125
2 0.440625 0.65625 0.0265625 0.12109375
2 0.428125 0.63984375 0.0171875 0.0828125
2 0.41640625 0.62265625 0.015625 0.1125
2 0.35625 0.52578125 0.02265625 0.1078125
2 0.315625 0.5609375 0.01640625 0.109375
2 0.296875 0.5015625 0.015625 0.09609375
2 0.2828125 0.52421875 0.01953125 0.10390625
2 0.271875 0.53359375 0.02265625 0.10078125
2 0.26796875 0.58984375 0.01484375 0.11484375
2 0.2484375 0.53828125 0.021875 0.1078125
2 0.21640625 0.55625 0.01796875 0.09765625
2 0.21328125 0.6171875 0.01484375 0.1109375
1 0.2015625 0.5359375 0.015625 0.1109375