2 0.240625 0.7453125 0.01875 0.1328125
2 0.11171875 0.57890625 0.0265625 0.10390625
3 0.19140625 0.46640625 0.01171875 0.096875
2 0.290625 0.2984375 0.0171875 0.06953125
0 0.290625 0.3265625 0.00703125 0.01484375
2 0.428125 0.59609375 0.01796875 0.1
2 0.51796875 0.51875 0.03203125 0.0953125
2 0.64140625 0.52265625 0.0171875 0.11015625
2 0.70390625 0.503125 0.01796875 0.0953125
2 0.67578125 0.55859375 0.01640625 0.109375
2 0.72265625 0.5859375 0.015625 0.11640625
2 0.7828125 0.61328125 0.01875 0.11015625
2 0.578125 0.61796875 0.0140625 0.11640625
2 0.5640625 0.628125 0.01953125 0.10703125
2 0.55546875 0.65078125 0.025 0.11328125
2 0.51875 0.62890625 0.02265625 0.11484375
2 0.503125 0.625 0.02734375 0.11953125
2 0.73828125 0.48125 0.01953125 0.02734375
2 0.734375 0.52734375 0.01640625 0.096875
2 0.7421875 0.53203125 0.01953125 0.10234375
2 0.7734375 0.55390625 0.0171875 0.09375
1 0.78125 0.52890625 0.01328125 0.10390625