2 0.759375 0.7453125 0.01875 0.1328125
2 0.88828125 0.57890625 0.0265625 0.10390625
3 0.80859375 0.46640625 0.01171875 0.096875
2 0.709375 0.2984375 0.0171875 0.06953125
0 0.709375 0.3265625 0.00703125 0.01484375
2 0.571875 0.59609375 0.01796875 0.1
2 0.48203125 0.51875 0.03203125 0.0953125
2 0.35859375 0.52265625 0.0171875 0.11015625
2 0.29609375 0.503125 0.01796875 0.0953125
2 0.32421875 0.55859375 0.01640625 0.109375
2 0.27734375 0.5859375 0.015625 0.11640625
2 0.2171875 0.61328125 0.01875 0.11015625
2 0.421875 0.61796875 0.0140625 0.11640625
2 0.4359375 0.628125 0.01953125 0.10703125
2 0.44453125 0.65078125 0.025 0.11328125
2 0.48125 0.62890625 0.02265625 0.11484375
2 0.496875 0.625 0.02734375 0.11953125
2 0.26171875 0.48125 0.01953125 0.02734375
2 0.265625 0.52734375 0.01640625 0.096875
2 0.2578125 0.53203125 0.01953125 0.10234375
2 0.2265625 0.55390625 0.0171875 0.09375
1 0.21875 0.52890625 0.01328125 0.10390625