2 0.14609375 0.971875 0.0328125 0.05625
2 0.47890625 0.94609375 0.03671875 0.10703125
2 0.7171875 0.83984375 0.0328125 0.15
2 0.07109375 0.52109375 0.0296875 0.11875
2 0.35 0.2953125 0.02109375 0.07265625
2 0.39375 0.45546875 0.02265625 0.09296875
0 0.36484375 0.32734375 0.009375 0.015625
3 0.64453125 0.621875 0.02421875 0.1140625
2 0.74453125 0.58203125 0.02421875 0.10859375
2 0.80234375 0.3578125 0.02734375 0.08046875
2 0.84375 0.30859375 0.0140625 0.0875
2 0.92890625 0.4140625 0.01875 0.10625