2 0.25546875 0.73359375 0.02578125 0.12109375
2 0.096875 0.57578125 0.02421875 0.10546875
3 0.18984375 0.465625 0.01328125 0.10078125
2 0.28359375 0.29609375 0.0203125 0.07109375
2 0.41484375 0.59296875 0.0171875 0.103125
0 0.29296875 0.32734375 0.00546875 0.0125
2 0.51328125 0.51875 0.0171875 0.0953125
2 0.50078125 0.62265625 0.021875 0.11953125
2 0.5109375 0.62734375 0.0234375 0.11484375
2 0.55 0.65078125 0.0265625 0.11484375
2 0.55859375 0.6171875 0.01796875 0.11640625
2 0.57265625 0.61875 0.0171875 0.1109375
2 0.63515625 0.5234375 0.025 0.103125
2 0.671875 0.5578125 0.01484375 0.10859375
2 0.71875 0.58359375 0.01328125 0.11015625
2 0.78203125 0.6125 0.02578125 0.11015625
1 0.77734375 0.521875 0.015625 0.08984375
2 0.7703125 0.5515625 0.01328125 0.09375
2 0.74375 0.5296875 0.0234375 0.103125
2 0.725 0.52578125 0.02265625 0.09453125
2 0.70703125 0.5046875 0.01875 0.090625
2 0.72734375 0.48203125 0.01796875 0.0296875