2 0.25703125 0.7359375 0.02421875 0.12890625
2 0.08828125 0.5765625 0.02265625 0.11171875
3 0.18984375 0.46796875 0.015625 0.09375
2 0.259375 0.296875 0.02109375 0.07265625
0 0.29140625 0.32890625 0.00703125 0.01328125
2 0.4046875 0.58828125 0.0203125 0.0984375
2 0.51640625 0.51953125 0.0171875 0.09921875
2 0.503125 0.62265625 0.0203125 0.11875
2 0.5078125 0.62578125 0.02734375 0.1140625
2 0.5515625 0.6609375 0.02109375 0.11796875
2 0.5578125 0.61875 0.01953125 0.11171875
2 0.5671875 0.61640625 0.01640625 0.1109375
2 0.6390625 0.521875 0.0171875 0.10703125
2 0.6703125 0.55625 0.01953125 0.11171875
2 0.70078125 0.50546875 0.01484375 0.09140625
2 0.7125 0.52265625 0.0109375 0.10625
2 0.7203125 0.51015625 0.0125 0.05625
2 0.7328125 0.5296875 0.01875 0.09921875
2 0.721875 0.58515625 0.02109375 0.11171875
1 0.77421875 0.51875 0.0125 0.08203125
2 0.76875 0.553125 0.01640625 0.09609375
2 0.78046875 0.61328125 0.0234375 0.109375