2 0.74609375 0.73671875 0.021875 0.12578125
2 0.915625 0.5734375 0.0171875 0.10703125
3 0.815625 0.4765625 0.02109375 0.0921875
2 0.75859375 0.29453125 0.0171875 0.07265625
0 0.71015625 0.3265625 0.00859375 0.01484375
2 0.6046875 0.58671875 0.015625 0.10078125
2 0.48359375 0.51875 0.01796875 0.09296875
2 0.50078125 0.62421875 0.01953125 0.103125
2 0.48671875 0.6265625 0.02265625 0.11796875
2 0.44921875 0.66875 0.0203125 0.11796875
2 0.44609375 0.615625 0.02109375 0.10390625
2 0.43515625 0.62265625 0.01796875 0.109375
2 0.3671875 0.52109375 0.02265625 0.1046875
2 0.334375 0.55546875 0.015625 0.1125
2 0.3015625 0.50390625 0.01328125 0.09453125
2 0.2921875 0.521875 0.02109375 0.10703125
2 0.28359375 0.5171875 0.01796875 0.078125
2 0.28046875 0.58515625 0.01953125 0.109375
2 0.26875 0.5296875 0.01796875 0.10390625
2 0.23828125 0.5515625 0.0171875 0.09453125
2 0.22421875 0.6109375 0.025 0.10703125
1 0.234375 0.52109375 0.01640625 0.08671875