2 0.24921875 0.73359375 0.02265625 0.128125
2 0.08125 0.57421875 0.01953125 0.11015625
3 0.18671875 0.51015625 0.01953125 0.09609375
2 0.275 0.3046875 0.02890625 0.0625
0 0.29609375 0.32109375 0.01015625 0.015625
2 0.3578125 0.5765625 0.0203125 0.09921875
2 0.49921875 0.6109375 0.03203125 0.10703125
2 0.51640625 0.50625 0.0265625 0.09609375
2 0.55234375 0.6640625 0.03046875 0.046875
2 0.571875 0.68828125 0.028125 0.115625
2 0.6109375 0.625 0.040625 0.0984375
2 0.6296875 0.640625 0.04140625 0.109375
2 0.62109375 0.51875 0.03671875 0.10234375
2 0.65234375 0.5546875 0.02578125 0.1046875
2 0.66640625 0.52109375 0.03046875 0.09375
2 0.684375 0.50234375 0.03046875 0.08203125
2 0.70390625 0.50625 0.01015625 0.06328125
2 0.71171875 0.52890625 0.01953125 0.103125
2 0.71484375 0.5828125 0.01875 0.1109375
2 0.75078125 0.55546875 0.02109375 0.08984375
2 0.76953125 0.61015625 0.0234375 0.10625
1 0.75546875 0.534375 0.0140625 0.11171875