2 0.60078125 0.80078125 0.05546875 0.19375
1 0.53671875 0.384375 0.03359375 0.178125
2 0.4546875 0.540625 0.0375 0.1609375
2 0.4015625 0.484375 0.03203125 0.16953125
2 0.29765625 0.72890625 0.04921875 0.065625
2 0.0828125 0.68671875 0.04609375 0.20234375
2 0.1453125 0.37265625 0.0265625 0.08125
2 0.21328125 0.58125 0.05703125 0.17109375
2 0.225 0.43828125 0.046875 0.16328125
2 0.29609375 0.409375 0.03125 0.1484375
2 0.28828125 0.440625 0.04296875 0.16875
2 0.33046875 0.48046875 0.03125 0.0734375
2 0.33046875 0.54765625 0.03515625 0.17109375
2 0.33984375 0.5703125 0.05546875 0.15859375