2 0.64140625 0.25625 0.00703125 0.0265625
2 0.65390625 0.265625 0.0078125 0.02890625
2 0.5515625 0.31953125 0.00703125 0.0359375
2 0.546875 0.4734375 0.0109375 0.0453125
2 0.70625 0.315625 0.00703125 0.03359375
2 0.72421875 0.39140625 0.00859375 0.04296875
2 0.54765625 0.3609375 0.009375 0.03671875
1 0.18828125 0.321875 0.009375 0.03828125
2 0.67109375 0.28671875 0.00859375 0.03046875
2 0.1984375 0.37578125 0.00859375 0.0390625
2 0.4078125 0.303125 0.0078125 0.0359375
2 0.7171875 0.353125 0.00859375 0.03671875
2 0.3484375 0.265625 0.00703125 0.03125
2 0.71875 0.46796875 0.009375 0.04375
2 0.65703125 0.4140625 0.00859375 0.04453125
1 0.97734375 0.3890625 0.01484375 0.04296875
2 0.44296875 0.334375 0.00859375 0.034375
2 0.1640625 0.609375 0.01640625 0.0609375
3 0.6078125 0.365625 0.0078125 0.040625
2 0.69765625 0.63203125 0.015625 0.059375
2 0.36875 0.3703125 0.00703125 0.040625
0 0.2078125 0.39140625 0.0046875 0.01015625
2 0.496875 0.234375 0.00703125 0.02734375
2 0.56015625 0.2609375 0.00703125 0.0328125
3 0.6828125 0.23828125 0.0078125 0.02890625