1 0.23046875 0.31171875 0.01015625 0.0296875
1 0.99375 0.403125 0.01171875 0.040625
2 0.71796875 0.365625 0.0078125 0.03828125
2 0.57109375 0.3171875 0.00625 0.0328125
2 0.6890625 0.2921875 0.00546875 0.02890625
2 0.7265625 0.3984375 0.00859375 0.04140625
2 0.54375 0.26953125 0.00703125 0.028125
2 0.4125 0.31484375 0.00703125 0.03515625
2 0.6765625 0.29375 0.00546875 0.0296875
2 0.74296875 0.5109375 0.00859375 0.0484375
2 0.3203125 0.26328125 0.0078125 0.02890625
2 0.4546875 0.37734375 0.00859375 0.03828125
2 0.18125 0.40078125 0.0140625 0.03984375
2 0.30390625 0.3609375 0.00859375 0.03828125
2 0.378125 0.38125 0.00859375 0.0390625
2 0.6703125 0.46640625 0.01171875 0.0484375
3 0.61796875 0.375 0.0078125 0.0390625
2 0.71640625 0.66328125 0.01484375 0.05625
2 0.3703125 0.61015625 0.01875 0.059375
2 0.4765625 0.5078125 0.01171875 0.05078125
3 0.69609375 0.2453125 0.01015625 0.03515625
2 0.715625 0.35078125 0.00703125 0.03828125
2 0.4515625 0.2359375 0.0078125 0.0296875
2 0.56875 0.3015625 0.0078125 0.034375
0 0.2375 0.32421875 0.00390625 0.00859375