0 0.30859375 0.34453125 0.009375 0.01875
3 0.45625 0.5625 0.0265625 0.1234375
2 0.409375 0.56953125 0.02734375 0.1125
2 0.39453125 0.565625 0.0203125 0.13828125
2 0.44453125 0.46953125 0.01875 0.10234375
2 0.65546875 0.43046875 0.025 0.11875
2 0.68828125 0.42109375 0.01875 0.109375
2 0.703125 0.51328125 0.03125 0.11328125
2 0.79296875 0.5390625 0.03125 0.121875
2 0.7078125 0.84375 0.03046875 0.15546875
1 0.30625 0.34453125 0.0265625 0.10390625
2 0.9765625 0.56796875 0.02578125 0.1171875
2 0.9953125 0.378125 0.009375 0.1