0 0.69140625 0.34453125 0.009375 0.01875
3 0.54375 0.5625 0.0265625 0.1234375
2 0.590625 0.56953125 0.02734375 0.1125
2 0.60546875 0.565625 0.0203125 0.13828125
2 0.55546875 0.46953125 0.01875 0.10234375
2 0.34453125 0.43046875 0.025 0.11875
2 0.31171875 0.42109375 0.01875 0.109375
2 0.296875 0.51328125 0.03125 0.11328125
2 0.20703125 0.5390625 0.03125 0.121875
2 0.2921875 0.84375 0.03046875 0.15546875
1 0.69375 0.34453125 0.0265625 0.10390625
2 0.0234375 0.56796875 0.02578125 0.1171875
2 0.0046875 0.378125 0.009375 0.1