2 0.009375 0.62890625 0.01875 0.13359375
2 0.215625 0.34765625 0.02265625 0.10234375
2 0.465625 0.421875 0.01875 0.096875
2 0.4703125 0.215625 0.0203125 0.075
2 0.625 0.31484375 0.01640625 0.0796875
2 0.728125 0.4 0.01953125 0.08671875
2 0.70546875 0.57734375 0.02578125 0.1203125
2 0.7046875 0.7375 0.028125 0.13203125
2 0.95 0.43203125 0.0203125 0.0921875
2 0.946875 0.6484375 0.028125 0.12890625
2 0.98515625 0.21484375 0.025 0.07109375
3 0.3578125 0.17734375 0.0234375 0.0671875
0 0.4734375 0.2546875 0.0078125 0.0140625