2 0.00703125 0.659375 0.0140625 0.11875
2 0.19296875 0.3578125 0.025 0.09765625
2 0.46875 0.2375 0.01953125 0.0703125
2 0.4453125 0.425 0.021875 0.1015625
2 0.58359375 0.3109375 0.02734375 0.07890625
2 0.77109375 0.3921875 0.01796875 0.08671875
2 0.75546875 0.58984375 0.028125 0.13359375
2 0.7296875 0.76328125 0.03203125 0.13359375
2 0.953125 0.23515625 0.01796875 0.06953125
2 0.99609375 0.2890625 0.00703125 0.078125
2 0.9390625 0.4234375 0.02265625 0.09296875
2 0.96875 0.6578125 0.02734375 0.121875
3 0.33671875 0.196875 0.021875 0.0703125
0 0.48359375 0.27421875 0.00859375 0.01875