2 0.6921875 0.9796875 0.028125 0.040625
2 0.0203125 0.93515625 0.040625 0.1296875
2 0.4546875 0.86328125 0.03515625 0.1546875
2 0.275 0.3875 0.021875 0.1046875
2 0.44140625 0.38046875 0.03515625 0.08984375
2 0.4640625 0.3859375 0.0328125 0.0984375
2 0.5 0.29453125 0.03046875 0.08203125
2 0.56484375 0.31640625 0.0265625 0.0828125
0 0.4984375 0.3296875 0.01015625 0.01953125
2 0.60703125 0.4984375 0.04453125 0.10078125
2 0.621875 0.74765625 0.03359375 0.15546875
2 0.98984375 0.57890625 0.01953125 0.12578125
3 0.44375 0.54296875 0.02421875 0.1203125