2 0.1765625 0.35234375 0.02265625 0.090625
3 0.31875 0.19765625 0.0203125 0.08046875
2 0.46796875 0.2453125 0.02109375 0.0671875
2 0.42890625 0.42265625 0.02109375 0.10625
2 0.56328125 0.3078125 0.02578125 0.07578125
0 0.48515625 0.278125 0.0078125 0.01640625
2 0.78515625 0.3796875 0.0203125 0.08984375
2 0.928125 0.23984375 0.01640625 0.07265625
2 0.775 0.5875 0.02421875 0.12109375
2 0.72890625 0.7578125 0.028125 0.13359375
2 0.975 0.65546875 0.0296875 0.12734375
2 0.9203125 0.40859375 0.021875 0.08515625
2 0.9875 0.28984375 0.025 0.0796875