2 0.08125 0.23984375 0.0265625 0.0734375
2 0.021875 0.29140625 0.021875 0.0828125
2 0.09140625 0.40234375 0.02265625 0.08984375
2 0.2109375 0.37890625 0.01875 0.09609375
2 0.2171875 0.5859375 0.02421875 0.13125
2 0.02421875 0.65390625 0.0234375 0.12421875
2 0.271875 0.75546875 0.028125 0.13984375
2 0.4390625 0.30234375 0.02265625 0.07890625
2 0.53046875 0.2484375 0.0234375 0.06875
2 0.5796875 0.42109375 0.021875 0.09609375
2 0.83203125 0.35390625 0.0234375 0.09609375
3 0.690625 0.20234375 0.021875 0.07890625
0 0.515625 0.28203125 0.00859375 0.01484375