2 0.95625 0.2875 0.0234375 0.08125
2 0.89453125 0.24453125 0.02109375 0.071875
2 0.8890625 0.390625 0.02109375 0.08046875
2 0.9734375 0.65234375 0.0265625 0.12109375
2 0.79140625 0.36875 0.021875 0.0921875
2 0.79375 0.584375 0.028125 0.128125
2 0.72421875 0.75078125 0.0265625 0.13671875
2 0.5578125 0.29609375 0.02109375 0.0765625
2 0.4734375 0.2515625 0.02109375 0.07421875
2 0.40625 0.41953125 0.01875 0.10390625
3 0.2953125 0.2046875 0.02578125 0.07265625
2 0.1515625 0.35078125 0.02421875 0.09921875
0 0.4828125 0.2875 0.0078125 0.0125