2 0.8578125 0.3515625 0.0171875 0.1
2 0.60546875 0.41796875 0.02109375 0.0921875
2 0.52890625 0.2578125 0.0203125 0.07421875
2 0.44296875 0.2953125 0.0203125 0.07421875
3 0.71640625 0.20546875 0.021875 0.08046875
2 0.28203125 0.74453125 0.02734375 0.1265625
2 0.19453125 0.578125 0.0265625 0.12734375
2 0.2046875 0.3609375 0.02421875 0.0875
2 0.12734375 0.384375 0.01875 0.0890625
2 0.0640625 0.28828125 0.03125 0.08359375
2 0.12109375 0.24765625 0.02109375 0.07109375
2 0.03359375 0.6484375 0.028125 0.1328125
0 0.51953125 0.28984375 0.00859375 0.01484375