2 0.1421875 0.3515625 0.0171875 0.1
2 0.39453125 0.41796875 0.02109375 0.0921875
2 0.47109375 0.2578125 0.0203125 0.07421875
2 0.55703125 0.2953125 0.0203125 0.07421875
3 0.28359375 0.20546875 0.021875 0.08046875
2 0.71796875 0.74453125 0.02734375 0.1265625
2 0.80546875 0.578125 0.0265625 0.12734375
2 0.7953125 0.3609375 0.02421875 0.0875
2 0.87265625 0.384375 0.01875 0.0890625
2 0.9359375 0.28828125 0.03125 0.08359375
2 0.87890625 0.24765625 0.02109375 0.07109375
2 0.96640625 0.6484375 0.028125 0.1328125
0 0.48046875 0.28984375 0.00859375 0.01484375