2 0.88359375 0.34140625 0.0234375 0.09765625
3 0.7515625 0.20859375 0.02578125 0.07578125
2 0.6375 0.409375 0.02109375 0.09921875
2 0.5390625 0.2609375 0.01953125 0.08125
2 0.46875 0.284375 0.03359375 0.07578125
0 0.41796875 0.29375 0.0109375 0.01953125
2 0.2171875 0.3484375 0.02890625 0.084375
2 0.16640625 0.36875 0.02421875 0.08125
2 0.16953125 0.2515625 0.02890625 0.06796875
2 0.11796875 0.284375 0.02578125 0.07890625
2 0.05078125 0.6390625 0.025 0.140625
2 0.1875 0.5671875 0.0265625 0.1234375
2 0.30625 0.73125 0.025 0.125