2 0.11640625 0.34140625 0.0234375 0.09765625
3 0.2484375 0.20859375 0.02578125 0.07578125
2 0.3625 0.409375 0.02109375 0.09921875
2 0.4609375 0.2609375 0.01953125 0.08125
2 0.53125 0.284375 0.03359375 0.07578125
0 0.58203125 0.29375 0.0109375 0.01953125
2 0.7828125 0.3484375 0.02890625 0.084375
2 0.83359375 0.36875 0.02421875 0.08125
2 0.83046875 0.2515625 0.02890625 0.06796875
2 0.88203125 0.284375 0.02578125 0.07890625
2 0.94921875 0.6390625 0.025 0.140625
2 0.8125 0.5671875 0.0265625 0.1234375
2 0.69375 0.73125 0.025 0.125