2 0.04375 0.33203125 0.01875 0.103125
2 0.29453125 0.39921875 0.02109375 0.0984375
2 0.39609375 0.253125 0.0203125 0.08359375
2 0.47734375 0.27578125 0.0296875 0.0640625
2 0.74375 0.24765625 0.0234375 0.06796875
2 0.78203125 0.2625 0.03046875 0.0796875
2 0.76171875 0.34453125 0.02578125 0.08203125
2 0.7359375 0.32890625 0.02578125 0.07890625
2 0.771875 0.553125 0.028125 0.128125
2 0.8828125 0.61875 0.02890625 0.1296875
2 0.6265625 0.7125 0.028125 0.11953125
3 0.9421875 0.4734375 0.0234375 0.1171875
3 0.171875 0.1984375 0.02265625 0.08515625
0 0.6140625 0.2875 0.009375 0.01796875