3 0.0734375 0.2015625 0.021875 0.08515625
3 0.853125 0.45390625 0.021875 0.1078125
2 0.21953125 0.38515625 0.02734375 0.10390625
2 0.296875 0.25390625 0.02109375 0.078125
2 0.4859375 0.26953125 0.02890625 0.059375
2 0.54140625 0.69296875 0.03125 0.12890625
2 0.61328125 0.2734375 0.025 0.0609375
2 0.6359375 0.259375 0.01796875 0.06953125
2 0.70546875 0.3171875 0.02734375 0.0828125
2 0.72734375 0.309375 0.02421875 0.08671875
2 0.73671875 0.53125 0.02421875 0.13203125
2 0.809375 0.59609375 0.02578125 0.1265625
0 0.61484375 0.290625 0.009375 0.01796875