3 0.9265625 0.2015625 0.01875 0.08125
3 0.14765625 0.45390625 0.0203125 0.1078125
0 0.3859375 0.2921875 0.00859375 0.0140625
2 0.7796875 0.38359375 0.0328125 0.1
2 0.70546875 0.25390625 0.028125 0.08046875
2 0.5078125 0.27421875 0.034375 0.06953125
2 0.38828125 0.2703125 0.01953125 0.059375
2 0.36484375 0.26015625 0.01796875 0.078125
2 0.29375 0.3125 0.02890625 0.08125
2 0.2703125 0.31015625 0.025 0.09140625
2 0.2609375 0.5296875 0.02421875 0.12890625
2 0.19296875 0.5953125 0.025 0.128125
2 0.459375 0.69140625 0.03046875 0.1203125