3 0.825 0.44375 0.0234375 0.10859375
3 0.06953125 0.2015625 0.02421875 0.078125
0 0.6078125 0.3 0.009375 0.01953125
2 0.215625 0.37734375 0.021875 0.1
2 0.28828125 0.253125 0.0234375 0.0859375
2 0.515625 0.6796875 0.02890625 0.12734375
2 0.79296875 0.57578125 0.0265625 0.1296875
2 0.74453125 0.515625 0.025 0.13203125
2 0.7625 0.29765625 0.0265625 0.09140625
2 0.70546875 0.3078125 0.025 0.078125
2 0.528125 0.28046875 0.02578125 0.071875
2 0.59453125 0.28671875 0.02578125 0.0578125
2 0.61796875 0.25859375 0.0234375 0.07265625