2 0.7984375 0.371875 0.0203125 0.10078125
2 0.51953125 0.66640625 0.02734375 0.12578125
2 0.25703125 0.5015625 0.0234375 0.12265625
2 0.225 0.5578125 0.02734375 0.1171875
2 0.21015625 0.2890625 0.02578125 0.08671875
2 0.3 0.30546875 0.028125 0.0796875
3 0.2171875 0.43125 0.02890625 0.1109375
2 0.38046875 0.2578125 0.0265625 0.0828125
2 0.41171875 0.2765625 0.0265625 0.07421875
2 0.43515625 0.2703125 0.021875 0.08359375
0 0.396875 0.3046875 0.00859375 0.01875
2 0.7140625 0.25390625 0.0234375 0.084375
3 0.9375 0.20234375 0.0296875 0.08359375