3 0.934375 0.20625 0.0296875 0.08125
3 0.2328125 0.43125 0.0296875 0.10546875
0 0.39921875 0.309375 0.01015625 0.01640625
2 0.80390625 0.375 0.02734375 0.1015625
2 0.53046875 0.6640625 0.034375 0.1265625
2 0.23046875 0.55234375 0.02734375 0.12265625
2 0.2625 0.4984375 0.0328125 0.11953125
2 0.20234375 0.2875 0.02421875 0.08984375
2 0.29375 0.2984375 0.02265625 0.084375
2 0.71015625 0.25234375 0.0234375 0.08515625
2 0.38125 0.26875 0.03515625 0.07890625
2 0.409375 0.27578125 0.02265625 0.07109375
2 0.42421875 0.2734375 0.03984375 0.0796875