2 0.8046875 0.3765625 0.02578125 0.10703125
2 0.70390625 0.253125 0.01953125 0.08359375
2 0.5421875 0.6671875 0.02890625 0.12734375
2 0.23046875 0.54921875 0.02734375 0.125
2 0.2671875 0.49453125 0.034375 0.121875
2 0.290625 0.29296875 0.02421875 0.0828125
2 0.19765625 0.2859375 0.0171875 0.096875
2 0.38125 0.27265625 0.02578125 0.078125
2 0.421875 0.27109375 0.03828125 0.06875
2 0.40546875 0.27890625 0.02265625 0.07265625
3 0.9328125 0.20546875 0.03203125 0.0828125
3 0.24296875 0.42890625 0.02421875 0.1078125
0 0.39296875 0.30859375 0.00703125 0.01484375