2 0.1953125 0.3765625 0.02578125 0.10703125
2 0.29609375 0.253125 0.01953125 0.08359375
2 0.4578125 0.6671875 0.02890625 0.12734375
2 0.76953125 0.54921875 0.02734375 0.125
2 0.7328125 0.49453125 0.034375 0.121875
2 0.709375 0.29296875 0.02421875 0.0828125
2 0.80234375 0.2859375 0.0171875 0.096875
2 0.61875 0.27265625 0.02578125 0.078125
2 0.578125 0.27109375 0.03828125 0.06875
2 0.59453125 0.27890625 0.02265625 0.07265625
3 0.0671875 0.20546875 0.03203125 0.0828125
3 0.75703125 0.42890625 0.02421875 0.1078125
0 0.60703125 0.30859375 0.00703125 0.01484375