3 0.928125 0.20390625 0.03046875 0.0859375
3 0.25 0.42734375 0.0265625 0.1078125
2 0.70078125 0.25390625 0.01953125 0.0875
2 0.80859375 0.37734375 0.028125 0.10625
2 0.55078125 0.66328125 0.02890625 0.128125
2 0.23359375 0.54375 0.0234375 0.1109375
2 0.27109375 0.48984375 0.03125 0.12890625
2 0.28515625 0.29609375 0.02578125 0.07578125
2 0.19453125 0.28359375 0.02109375 0.0875
2 0.38046875 0.275 0.02734375 0.07734375
2 0.41875 0.2734375 0.040625 0.0734375
2 0.40234375 0.28515625 0.0171875 0.06328125
0 0.38671875 0.31015625 0.009375 0.0171875