3 0.071875 0.20390625 0.03046875 0.0859375
3 0.75 0.42734375 0.0265625 0.1078125
2 0.29921875 0.25390625 0.01953125 0.0875
2 0.19140625 0.37734375 0.028125 0.10625
2 0.44921875 0.66328125 0.02890625 0.128125
2 0.76640625 0.54375 0.0234375 0.1109375
2 0.72890625 0.48984375 0.03125 0.12890625
2 0.71484375 0.29609375 0.02578125 0.07578125
2 0.80546875 0.28359375 0.02109375 0.0875
2 0.61953125 0.275 0.02734375 0.07734375
2 0.58125 0.2734375 0.040625 0.0734375
2 0.59765625 0.28515625 0.0171875 0.06328125
0 0.61328125 0.31015625 0.009375 0.0171875