0 0.37421875 0.31484375 0.0109375 0.02109375
3 0.9203125 0.20625 0.02578125 0.0890625
3 0.26875 0.42578125 0.01953125 0.1046875
2 0.8171875 0.378125 0.01796875 0.10546875
2 0.69296875 0.26328125 0.02890625 0.07578125
2 0.56484375 0.6609375 0.034375 0.12265625
2 0.2328125 0.534375 0.02578125 0.1203125
2 0.278125 0.49140625 0.03046875 0.12265625
2 0.184375 0.28984375 0.028125 0.078125
2 0.27890625 0.2984375 0.02734375 0.0703125
2 0.4078125 0.27734375 0.02421875 0.07265625
2 0.3734375 0.27734375 0.02421875 0.07578125
2 0.3890625 0.28671875 0.01875 0.07421875