3 0.0890625 0.209375 0.0265625 0.0796875
3 0.71640625 0.41875 0.0265625 0.1015625
2 0.178125 0.3796875 0.021875 0.10078125
2 0.32265625 0.26328125 0.0203125 0.078125
2 0.4203125 0.65859375 0.0359375 0.13046875
2 0.59296875 0.28125 0.028125 0.0828125
2 0.721875 0.29765625 0.02109375 0.07890625
2 0.81015625 0.28671875 0.0296875 0.07578125
2 0.7109375 0.48125 0.025 0.121875
2 0.7703125 0.52109375 0.0234375 0.11171875
2 0.62578125 0.29140625 0.02890625 0.0640625
2 0.6328125 0.28046875 0.01484375 0.07890625
0 0.63203125 0.32421875 0.0109375 0.02109375