3 0.9109375 0.209375 0.0265625 0.0796875
3 0.28359375 0.41875 0.0265625 0.1015625
2 0.821875 0.3796875 0.021875 0.10078125
2 0.67734375 0.26328125 0.0203125 0.078125
2 0.5796875 0.65859375 0.0359375 0.13046875
2 0.40703125 0.28125 0.028125 0.0828125
2 0.278125 0.29765625 0.02109375 0.07890625
2 0.18984375 0.28671875 0.0296875 0.07578125
2 0.2890625 0.48125 0.025 0.121875
2 0.2296875 0.52109375 0.0234375 0.11171875
2 0.37421875 0.29140625 0.02890625 0.0640625
2 0.3671875 0.28046875 0.01484375 0.07890625
0 0.36796875 0.32421875 0.0109375 0.02109375