2 0.00390625 0.334375 0.0078125 0.103125
2 0.171875 0.38125 0.0171875 0.1109375
2 0.3453125 0.2671875 0.0234375 0.08046875
2 0.3953125 0.6578125 0.0296875 0.1265625
2 0.584375 0.284375 0.015625 0.0890625
2 0.63828125 0.31015625 0.0328125 0.06640625
2 0.6328125 0.284375 0.01484375 0.07421875
2 0.71875 0.3 0.01796875 0.078125
2 0.78984375 0.28046875 0.021875 0.08125
2 0.69375 0.47734375 0.03203125 0.11171875
2 0.77109375 0.509375 0.02578125 0.1140625
3 0.690625 0.41484375 0.02265625 0.10390625
3 0.10078125 0.20703125 0.02109375 0.08984375
0 0.634375 0.32109375 0.00859375 0.01796875