2 0.0046875 0.33125 0.009375 0.103125
2 0.17265625 0.38046875 0.01640625 0.10625
2 0.3546875 0.26796875 0.01875 0.07890625
2 0.3875 0.65703125 0.034375 0.13125
2 0.58359375 0.28671875 0.01484375 0.08125
3 0.1078125 0.20859375 0.02421875 0.08671875
2 0.63125 0.2859375 0.015625 0.084375
2 0.646875 0.31328125 0.025 0.0609375
2 0.721875 0.3046875 0.0171875 0.08046875
2 0.78046875 0.27578125 0.0296875 0.0765625
2 0.68203125 0.475 0.03671875 0.11796875
2 0.7734375 0.50078125 0.025 0.1078125
3 0.68125 0.41328125 0.02109375 0.0890625
0 0.63203125 0.32421875 0.0078125 0.01640625