2 0.01640625 0.62734375 0.0328125 0.128125
2 0.01328125 0.475 0.0265625 0.13046875
2 0.07109375 0.38828125 0.0375 0.11328125
2 0.11953125 0.371875 0.02578125 0.109375
2 0.1984375 0.4421875 0.01875 0.11015625
2 0.2109375 0.303125 0.0296875 0.1015625
2 0.2328125 0.3421875 0.021875 0.09453125
2 0.2921875 0.3 0.01875 0.10703125
2 0.42265625 0.3109375 0.02734375 0.08828125
2 0.4171875 0.37421875 0.034375 0.0890625
2 0.565625 0.52265625 0.03125 0.11171875
2 0.934375 0.85703125 0.05 0.1578125
2 0.809375 0.5078125 0.03125 0.11484375
2 0.7828125 0.35078125 0.034375 0.0890625
2 0.68125 0.33203125 0.02421875 0.08984375
3 0.571875 0.4171875 0.03515625 0.10390625
0 0.6875 0.37421875 0.01171875 0.02109375