2 0.01015625 0.3359375 0.0203125 0.1
2 0.1734375 0.38125 0.02265625 0.1046875
2 0.378125 0.65703125 0.04453125 0.128125
2 0.3640625 0.27421875 0.01953125 0.0859375
2 0.57265625 0.2875 0.0171875 0.084375
2 0.66640625 0.4609375 0.02578125 0.11015625
2 0.778125 0.490625 0.025 0.1171875
2 0.7234375 0.30546875 0.015625 0.0859375
2 0.75 0.27734375 0.034375 0.07578125
2 0.64921875 0.30703125 0.03671875 0.07734375
3 0.1171875 0.2078125 0.0265625 0.078125
3 0.66875 0.41640625 0.02734375 0.09765625
2 0.63046875 0.28828125 0.0265625 0.0828125
0 0.63203125 0.32734375 0.00625 0.01796875