2 0.98984375 0.3359375 0.0203125 0.1
2 0.8265625 0.38125 0.02265625 0.1046875
2 0.621875 0.65703125 0.04453125 0.128125
2 0.6359375 0.27421875 0.01953125 0.0859375
2 0.42734375 0.2875 0.0171875 0.084375
2 0.33359375 0.4609375 0.02578125 0.11015625
2 0.221875 0.490625 0.025 0.1171875
2 0.2765625 0.30546875 0.015625 0.0859375
2 0.25 0.27734375 0.034375 0.07578125
2 0.35078125 0.30703125 0.03671875 0.07734375
3 0.8828125 0.2078125 0.0265625 0.078125
3 0.33125 0.41640625 0.02734375 0.09765625
2 0.36953125 0.28828125 0.0265625 0.0828125
0 0.36796875 0.32734375 0.00625 0.01796875