2 0.3625 0.653125 0.04140625 0.12109375
2 0.015625 0.33671875 0.02578125 0.10859375
2 0.17421875 0.38359375 0.0203125 0.10625
2 0.38125 0.2765625 0.0234375 0.08359375
2 0.56640625 0.29296875 0.021875 0.0828125
2 0.62421875 0.290625 0.0203125 0.0859375
2 0.646875 0.30625 0.02421875 0.07421875
2 0.6578125 0.459375 0.03828125 0.11171875
2 0.72578125 0.27890625 0.0296875 0.07890625
2 0.728125 0.31015625 0.01640625 0.0890625
2 0.78046875 0.4859375 0.02421875 0.11015625
3 0.12578125 0.2078125 0.02265625 0.08671875
3 0.65859375 0.41328125 0.02578125 0.1
0 0.60078125 0.3296875 0.009375 0.01796875