2 0.0171875 0.3375 0.025 0.10390625
2 0.17421875 0.3828125 0.01953125 0.10703125
2 0.38671875 0.27890625 0.0234375 0.08203125
2 0.56328125 0.29765625 0.02578125 0.07890625
2 0.35703125 0.65234375 0.04296875 0.12109375
2 0.6265625 0.28984375 0.01953125 0.0875
2 0.64921875 0.30546875 0.015625 0.0734375
2 0.71796875 0.2796875 0.025 0.08046875
2 0.72890625 0.3125 0.0171875 0.08671875
2 0.65234375 0.45625 0.03671875 0.109375
2 0.78046875 0.48359375 0.02265625 0.1078125
3 0.65546875 0.40859375 0.01796875 0.10390625
3 0.13125 0.20703125 0.0234375 0.08984375
0 0.590625 0.33125 0.0109375 0.02265625