0 0.578125 0.33046875 0.01171875 0.02109375
3 0.13515625 0.2078125 0.02265625 0.08125
3 0.65078125 0.41015625 0.01953125 0.10546875
2 0.021875 0.340625 0.03046875 0.10625
2 0.1765625 0.38125 0.0203125 0.11015625
2 0.35 0.6515625 0.03203125 0.1203125
2 0.39375 0.28671875 0.021875 0.0859375
2 0.7828125 0.478125 0.021875 0.11171875
2 0.64140625 0.4578125 0.03203125 0.103125
2 0.5625 0.29765625 0.01953125 0.07890625
2 0.628125 0.2859375 0.01875 0.08984375
2 0.65390625 0.3046875 0.01875 0.0765625
2 0.70546875 0.28046875 0.02890625 0.075
2 0.73203125 0.3140625 0.01640625 0.08671875