2 0.98671875 0.7625 0.0265625 0.140625
2 0.89375 0.3515625 0.0234375 0.10546875
2 0.7703125 0.38515625 0.021875 0.103125
2 0.69140625 0.63828125 0.046875 0.1171875
2 0.16171875 0.4671875 0.0203125 0.10859375
2 0.20703125 0.32578125 0.01875 0.08515625
2 0.26953125 0.3 0.01640625 0.084375
2 0.33359375 0.29375 0.03203125 0.07890625
2 0.3625 0.28515625 0.0265625 0.07734375
2 0.39296875 0.43359375 0.03515625 0.10390625
2 0.48359375 0.3109375 0.02890625 0.0734375
2 0.42109375 0.3203125 0.028125 0.07421875
3 0.78984375 0.21171875 0.03125 0.07890625
3 0.32109375 0.41953125 0.0234375 0.0953125
0 0.43125 0.35546875 0.00859375 0.0171875