2 0.98515625 0.7625 0.0296875 0.1421875
2 0.8890625 0.34921875 0.0265625 0.1046875
2 0.76796875 0.38515625 0.02109375 0.10625
2 0.6921875 0.6359375 0.04296875 0.1203125
2 0.478125 0.3140625 0.0265625 0.08125
2 0.41875 0.31953125 0.02890625 0.07265625
2 0.39765625 0.4359375 0.03359375 0.10625
2 0.3609375 0.284375 0.02890625 0.0765625
2 0.33515625 0.29375 0.03515625 0.084375
2 0.26640625 0.2984375 0.0203125 0.084375
2 0.20390625 0.32734375 0.0203125 0.0859375
2 0.15859375 0.46796875 0.021875 0.10859375
3 0.31953125 0.42265625 0.02265625 0.09375
0 0.43125 0.3578125 0.00859375 0.0140625
3 0.78828125 0.209375 0.03046875 0.075