2 0.01484375 0.7625 0.0296875 0.1421875
2 0.1109375 0.34921875 0.0265625 0.1046875
2 0.23203125 0.38515625 0.02109375 0.10625
2 0.3078125 0.6359375 0.04296875 0.1203125
2 0.521875 0.3140625 0.0265625 0.08125
2 0.58125 0.31953125 0.02890625 0.07265625
2 0.60234375 0.4359375 0.03359375 0.10625
2 0.6390625 0.284375 0.02890625 0.0765625
2 0.66484375 0.29375 0.03515625 0.084375
2 0.73359375 0.2984375 0.0203125 0.084375
2 0.79609375 0.32734375 0.0203125 0.0859375
2 0.84140625 0.46796875 0.021875 0.10859375
3 0.68046875 0.42265625 0.02265625 0.09375
0 0.56875 0.3578125 0.00859375 0.0140625
3 0.21171875 0.209375 0.03046875 0.075