2 0.98203125 0.75703125 0.03203125 0.15078125
2 0.7015625 0.6359375 0.0359375 0.1140625
2 0.88125 0.3515625 0.0234375 0.1
2 0.76171875 0.38671875 0.0203125 0.10625
2 0.46484375 0.3140625 0.02265625 0.078125
2 0.41640625 0.3203125 0.034375 0.078125
2 0.403125 0.43359375 0.025 0.10390625
2 0.36171875 0.2828125 0.028125 0.07734375
2 0.33828125 0.29609375 0.03046875 0.0796875
2 0.26015625 0.3 0.0203125 0.084375
2 0.19921875 0.32890625 0.021875 0.0859375
2 0.153125 0.46640625 0.02421875 0.11171875
3 0.315625 0.42109375 0.02421875 0.09453125
3 0.78203125 0.2109375 0.02578125 0.07890625
0 0.43046875 0.36015625 0.0078125 0.01875