2 0.0578125 0.68828125 0.0375 0.1375
2 0.16640625 0.34296875 0.02109375 0.11171875
2 0.278125 0.38046875 0.02109375 0.10625
2 0.27109375 0.615625 0.05234375 0.1140625
3 0.2765625 0.19765625 0.02109375 0.0765625
2 0.5703125 0.42421875 0.02578125 0.0921875
2 0.5875 0.33046875 0.02109375 0.0828125
2 0.60078125 0.3328125 0.0234375 0.078125
2 0.63359375 0.290625 0.04140625 0.08359375
2 0.6375 0.26796875 0.02265625 0.08125
2 0.78828125 0.296875 0.021875 0.08359375
2 0.84375 0.3296875 0.0203125 0.0875
2 0.89140625 0.459375 0.03046875 0.11875
3 0.728125 0.41484375 0.028125 0.10078125
0 0.6 0.37265625 0.00859375 0.01875