2 0.01015625 0.56328125 0.0203125 0.1140625
2 0.06328125 0.6609375 0.04296875 0.13984375
2 0.17421875 0.340625 0.0265625 0.10390625
2 0.24453125 0.596875 0.0375 0.12265625
2 0.2828125 0.371875 0.015625 0.10390625
3 0.2921875 0.1875 0.025 0.084375
3 0.7375 0.409375 0.02109375 0.0984375
0 0.61796875 0.37578125 0.00859375 0.01953125
2 0.55390625 0.4109375 0.034375 0.08984375
2 0.5953125 0.33203125 0.0203125 0.08671875
2 0.60703125 0.34296875 0.0234375 0.0796875
2 0.6078125 0.2796875 0.03203125 0.09296875
2 0.6234375 0.25078125 0.02890625 0.07578125
2 0.796875 0.2875 0.021875 0.084375
2 0.85 0.3265625 0.02734375 0.09296875
2 0.90078125 0.44921875 0.021875 0.1140625