2 0.98984375 0.56328125 0.0203125 0.1140625
2 0.93671875 0.6609375 0.04296875 0.13984375
2 0.82578125 0.340625 0.0265625 0.10390625
2 0.75546875 0.596875 0.0375 0.12265625
2 0.7171875 0.371875 0.015625 0.10390625
3 0.7078125 0.1875 0.025 0.084375
3 0.2625 0.409375 0.02109375 0.0984375
0 0.38203125 0.37578125 0.00859375 0.01953125
2 0.44609375 0.4109375 0.034375 0.08984375
2 0.4046875 0.33203125 0.0203125 0.08671875
2 0.39296875 0.34296875 0.0234375 0.0796875
2 0.3921875 0.2796875 0.03203125 0.09296875
2 0.3765625 0.25078125 0.02890625 0.07578125
2 0.203125 0.2875 0.021875 0.084375
2 0.15 0.3265625 0.02734375 0.09296875
2 0.09921875 0.44921875 0.021875 0.1140625