2 0.89921875 0.43984375 0.015625 0.1078125
2 0.8453125 0.3203125 0.0234375 0.084375
2 0.79609375 0.28828125 0.021875 0.0828125
3 0.7375 0.40859375 0.021875 0.10703125
2 0.60234375 0.24765625 0.0328125 0.08671875
2 0.58046875 0.2765625 0.0296875 0.084375
2 0.52890625 0.40546875 0.03984375 0.09140625
2 0.596875 0.33515625 0.03203125 0.0859375
2 0.61484375 0.3421875 0.0265625 0.07890625
0 0.61953125 0.38359375 0.01171875 0.0234375
3 0.2984375 0.18125 0.0234375 0.08359375
2 0.27578125 0.371875 0.02421875 0.1015625
2 0.1734375 0.3359375 0.03515625 0.10078125
2 0.21015625 0.59453125 0.0375 0.12578125
2 0.0625 0.6375 0.03984375 0.12578125
2 0.01171875 0.553125 0.0234375 0.11875