2 0.10078125 0.43984375 0.015625 0.1078125
2 0.1546875 0.3203125 0.0234375 0.084375
2 0.20390625 0.28828125 0.021875 0.0828125
3 0.2625 0.40859375 0.021875 0.10703125
2 0.39765625 0.24765625 0.0328125 0.08671875
2 0.41953125 0.2765625 0.0296875 0.084375
2 0.47109375 0.40546875 0.03984375 0.09140625
2 0.403125 0.33515625 0.03203125 0.0859375
2 0.38515625 0.3421875 0.0265625 0.07890625
0 0.38046875 0.38359375 0.01171875 0.0234375
3 0.7015625 0.18125 0.0234375 0.08359375
2 0.72421875 0.371875 0.02421875 0.1015625
2 0.8265625 0.3359375 0.03515625 0.10078125
2 0.78984375 0.59453125 0.0375 0.12578125
2 0.9375 0.6375 0.03984375 0.12578125
2 0.98828125 0.553125 0.0234375 0.11875