2 0.99140625 0.80234375 0.0171875 0.1421875
2 0.92421875 0.45 0.025 0.11484375
2 0.86484375 0.2953125 0.0203125 0.09609375
2 0.778125 0.84453125 0.03359375 0.1546875
2 0.46328125 0.74375 0.02890625 0.13515625
2 0.55390625 0.6703125 0.02578125 0.13359375
2 0.628125 0.5515625 0.02421875 0.12109375
2 0.57265625 0.48125 0.02421875 0.10078125
2 0.43828125 0.29375 0.01640625 0.090625
2 0.3734375 0.3484375 0.02265625 0.09765625
2 0.28515625 0.4234375 0.0234375 0.1
2 0.2890625 0.521875 0.01953125 0.12109375
2 0.21484375 0.4078125 0.01640625 0.10625
3 0.47265625 0.40859375 0.01796875 0.1078125
0 0.4421875 0.25546875 0.00703125 0.01640625