2 0.05859375 0.634375 0.03671875 0.12265625
2 0.01328125 0.553125 0.0265625 0.12109375
2 0.19453125 0.590625 0.03671875 0.12265625
2 0.16953125 0.334375 0.02734375 0.096875
2 0.271875 0.3703125 0.02578125 0.1015625
2 0.51484375 0.40703125 0.03828125 0.1
2 0.5640625 0.2765625 0.0203125 0.0890625
2 0.59453125 0.24609375 0.03203125 0.08359375
2 0.59609375 0.33828125 0.02890625 0.08671875
2 0.61640625 0.34296875 0.02890625 0.084375
3 0.73671875 0.40546875 0.01640625 0.103125
2 0.79375 0.28359375 0.02265625 0.0796875
2 0.84140625 0.3203125 0.02109375 0.0875
2 0.89921875 0.4390625 0.01875 0.1125
0 0.61796875 0.38359375 0.0109375 0.021875
3 0.2984375 0.18046875 0.02265625 0.08515625