2 0.94140625 0.634375 0.03671875 0.12265625
2 0.98671875 0.553125 0.0265625 0.12109375
2 0.80546875 0.590625 0.03671875 0.12265625
2 0.83046875 0.334375 0.02734375 0.096875
2 0.728125 0.3703125 0.02578125 0.1015625
2 0.48515625 0.40703125 0.03828125 0.1
2 0.4359375 0.2765625 0.0203125 0.0890625
2 0.40546875 0.24609375 0.03203125 0.08359375
2 0.40390625 0.33828125 0.02890625 0.08671875
2 0.38359375 0.34296875 0.02890625 0.084375
3 0.26328125 0.40546875 0.01640625 0.103125
2 0.20625 0.28359375 0.02265625 0.0796875
2 0.15859375 0.3203125 0.02109375 0.0875
2 0.10078125 0.4390625 0.01875 0.1125
0 0.38203125 0.38359375 0.0109375 0.021875
3 0.7015625 0.18046875 0.02265625 0.08515625