2 0.96484375 0.53671875 0.03671875 0.11953125
2 0.06875 0.5078125 0.028125 0.1203125
2 0.14140625 0.3984375 0.01953125 0.1046875
2 0.22890625 0.2984375 0.01796875 0.08984375
2 0.26796875 0.2546875 0.0171875 0.07890625
2 0.39140625 0.35703125 0.0234375 0.08359375
2 0.9125 0.31015625 0.02578125 0.09453125
2 0.81328125 0.33671875 0.02421875 0.10234375
2 0.62421875 0.23203125 0.03046875 0.084375
2 0.6 0.40234375 0.03203125 0.10078125
2 0.5515625 0.2015625 0.0265625 0.084375
2 0.4328125 0.34765625 0.03203125 0.0859375
3 0.753125 0.13984375 0.021875 0.084375
3 0.2671875 0.3671875 0.0390625 0.08828125
0 0.4015625 0.4046875 0.009375 0.02265625