2 0.03515625 0.53671875 0.03671875 0.11953125
2 0.93125 0.5078125 0.028125 0.1203125
2 0.85859375 0.3984375 0.01953125 0.1046875
2 0.77109375 0.2984375 0.01796875 0.08984375
2 0.73203125 0.2546875 0.0171875 0.07890625
2 0.60859375 0.35703125 0.0234375 0.08359375
2 0.0875 0.31015625 0.02578125 0.09453125
2 0.18671875 0.33671875 0.02421875 0.10234375
2 0.37578125 0.23203125 0.03046875 0.084375
2 0.4 0.40234375 0.03203125 0.10078125
2 0.4484375 0.2015625 0.0265625 0.084375
2 0.5671875 0.34765625 0.03203125 0.0859375
3 0.246875 0.13984375 0.021875 0.084375
3 0.7328125 0.3671875 0.0390625 0.08828125
0 0.5984375 0.4046875 0.009375 0.02265625