2 0.07421875 0.496875 0.02734375 0.11015625
2 0.97265625 0.53203125 0.03203125 0.12109375
2 0.91484375 0.30546875 0.0296875 0.09140625
2 0.60234375 0.39921875 0.034375 0.09765625
2 0.81875 0.33359375 0.03125 0.09296875
2 0.63125 0.2265625 0.0296875 0.0921875
2 0.55625 0.19921875 0.02421875 0.0859375
2 0.43828125 0.34453125 0.0296875 0.0890625
2 0.39375 0.36015625 0.0234375 0.09296875
2 0.2703125 0.25234375 0.01875 0.08515625
2 0.2296875 0.296875 0.0234375 0.09609375
2 0.14375 0.38984375 0.02265625 0.10390625
3 0.7546875 0.134375 0.02109375 0.0796875
3 0.2671875 0.365625 0.0390625 0.0828125
2 0.0078125 0.7625 0.015625 0.1359375
0 0.4015625 0.40390625 0.0125 0.01953125