2 0.92578125 0.496875 0.02734375 0.11015625
2 0.02734375 0.53203125 0.03203125 0.12109375
2 0.08515625 0.30546875 0.0296875 0.09140625
2 0.39765625 0.39921875 0.034375 0.09765625
2 0.18125 0.33359375 0.03125 0.09296875
2 0.36875 0.2265625 0.0296875 0.0921875
2 0.44375 0.19921875 0.02421875 0.0859375
2 0.56171875 0.34453125 0.0296875 0.0890625
2 0.60625 0.36015625 0.0234375 0.09296875
2 0.7296875 0.25234375 0.01875 0.08515625
2 0.7703125 0.296875 0.0234375 0.09609375
2 0.85625 0.38984375 0.02265625 0.10390625
3 0.2453125 0.134375 0.02109375 0.0796875
3 0.7328125 0.365625 0.0390625 0.0828125
2 0.9921875 0.7625 0.015625 0.1359375
0 0.5984375 0.40390625 0.0125 0.01953125