2 0.02734375 0.66640625 0.04765625 0.12265625
2 0.50390625 0.62578125 0.04296875 0.0921875
2 0.646875 0.575 0.0328125 0.11015625
2 0.6875 0.3859375 0.03125 0.09921875
2 0.6484375 0.39609375 0.0265625 0.08984375
2 0.57265625 0.2609375 0.025 0.08984375
2 0.5328125 0.2578125 0.02578125 0.08203125
2 0.4703125 0.1859375 0.02578125 0.0734375
2 0.4125 0.2578125 0.02265625 0.08046875
2 0.32265625 0.13515625 0.02578125 0.06640625
2 0.2234375 0.44375 0.02734375 0.10390625
2 0.02578125 0.46328125 0.02890625 0.1
3 0.20234375 0.3328125 0.0296875 0.0890625
3 0.36328125 0.05859375 0.0171875 0.07109375
0 0.571875 0.65078125 0.0140625 0.02890625