0 0.5609375 0.315625 0.01015625 0.0203125
3 0.23984375 0.1921875 0.01484375 0.06953125
3 0.91484375 0.4171875 0.0171875 0.08984375
2 0.15390625 0.76015625 0.0265625 0.14375
2 0.15078125 0.48203125 0.01953125 0.1078125
2 0.48046875 0.59140625 0.021875 0.10859375
2 0.540625 0.2890625 0.02109375 0.065625
2 0.56015625 0.45234375 0.01875 0.0859375
2 0.64921875 0.7609375 0.0234375 0.13515625
2 0.69921875 0.3640625 0.01640625 0.07265625
2 0.8984375 0.36328125 0.015625 0.0796875
2 0.903125 0.21796875 0.0203125 0.05625
2 0.9625 0.26640625 0.0171875 0.06953125
2 0.9625 0.634375 0.021875 0.103125
2 0.90546875 0.6078125 0.021875 0.109375