2 0.0640625 0.7828125 0.028125 0.1453125
2 0.059375 0.48125 0.02578125 0.1140625
2 0.41640625 0.5765625 0.01953125 0.11171875
2 0.465625 0.4359375 0.01875 0.08984375
2 0.53984375 0.28203125 0.02421875 0.0703125
2 0.59453125 0.746875 0.02734375 0.13203125
2 0.646875 0.34609375 0.02109375 0.08046875
2 0.796875 0.209375 0.0171875 0.0671875
2 0.88515625 0.25 0.0140625 0.0703125
2 0.83984375 0.346875 0.015625 0.06640625
2 0.84296875 0.58046875 0.021875 0.10390625
2 0.896875 0.61171875 0.02265625 0.10859375
3 0.14453125 0.19765625 0.025 0.07109375
3 0.840625 0.40625 0.01953125 0.0921875
0 0.55703125 0.3125 0.00703125 0.0140625