2 0.40078125 0.21328125 0.01640625 0.06875
2 0.50078125 0.28359375 0.02265625 0.071875
2 0.6875 0.40234375 0.01796875 0.08828125
2 0.7171875 0.55703125 0.0234375 0.11328125
2 0.50703125 0.71796875 0.02734375 0.13125
2 0.2546875 0.98046875 0.025 0.0390625
2 0.28828125 0.5453125 0.021875 0.10078125
2 0.4296875 0.31796875 0.01796875 0.07265625
2 0.29921875 0.24296875 0.01875 0.06796875
2 0.28125 0.31796875 0.01484375 0.07734375
2 0.084375 0.38984375 0.01796875 0.09453125
2 0.03671875 0.34375 0.02109375 0.084375
2 0.0921875 0.515625 0.02109375 0.09921875
2 0.2359375 0.57578125 0.01796875 0.11171875
3 0.2984375 0.3921875 0.01953125 0.090625
0 0.49375 0.30859375 0.00546875 0.0109375