2 0.2265625 0.38671875 0.0203125 0.0875
2 0.23515625 0.54765625 0.021875 0.10859375
2 0.428125 0.7109375 0.02734375 0.1359375
2 0.6625 0.53984375 0.0203125 0.103125
2 0.4625 0.2859375 0.01953125 0.075
2 0.49296875 0.23984375 0.01875 0.0640625
2 0.52734375 0.30703125 0.0171875 0.078125
2 0.56953125 0.253125 0.02109375 0.07421875
2 0.65 0.3125 0.01796875 0.0734375
2 0.7 0.565625 0.021875 0.109375
2 0.83046875 0.51796875 0.025 0.1046875
2 0.8390625 0.4 0.02109375 0.0921875
2 0.8890625 0.365625 0.02578125 0.084375
2 0.94140625 0.40859375 0.0203125 0.10078125
3 0.6578125 0.3890625 0.01875 0.09296875