2 0.7734375 0.38671875 0.0203125 0.0875
2 0.76484375 0.54765625 0.021875 0.10859375
2 0.571875 0.7109375 0.02734375 0.1359375
2 0.3375 0.53984375 0.0203125 0.103125
2 0.5375 0.2859375 0.01953125 0.075
2 0.50703125 0.23984375 0.01875 0.0640625
2 0.47265625 0.30703125 0.0171875 0.078125
2 0.43046875 0.253125 0.02109375 0.07421875
2 0.35 0.3125 0.01796875 0.0734375
2 0.3 0.565625 0.021875 0.109375
2 0.16953125 0.51796875 0.025 0.1046875
2 0.1609375 0.4 0.02109375 0.0921875
2 0.1109375 0.365625 0.02578125 0.084375
2 0.05859375 0.40859375 0.0203125 0.10078125
3 0.3421875 0.3890625 0.01875 0.09296875