2 0.41015625 0.71015625 0.03359375 0.12890625
2 0.2390625 0.54609375 0.0265625 0.11171875
2 0.209375 0.3859375 0.021875 0.090625
2 0.47421875 0.253125 0.01796875 0.06796875
2 0.47109375 0.290625 0.025 0.06875
2 0.5265625 0.2578125 0.0265625 0.06640625
2 0.5203125 0.3046875 0.01875 0.07890625
2 0.64296875 0.321875 0.01640625 0.07421875
3 0.665625 0.3921875 0.01796875 0.09453125
2 0.66953125 0.54375 0.0203125 0.10625
2 0.69296875 0.56953125 0.0203125 0.1109375
2 0.8265625 0.52421875 0.0265625 0.1078125
2 0.8390625 0.40859375 0.02421875 0.096875
2 0.8828125 0.375 0.021875 0.09375
2 0.93984375 0.415625 0.0234375 0.103125
0 0.4609375 0.28125 0.0078125 0.01640625