2 0.0125 0.778125 0.02421875 0.1484375
3 0.04453125 0.21640625 0.025 0.0765625
2 0.38984375 0.3546875 0.02109375 0.0828125
2 0.43359375 0.475 0.02421875 0.1
2 0.46328125 0.67109375 0.0375 0.13515625
2 0.596875 0.2609375 0.01953125 0.06796875
2 0.628125 0.253125 0.02265625 0.07109375
2 0.6640625 0.278125 0.02578125 0.07109375
2 0.76796875 0.26328125 0.0203125 0.06875
2 0.82734375 0.31015625 0.01796875 0.0828125
2 0.834375 0.50546875 0.0234375 0.1
2 0.82890625 0.54921875 0.021875 0.1078125
2 0.9859375 0.50390625 0.02421875 0.11171875
3 0.8421875 0.35703125 0.0203125 0.090625
0 0.42265625 0.37421875 0.00859375 0.01796875