2 0.9875 0.778125 0.02421875 0.1484375
3 0.95546875 0.21640625 0.025 0.0765625
2 0.61015625 0.3546875 0.02109375 0.0828125
2 0.56640625 0.475 0.02421875 0.1
2 0.53671875 0.67109375 0.0375 0.13515625
2 0.403125 0.2609375 0.01953125 0.06796875
2 0.371875 0.253125 0.02265625 0.07109375
2 0.3359375 0.278125 0.02578125 0.07109375
2 0.23203125 0.26328125 0.0203125 0.06875
2 0.17265625 0.31015625 0.01796875 0.0828125
2 0.165625 0.50546875 0.0234375 0.1
2 0.17109375 0.54921875 0.021875 0.1078125
2 0.0140625 0.50390625 0.02421875 0.11171875
3 0.1578125 0.35703125 0.0203125 0.090625
0 0.57734375 0.37421875 0.00859375 0.01796875