3 0.9421875 0.2015625 0.02109375 0.0796875
2 0.9796875 0.42734375 0.02734375 0.10859375
2 0.978125 0.7609375 0.0375 0.15078125
2 0.5546875 0.6609375 0.02890625 0.13359375
2 0.59296875 0.3546875 0.01953125 0.0921875
2 0.55390625 0.45234375 0.025 0.09453125
2 0.38984375 0.25703125 0.01875 0.06328125
0 0.58125 0.390625 0.01015625 0.01796875
2 0.34765625 0.24609375 0.02265625 0.0734375
2 0.33125 0.271875 0.01484375 0.06875
2 0.16015625 0.4828125 0.02109375 0.10078125
2 0.16796875 0.53671875 0.03125 0.1125
2 0.00859375 0.4828125 0.01640625 0.103125
2 0.14921875 0.303125 0.0171875 0.07109375
2 0.1890625 0.25625 0.01796875 0.06484375
3 0.15 0.346875 0.0265625 0.08046875