2 0.94921875 0.4109375 0.021875 0.1078125
3 0.92265625 0.19140625 0.02578125 0.08359375
2 0.96015625 0.74609375 0.03203125 0.15546875
2 0.596875 0.64140625 0.0296875 0.13203125
2 0.575 0.34765625 0.02734375 0.08046875
2 0.53203125 0.4140625 0.0296875 0.09296875
2 0.37578125 0.26796875 0.01640625 0.06875
2 0.33046875 0.27109375 0.01640625 0.07734375
2 0.30703125 0.24296875 0.02109375 0.078125
2 0.15234375 0.24765625 0.0171875 0.08046875
2 0.1203125 0.303125 0.021875 0.078125
2 0.171875 0.446875 0.01875 0.103125
2 0.190625 0.51484375 0.025 0.103125
2 0.01953125 0.4640625 0.02734375 0.103125
0 0.58125 0.39140625 0.0109375 0.02109375
3 0.14375 0.33046875 0.0203125 0.08515625