2 0.05078125 0.4109375 0.021875 0.1078125
3 0.07734375 0.19140625 0.02578125 0.08359375
2 0.03984375 0.74609375 0.03203125 0.15546875
2 0.403125 0.64140625 0.0296875 0.13203125
2 0.425 0.34765625 0.02734375 0.08046875
2 0.46796875 0.4140625 0.0296875 0.09296875
2 0.62421875 0.26796875 0.01640625 0.06875
2 0.66953125 0.27109375 0.01640625 0.07734375
2 0.69296875 0.24296875 0.02109375 0.078125
2 0.84765625 0.24765625 0.0171875 0.08046875
2 0.8796875 0.303125 0.021875 0.078125
2 0.828125 0.446875 0.01875 0.103125
2 0.809375 0.51484375 0.025 0.103125
2 0.98046875 0.4640625 0.02734375 0.103125
0 0.41875 0.39140625 0.0109375 0.02109375
3 0.85625 0.33046875 0.0203125 0.08515625