3 0.1359375 0.18046875 0.0234375 0.0796875
0 0.43359375 0.45 0.01015625 0.021875
2 0.44921875 0.34921875 0.02265625 0.0890625
2 0.503125 0.38671875 0.025 0.08203125
2 0.10234375 0.39453125 0.01796875 0.1109375
2 0.103125 0.7296875 0.053125 0.14296875
2 0.39140625 0.6296875 0.03671875 0.1328125
2 0.66796875 0.28515625 0.01484375 0.08046875
2 0.70390625 0.27421875 0.01640625 0.08125
2 0.8015625 0.4953125 0.0265625 0.08125
2 0.83125 0.41015625 0.02109375 0.08359375
2 0.9796875 0.4421875 0.028125 0.10234375
2 0.9359375 0.30078125 0.02265625 0.0796875
2 0.8828125 0.2328125 0.01484375 0.08203125
2 0.7734375 0.246875 0.01875 0.0828125
3 0.89921875 0.325 0.02109375 0.084375