2 0.96328125 0.615625 0.0265625 0.125
2 0.72265625 0.31796875 0.025 0.06875
2 0.66875 0.55234375 0.02421875 0.11484375
2 0.6078125 0.421875 0.028125 0.09140625
2 0.4984375 0.37578125 0.02109375 0.07734375
2 0.44140625 0.3453125 0.01953125 0.0765625
3 0.3921875 0.453125 0.025 0.09375
2 0.35078125 0.53828125 0.03515625 0.09765625
2 0.365625 0.4328125 0.01953125 0.09765625
2 0.3796875 0.2109375 0.01328125 0.059375
2 0.3140625 0.38046875 0.02421875 0.075
3 0.91875 0.18359375 0.02578125 0.06484375
2 0.23203125 0.26953125 0.0203125 0.06953125
2 0.20703125 0.42890625 0.025 0.0875
2 0.03203125 0.36171875 0.01484375 0.09375
0 0.4921875 0.40703125 0.00859375 0.015625