2 0.553125 0.95 0.02578125 0.1
2 0.04453125 0.57578125 0.02265625 0.1328125
2 0.26328125 0.67421875 0.0328125 0.12578125
2 0.37734375 0.45703125 0.03125 0.1015625
2 0.4046875 0.32421875 0.01640625 0.0953125
2 0.44921875 0.51015625 0.02265625 0.115625
2 0.4671875 0.4921875 0.01953125 0.10078125
3 0.63828125 0.4328125 0.02109375 0.10234375
2 0.66875 0.5078125 0.0265625 0.11328125
2 0.69140625 0.69296875 0.04375 0.1296875
2 0.77890625 0.4859375 0.0265625 0.12265625
2 0.88828125 0.63828125 0.0296875 0.13125
2 0.92109375 0.5921875 0.01953125 0.125
2 0.99140625 0.41171875 0.0171875 0.09375
0 0.74375 0.39453125 0.0125 0.02265625