2 0.109375 0.43984375 0.01875 0.11328125
3 0.20078125 0.42265625 0.02421875 0.09765625
2 0.15859375 0.4140625 0.02421875 0.090625
2 0.2390625 0.46484375 0.02890625 0.1109375
2 0.25234375 0.40546875 0.03125 0.09375
2 0.29296875 0.459375 0.02421875 0.10078125
2 0.34296875 0.559375 0.03203125 0.12109375
2 0.309375 0.6125 0.02265625 0.134375
2 0.60234375 0.52734375 0.02578125 0.11015625
2 0.68515625 0.3375 0.02109375 0.09375
2 0.91796875 0.35078125 0.01796875 0.09296875
2 0.77109375 0.4625 0.01328125 0.103125
2 0.6578125 0.81015625 0.03515625 0.140625
2 0.5875 0.52421875 0.015625 0.065625
0 0.48671875 0.4421875 0.01328125 0.02265625