2 0.890625 0.43984375 0.01875 0.11328125
3 0.79921875 0.42265625 0.02421875 0.09765625
2 0.84140625 0.4140625 0.02421875 0.090625
2 0.7609375 0.46484375 0.02890625 0.1109375
2 0.74765625 0.40546875 0.03125 0.09375
2 0.70703125 0.459375 0.02421875 0.10078125
2 0.65703125 0.559375 0.03203125 0.12109375
2 0.690625 0.6125 0.02265625 0.134375
2 0.39765625 0.52734375 0.02578125 0.11015625
2 0.31484375 0.3375 0.02109375 0.09375
2 0.08203125 0.35078125 0.01796875 0.09296875
2 0.22890625 0.4625 0.01328125 0.103125
2 0.3421875 0.81015625 0.03515625 0.140625
2 0.4125 0.52421875 0.015625 0.065625
0 0.51328125 0.4421875 0.01328125 0.02265625