2 0.11953125 0.9109375 0.0390625 0.15703125
2 0.3046875 0.26484375 0.0171875 0.084375
2 0.384375 0.33203125 0.0171875 0.0875
2 0.3546875 0.55546875 0.01953125 0.1234375
2 0.5859375 0.36875 0.025 0.09921875
2 0.63046875 0.33515625 0.01875 0.08984375
2 0.753125 0.321875 0.025 0.08828125
2 0.73125 0.54921875 0.02109375 0.10859375
2 0.76640625 0.40859375 0.02578125 0.096875
2 0.8421875 0.390625 0.02109375 0.08828125
2 0.8875 0.38359375 0.02734375 0.0921875
2 0.9296875 0.39375 0.02421875 0.10390625
2 0.96640625 0.44609375 0.03359375 0.11328125
2 0.9734375 0.53046875 0.01640625 0.121875
2 0.90390625 0.5984375 0.03203125 0.1140625
2 0.8546875 0.5421875 0.03203125 0.084375
3 0.3625 0.45859375 0.0203125 0.1140625