2 0.08046875 0.890625 0.0328125 0.15546875
2 0.3109375 0.55234375 0.021875 0.1234375
2 0.2796875 0.24296875 0.0171875 0.078125
2 0.34296875 0.33828125 0.021875 0.0828125
3 0.3546875 0.471875 0.025 0.10390625
2 0.565625 0.3359375 0.0140625 0.0890625
2 0.5796875 0.3734375 0.02265625 0.09765625
2 0.67109375 0.55390625 0.02578125 0.1078125
2 0.7109375 0.4125 0.015625 0.09453125
2 0.82265625 0.5390625 0.034375 0.07734375
2 0.80625 0.39609375 0.02109375 0.08984375
2 0.7125 0.33203125 0.02421875 0.06328125
2 0.82265625 0.37578125 0.0125 0.08984375
2 0.86328125 0.39375 0.02890625 0.0984375
2 0.89921875 0.44140625 0.01796875 0.1125
2 0.94140625 0.5265625 0.02265625 0.12109375
2 0.8390625 0.5984375 0.0203125 0.11640625