2 0.934375 0.87890625 0.0296875 0.153125
3 0.6265625 0.484375 0.01953125 0.11171875
2 0.71640625 0.55390625 0.02890625 0.11796875
2 0.684375 0.3484375 0.021875 0.0921875
2 0.7015625 0.22578125 0.025 0.07890625
2 0.4859375 0.3421875 0.015625 0.0890625
2 0.396875 0.37890625 0.01875 0.096875
2 0.37265625 0.5609375 0.02265625 0.1109375
2 0.06875 0.525 0.02265625 0.1203125
2 0.18515625 0.53828125 0.0328125 0.08046875
2 0.3234375 0.42109375 0.02109375 0.0984375
2 0.209375 0.5984375 0.0296875 0.11875
2 0.14140625 0.4421875 0.02734375 0.11015625
2 0.17109375 0.39921875 0.01875 0.103125
2 0.2046875 0.40390625 0.01640625 0.09140625
2 0.221875 0.36875 0.01875 0.08828125
2 0.29609375 0.334375 0.0265625 0.0625