2 0.98046875 0.871875 0.0328125 0.15703125
2 0.01484375 0.634375 0.02421875 0.11953125
2 0.10625 0.51875 0.021875 0.12265625
2 0.77734375 0.56640625 0.01875 0.1203125
2 0.70234375 0.21640625 0.0203125 0.07421875
2 0.7359375 0.3546875 0.021875 0.090625
2 0.56640625 0.34296875 0.021875 0.09140625
2 0.4421875 0.565625 0.01875 0.11171875
2 0.28359375 0.5984375 0.0234375 0.121875
2 0.22421875 0.528125 0.03359375 0.08359375
2 0.21015625 0.43515625 0.01796875 0.1125
2 0.23671875 0.39609375 0.02421875 0.09921875
2 0.25390625 0.4109375 0.02109375 0.09140625
2 0.2921875 0.35859375 0.02265625 0.08984375
2 0.3328125 0.3296875 0.025 0.06171875
2 0.38125 0.42578125 0.02421875 0.0984375
2 0.403125 0.38203125 0.01484375 0.09609375
3 0.6359375 0.49609375 0.02109375 0.11015625