2 0.99140625 0.85390625 0.0171875 0.15859375
2 0.80625 0.584375 0.025 0.13515625
2 0.7546875 0.36953125 0.02421875 0.1
2 0.675 0.21171875 0.01953125 0.08046875
2 0.61328125 0.35234375 0.028125 0.0875
2 0.47890625 0.5796875 0.01796875 0.11796875
2 0.32265625 0.60390625 0.02265625 0.11796875
2 0.02734375 0.6625 0.02578125 0.128125
2 0.1109375 0.51953125 0.01796875 0.11875
2 0.23046875 0.521875 0.0265625 0.0984375
2 0.246875 0.43125 0.0296875 0.11015625
2 0.27890625 0.42109375 0.01953125 0.0921875
2 0.265625 0.3953125 0.0265625 0.09921875
2 0.32890625 0.353125 0.02421875 0.0890625
2 0.3375 0.3171875 0.021875 0.08984375
2 0.38046875 0.390625 0.025 0.09765625
2 0.40859375 0.4375 0.025 0.1015625
3 0.61328125 0.5109375 0.02109375 0.11640625