2 0.04453125 0.16875 0.025 0.103125
3 0.125 0.04609375 0.01875 0.08671875
3 0.87578125 0.365625 0.0359375 0.11171875
2 0.89296875 0.45078125 0.02734375 0.12109375
2 0.928125 0.16953125 0.01953125 0.10078125
2 0.99453125 0.71171875 0.01015625 0.08671875
2 0.7953125 0.32265625 0.0171875 0.10546875
2 0.6765625 0.11953125 0.021875 0.0875
2 0.46015625 0.378125 0.02265625 0.11328125
2 0.56328125 0.58671875 0.046875 0.128125
2 0.4921875 0.2859375 0.034375 0.10078125
2 0.4828125 0.2734375 0.028125 0.08046875
0 0.49296875 0.33359375 0.0125 0.02421875
2 0.32734375 0.32734375 0.02421875 0.10703125