3 0.559375 0.22890625 0.0078125 0.03515625
2 0.1203125 0.31640625 0.01015625 0.03984375
2 0.24453125 0.2609375 0.01171875 0.03515625
2 0.109375 0.3484375 0.01328125 0.053125
2 0.10390625 0.3203125 0.0125 0.04296875
2 0.4546875 0.26015625 0.01015625 0.03671875
2 0.21484375 0.28359375 0.01484375 0.04140625
2 0.315625 0.31484375 0.0140625 0.05
2 0.37265625 0.29375 0.009375 0.046875
2 0.25859375 0.34140625 0.01171875 0.0484375
2 0.38515625 0.29453125 0.0125 0.04609375
3 0.29296875 0.33984375 0.01171875 0.05
2 0.53359375 0.33359375 0.01171875 0.05078125
2 0.5171875 0.30234375 0.00859375 0.0453125
2 0.13046875 0.43203125 0.0140625 0.06796875
2 0.6296875 0.303125 0.01015625 0.04609375
2 0.42578125 0.4171875 0.01640625 0.05625
1 0.903125 0.3234375 0.01328125 0.0515625
2 0.2875 0.39609375 0.01640625 0.05625
2 0.72578125 0.41640625 0.01953125 0.05703125
2 0.16171875 0.49296875 0.028125 0.0703125
2 0.19921875 0.459375 0.02265625 0.06875
2 0.5796875 0.603125 0.02578125 0.096875
0 0.71875 0.44375 0.00625 0.0109375