2 0.66796875 0.26328125 0.01015625 0.034375
2 0.440625 0.2703125 0.01015625 0.03515625
2 0.44765625 0.31328125 0.00859375 0.040625
2 0.49375 0.28359375 0.00859375 0.04296875
2 0.4796875 0.36875 0.01015625 0.04140625
2 0.69609375 0.33046875 0.01015625 0.03984375
2 0.5765625 0.284375 0.00859375 0.04296875
2 0.50625 0.30703125 0.01171875 0.046875
2 0.434375 0.2546875 0.00703125 0.03515625
2 0.396875 0.2875 0.00859375 0.03984375
2 0.61875 0.3875 0.01171875 0.0453125
2 0.64140625 0.35546875 0.00859375 0.05078125
1 0.07421875 0.321875 0.01328125 0.04921875
2 0.36171875 0.3171875 0.01171875 0.0453125
2 0.315625 0.32421875 0.0109375 0.05078125
2 0.46328125 0.41640625 0.00859375 0.06015625
2 0.74453125 0.33359375 0.01328125 0.05
2 0.35859375 0.38671875 0.01328125 0.05703125
2 0.26953125 0.4765625 0.015625 0.06484375
2 0.81875 0.45390625 0.01328125 0.06640625
2 0.125 0.6171875 0.01640625 0.09140625
3 0.0953125 0.684375 0.02265625 0.09609375
2 0.6015625 0.60234375 0.02109375 0.08828125
0 0.7390625 0.3546875 0.0046875 0.009375
3 0.71875 0.24140625 0.00859375 0.03828125