1 0.859375 0.3984375 0.0109375 0.03828125
2 0.24375 0.3890625 0.0109375 0.04375
0 0.74765625 0.590625 0.00625 0.009375
2 0.68125 0.35859375 0.009375 0.03671875
2 0.5609375 0.41640625 0.0109375 0.04453125
2 0.38671875 0.371875 0.00859375 0.03828125
2 0.16484375 0.4734375 0.01328125 0.053125
2 0.6359375 0.38828125 0.01015625 0.04453125
3 0.4375 0.4265625 0.01015625 0.04296875
2 0.32109375 0.43984375 0.009375 0.05
2 0.62890625 0.4890625 0.015625 0.053125
2 0.46640625 0.38671875 0.00859375 0.04140625
2 0.22734375 0.48046875 0.0125 0.05625
2 0.13515625 0.534375 0.0125 0.0640625
2 0.56171875 0.534375 0.01640625 0.05546875
2 0.28203125 0.61328125 0.01796875 0.06953125
2 0.78828125 0.5453125 0.01328125 0.05703125
2 0.15546875 0.49609375 0.015625 0.05859375
2 0.409375 0.52421875 0.01171875 0.0609375
2 0.378125 0.590625 0.0109375 0.06953125
2 0.62109375 0.6203125 0.01640625 0.0703125
2 0.66328125 0.64375 0.015625 0.0703125
3 0.0484375 0.76640625 0.0296875 0.08984375
2 0.47890625 0.31640625 0.009375 0.03046875
3 0.5828125 0.29921875 0.0078125 0.02734375