2 0.8125 0.55859375 0.02265625 0.075
2 0.56171875 0.5578125 0.021875 0.08125
2 0.7890625 0.45859375 0.02265625 0.0640625
2 0.80859375 0.49453125 0.02265625 0.06640625
2 0.57734375 0.4484375 0.01796875 0.06875
2 0.04921875 0.33046875 0.01328125 0.053125
2 0.59140625 0.3359375 0.0125 0.04921875
2 0.1328125 0.3796875 0.015625 0.05703125
2 0.04609375 0.434375 0.0203125 0.06953125
2 0.10234375 0.2859375 0.0109375 0.046875
2 0.31640625 0.43671875 0.02734375 0.06875
3 0.53125 0.40703125 0.01875 0.065625
2 0.6375 0.39765625 0.02265625 0.05234375
2 0.61953125 0.31171875 0.01015625 0.05390625
2 0.534375 0.275 0.01171875 0.04296875
2 0.5125 0.2734375 0.01796875 0.04609375
1 0.846875 0.3140625 0.015625 0.046875
2 0.2984375 0.31640625 0.01328125 0.04921875
2 0.67265625 0.33671875 0.01484375 0.0515625
2 0.203125 0.30859375 0.01640625 0.05078125
2 0.63359375 0.33125 0.01484375 0.05078125
3 0.4828125 0.209375 0.009375 0.0359375
2 0.64765625 0.403125 0.01640625 0.05546875
0 0.80703125 0.58359375 0.00703125 0.01328125