2 0.1828125 0.59296875 0.01875 0.13046875
2 0.240625 0.378125 0.02109375 0.096875
2 0.36328125 0.35859375 0.02578125 0.090625
3 0.39375 0.5171875 0.021875 0.11640625
2 0.50390625 0.58359375 0.02109375 0.11484375
2 0.57890625 0.440625 0.0171875 0.10078125
2 0.65625 0.6125 0.0234375 0.11875
2 0.628125 0.3953125 0.01953125 0.1
2 0.33671875 0.20703125 0.01328125 0.07734375
2 0.653125 0.30859375 0.0109375 0.071875
2 0.65703125 0.34765625 0.0203125 0.08359375
2 0.71328125 0.42265625 0.01640625 0.090625
2 0.72109375 0.3953125 0.01875 0.09609375
2 0.73359375 0.43125 0.0234375 0.10625
2 0.7625 0.5171875 0.028125 0.1078125
2 0.88984375 0.51875 0.02109375 0.121875
2 0.96796875 0.67734375 0.02890625 0.12890625