2 0.0390625 0.68984375 0.02578125 0.12890625
2 0.82890625 0.60390625 0.0296875 0.13125
2 0.7671875 0.38515625 0.021875 0.09765625
2 0.6546875 0.3625 0.02734375 0.08984375
2 0.5109375 0.59453125 0.0234375 0.11953125
2 0.359375 0.61484375 0.02890625 0.11484375
2 0.253125 0.51875 0.02578125 0.1109375
2 0.27890625 0.43203125 0.01875 0.1140625
2 0.29296875 0.42734375 0.02421875 0.09140625
2 0.29140625 0.4 0.015625 0.10625
2 0.3546875 0.31640625 0.01484375 0.08828125
2 0.359375 0.353125 0.0234375 0.09765625
2 0.3625 0.4 0.028125 0.09609375
2 0.4296875 0.44609375 0.021875 0.10390625
2 0.65546875 0.2015625 0.01484375 0.0796875
3 0.59765625 0.521875 0.0203125 0.11796875