2 0.9609375 0.68984375 0.02578125 0.12890625
2 0.17109375 0.60390625 0.0296875 0.13125
2 0.2328125 0.38515625 0.021875 0.09765625
2 0.3453125 0.3625 0.02734375 0.08984375
2 0.4890625 0.59453125 0.0234375 0.11953125
2 0.640625 0.61484375 0.02890625 0.11484375
2 0.746875 0.51875 0.02578125 0.1109375
2 0.72109375 0.43203125 0.01875 0.1140625
2 0.70703125 0.42734375 0.02421875 0.09140625
2 0.70859375 0.4 0.015625 0.10625
2 0.6453125 0.31640625 0.01484375 0.08828125
2 0.640625 0.353125 0.0234375 0.09765625
2 0.6375 0.4 0.028125 0.09609375
2 0.5703125 0.44609375 0.021875 0.10390625
2 0.34453125 0.2015625 0.01484375 0.0796875
3 0.40234375 0.521875 0.0203125 0.11796875