2 0.1234375 0.6328125 0.02265625 0.13828125
2 0.2140625 0.4109375 0.01796875 0.096875
2 0.28203125 0.37890625 0.02890625 0.090625
2 0.36328125 0.2 0.0125 0.07421875
3 0.4265625 0.55546875 0.02265625 0.11796875
2 0.4375 0.61953125 0.0296875 0.1140625
2 0.5515625 0.46796875 0.02578125 0.1078125
2 0.58671875 0.63046875 0.02265625 0.12109375
2 0.59140625 0.34375 0.01484375 0.08359375
2 0.61015625 0.3265625 0.0234375 0.08984375
2 0.671875 0.36875 0.01171875 0.04375
2 0.66875 0.415625 0.02109375 0.0921875
2 0.66796875 0.43984375 0.01953125 0.09296875
2 0.7109375 0.43984375 0.02421875 0.11484375
2 0.70625 0.53515625 0.02265625 0.11015625
2 0.9046875 0.52890625 0.03125 0.1234375
2 0.94765625 0.7421875 0.0265625 0.134375