2 0.92890625 0.66953125 0.03203125 0.1390625
2 0.8 0.4421875 0.01953125 0.09921875
2 0.80234375 0.403125 0.02421875 0.09296875
2 0.63671875 0.66484375 0.028125 0.115625
2 0.47265625 0.6640625 0.0234375 0.12421875
2 0.4796875 0.49765625 0.021875 0.103125
2 0.353125 0.56328125 0.025 0.11875
2 0.3640625 0.46171875 0.015625 0.09453125
2 0.4390625 0.33515625 0.01640625 0.08984375
2 0.4765625 0.3453125 0.01484375 0.0875
2 0.66875 0.21796875 0.0171875 0.0734375
2 0.3640625 0.39765625 0.01796875 0.084375
2 0.28046875 0.4375 0.02890625 0.1
2 0.23203125 0.44609375 0.03046875 0.11640625
2 0.0875 0.52890625 0.03046875 0.11953125
2 0.065625 0.8234375 0.03203125 0.14375
3 0.53046875 0.59140625 0.028125 0.11796875