2 0.07109375 0.66953125 0.03203125 0.1390625
2 0.2 0.4421875 0.01953125 0.09921875
2 0.19765625 0.403125 0.02421875 0.09296875
2 0.36328125 0.66484375 0.028125 0.115625
2 0.52734375 0.6640625 0.0234375 0.12421875
2 0.5203125 0.49765625 0.021875 0.103125
2 0.646875 0.56328125 0.025 0.11875
2 0.6359375 0.46171875 0.015625 0.09453125
2 0.5609375 0.33515625 0.01640625 0.08984375
2 0.5234375 0.3453125 0.01484375 0.0875
2 0.33125 0.21796875 0.0171875 0.0734375
2 0.6359375 0.39765625 0.01796875 0.084375
2 0.71953125 0.4375 0.02890625 0.1
2 0.76796875 0.44609375 0.03046875 0.11640625
2 0.9125 0.52890625 0.03046875 0.11953125
2 0.934375 0.8234375 0.03203125 0.14375
3 0.46953125 0.59140625 0.028125 0.11796875