2 0.93203125 0.925 0.0328125 0.14609375
2 0.95859375 0.5109375 0.03359375 0.11953125
2 0.84609375 0.4390625 0.0296875 0.1125
2 0.74921875 0.46484375 0.0296875 0.1078125
2 0.61953125 0.4265625 0.02421875 0.06875
2 0.609375 0.4828125 0.01640625 0.1
2 0.496875 0.5375 0.02734375 0.10859375
2 0.60234375 0.5984375 0.02265625 0.128125
3 0.5046875 0.653125 0.0265625 0.12109375
2 0.46875 0.70625 0.02421875 0.12734375
2 0.496875 0.34375 0.02265625 0.09140625
2 0.44375 0.3359375 0.01640625 0.08203125
2 0.2796875 0.23125 0.01875 0.0765625
0 0.26484375 0.215625 0.0078125 0.01640625
2 0.17734375 0.484375 0.02265625 0.10390625
2 0.265625 0.7109375 0.03203125 0.13046875
2 0.096875 0.44140625 0.028125 0.10390625
2 0.03203125 0.6875 0.01953125 0.13671875