2 0.05390625 0.7 0.028125 0.14375
2 0.0828125 0.45859375 0.01875 0.1046875
2 0.18828125 0.50546875 0.02265625 0.10546875
2 0.24296875 0.73359375 0.028125 0.1359375
2 0.26953125 0.240625 0.01796875 0.0765625
2 0.43515625 0.33828125 0.01953125 0.08359375
2 0.49609375 0.35078125 0.015625 0.09296875
2 0.465625 0.7296875 0.025 0.12890625
2 0.5140625 0.56171875 0.02421875 0.11953125
3 0.546875 0.69140625 0.02578125 0.13203125
2 0.60859375 0.61953125 0.0234375 0.12734375
2 0.61484375 0.49375 0.0203125 0.09765625
2 0.6421875 0.43046875 0.025 0.07265625
2 0.7875 0.4828125 0.021875 0.10625
2 0.90703125 0.44296875 0.0296875 0.1109375
2 0.95 0.953125 0.034375 0.09375