2 0.94609375 0.7 0.028125 0.14375
2 0.9171875 0.45859375 0.01875 0.1046875
2 0.81171875 0.50546875 0.02265625 0.10546875
2 0.75703125 0.73359375 0.028125 0.1359375
2 0.73046875 0.240625 0.01796875 0.0765625
2 0.56484375 0.33828125 0.01953125 0.08359375
2 0.50390625 0.35078125 0.015625 0.09296875
2 0.534375 0.7296875 0.025 0.12890625
2 0.4859375 0.56171875 0.02421875 0.11953125
3 0.453125 0.69140625 0.02578125 0.13203125
2 0.39140625 0.61953125 0.0234375 0.12734375
2 0.38515625 0.49375 0.0203125 0.09765625
2 0.3578125 0.43046875 0.025 0.07265625
2 0.2125 0.4828125 0.021875 0.10625
2 0.09296875 0.44296875 0.0296875 0.1109375
2 0.05 0.953125 0.034375 0.09375