2 0.95703125 0.7515625 0.02421875 0.146875
2 0.94140625 0.76640625 0.0296875 0.13984375
2 0.934375 0.71796875 0.03125 0.13671875
2 0.83046875 0.721875 0.02890625 0.14375
2 0.85 0.48515625 0.01953125 0.10625
2 0.69921875 0.5453125 0.02109375 0.1078125
2 0.71171875 0.775 0.02578125 0.13515625
2 0.66171875 0.2546875 0.015625 0.07890625
0 0.6296875 0.2734375 0.00859375 0.01875
3 0.29140625 0.77265625 0.0265625 0.13671875
2 0.4640625 0.7734375 0.03203125 0.1296875
2 0.4453125 0.3640625 0.01640625 0.06171875
2 0.41171875 0.37109375 0.01875 0.090625
2 0.3828125 0.603125 0.025 0.115625
2 0.31875 0.66328125 0.02109375 0.128125
2 0.27734375 0.52421875 0.021875 0.09765625
2 0.2296875 0.44140625 0.0234375 0.0703125
2 0.07734375 0.515625 0.02109375 0.11171875