2 0.04296875 0.7515625 0.02421875 0.146875
2 0.05859375 0.76640625 0.0296875 0.13984375
2 0.065625 0.71796875 0.03125 0.13671875
2 0.16953125 0.721875 0.02890625 0.14375
2 0.15 0.48515625 0.01953125 0.10625
2 0.30078125 0.5453125 0.02109375 0.1078125
2 0.28828125 0.775 0.02578125 0.13515625
2 0.33828125 0.2546875 0.015625 0.07890625
0 0.3703125 0.2734375 0.00859375 0.01875
3 0.70859375 0.77265625 0.0265625 0.13671875
2 0.5359375 0.7734375 0.03203125 0.1296875
2 0.5546875 0.3640625 0.01640625 0.06171875
2 0.58828125 0.37109375 0.01875 0.090625
2 0.6171875 0.603125 0.025 0.115625
2 0.68125 0.66328125 0.02109375 0.128125
2 0.72265625 0.52421875 0.021875 0.09765625
2 0.7703125 0.44140625 0.0234375 0.0703125
2 0.92265625 0.515625 0.02109375 0.11171875