2 0.11640625 0.790625 0.03515625 0.1453125
2 0.5375 0.46953125 0.02265625 0.10234375
2 0.46796875 0.52421875 0.025 0.11796875
2 0.23828125 0.284375 0.0171875 0.0984375
2 0.17890625 0.421875 0.025 0.11484375
2 0.078125 0.44375 0.0265625 0.12109375
2 0.0609375 0.565625 0.0234375 0.14296875
2 0.35390625 0.82578125 0.03515625 0.1515625
2 0.91171875 0.4046875 0.0265625 0.09921875
2 0.86875 0.4296875 0.03046875 0.103125
2 0.78359375 0.5078125 0.02109375 0.12578125
2 0.68515625 0.73125 0.0296875 0.13203125
2 0.56015625 0.6421875 0.028125 0.1328125
2 0.74453125 0.3234375 0.02109375 0.10234375
2 0.66484375 0.28828125 0.021875 0.0828125
2 0.4484375 0.28828125 0.01171875 0.0234375
3 0.6109375 0.4 0.02890625 0.1140625