2 0.88359375 0.790625 0.03515625 0.1453125
2 0.4625 0.46953125 0.02265625 0.10234375
2 0.53203125 0.52421875 0.025 0.11796875
2 0.76171875 0.284375 0.0171875 0.0984375
2 0.82109375 0.421875 0.025 0.11484375
2 0.921875 0.44375 0.0265625 0.12109375
2 0.9390625 0.565625 0.0234375 0.14296875
2 0.64609375 0.82578125 0.03515625 0.1515625
2 0.08828125 0.4046875 0.0265625 0.09921875
2 0.13125 0.4296875 0.03046875 0.103125
2 0.21640625 0.5078125 0.02109375 0.12578125
2 0.31484375 0.73125 0.0296875 0.13203125
2 0.43984375 0.6421875 0.028125 0.1328125
2 0.25546875 0.3234375 0.02109375 0.10234375
2 0.33515625 0.28828125 0.021875 0.0828125
2 0.5515625 0.28828125 0.01171875 0.0234375
3 0.3890625 0.4 0.02890625 0.1140625