2 0.04375 0.7765625 0.03125 0.14140625
2 0.03671875 0.7484375 0.0265625 0.14375
2 0.06015625 0.72890625 0.03125 0.14765625
2 0.146875 0.72890625 0.0265625 0.14609375
2 0.11328125 0.50234375 0.02578125 0.10859375
2 0.2484375 0.796875 0.03203125 0.1421875
2 0.28984375 0.56875 0.0203125 0.1140625
2 0.3046875 0.25859375 0.01796875 0.0828125
0 0.3671875 0.2734375 0.00859375 0.01875
2 0.55 0.359375 0.0171875 0.0625
2 0.58046875 0.38515625 0.02421875 0.06640625
2 0.49296875 0.78515625 0.03046875 0.134375
2 0.603125 0.6203125 0.02734375 0.121875
2 0.646875 0.68046875 0.02578125 0.13359375
3 0.71796875 0.821875 0.02890625 0.1484375
2 0.7125 0.53984375 0.0203125 0.0765625
2 0.9203125 0.5203125 0.01796875 0.11484375
2 0.76484375 0.4265625 0.02109375 0.10234375