2 0.01875 0.7875 0.0265625 0.14609375
2 0.01796875 0.76328125 0.02578125 0.14609375
2 0.0484375 0.7328125 0.034375 0.14296875
2 0.02890625 0.5328125 0.0265625 0.1125
2 0.14921875 0.7171875 0.025 0.14609375
2 0.2078125 0.86171875 0.03515625 0.14453125
2 0.240625 0.28984375 0.0171875 0.08203125
0 0.36015625 0.2734375 0.00703125 0.01640625
2 0.3015625 0.6203125 0.0328125 0.121875
2 0.53828125 0.66875 0.025 0.12421875
2 0.43359375 0.84453125 0.025 0.146875
2 0.64453125 0.70546875 0.03203125 0.13515625
2 0.5453125 0.35625 0.01796875 0.08515625
2 0.571875 0.3703125 0.01953125 0.09375
2 0.678125 0.53828125 0.0203125 0.10625
2 0.72734375 0.4453125 0.0265625 0.1078125
2 0.9234375 0.51953125 0.02421875 0.11484375
3 0.7671875 0.94375 0.03046875 0.11171875