2 0.9921875 0.7953125 0.015625 0.1375
2 0.984375 0.7734375 0.03125 0.14921875
2 0.953125 0.73203125 0.0328125 0.1375
2 0.83515625 0.69375 0.028125 0.14140625
2 0.74765625 0.8640625 0.0390625 0.14375
2 0.5421875 0.896875 0.028125 0.1515625
2 0.49140625 0.696875 0.028125 0.13125
2 0.6296875 0.603125 0.03203125 0.11484375
2 0.790625 0.3046875 0.02109375 0.08515625
0 0.64140625 0.27265625 0.01015625 0.0203125
2 0.4609375 0.37109375 0.0234375 0.09140625
2 0.4484375 0.365625 0.015625 0.09140625
2 0.34765625 0.55 0.0203125 0.10546875
2 0.359375 0.70625 0.03125 0.13828125
2 0.290625 0.45625 0.021875 0.1015625
2 0.1046875 0.52578125 0.02265625 0.11640625
3 0.196875 0.98203125 0.0296875 0.0359375