2 0.0078125 0.7953125 0.015625 0.1375
2 0.015625 0.7734375 0.03125 0.14921875
2 0.046875 0.73203125 0.0328125 0.1375
2 0.16484375 0.69375 0.028125 0.14140625
2 0.25234375 0.8640625 0.0390625 0.14375
2 0.4578125 0.896875 0.028125 0.1515625
2 0.50859375 0.696875 0.028125 0.13125
2 0.3703125 0.603125 0.03203125 0.11484375
2 0.209375 0.3046875 0.02109375 0.08515625
0 0.35859375 0.27265625 0.01015625 0.0203125
2 0.5390625 0.37109375 0.0234375 0.09140625
2 0.5515625 0.365625 0.015625 0.09140625
2 0.65234375 0.55 0.0203125 0.10546875
2 0.640625 0.70625 0.03125 0.13828125
2 0.709375 0.45625 0.021875 0.1015625
2 0.8953125 0.52578125 0.02265625 0.11640625
3 0.803125 0.98203125 0.0296875 0.0359375