2 0.19375 0.4734375 0.02421875 0.11875
2 0.22109375 0.35546875 0.0171875 0.096875
2 0.37265625 0.3609375 0.02109375 0.0921875
2 0.40546875 0.32265625 0.02265625 0.0921875
2 0.43359375 0.26328125 0.01484375 0.07578125
3 0.45546875 0.3484375 0.01796875 0.0921875
2 0.528125 0.434375 0.02109375 0.0953125
2 0.584375 0.52109375 0.021875 0.11015625
2 0.46640625 0.70234375 0.02578125 0.13125
2 0.5328125 0.678125 0.02734375 0.12578125
2 0.734375 0.7421875 0.040625 0.1375
2 0.7453125 0.26328125 0.01953125 0.0875
2 0.85078125 0.39140625 0.02109375 0.1015625
2 0.934375 0.42109375 0.02734375 0.1046875
2 0.9421875 0.4875 0.02109375 0.1203125
2 0.92890625 0.771875 0.028125 0.146875
0 0.415625 0.2734375 0.00859375 0.0171875