2 0.09375 0.9296875 0.0265625 0.140625
2 0.04453125 0.72421875 0.0375 0.14140625
2 0.009375 0.5140625 0.01875 0.1171875
2 0.22421875 0.22890625 0.0171875 0.0828125
2 0.0828125 0.121875 0.0171875 0.0828125
2 0.3671875 0.30546875 0.02109375 0.0859375
2 0.31796875 0.48828125 0.02734375 0.1078125
2 0.41953125 0.353125 0.0203125 0.10390625
2 0.43359375 0.51953125 0.02421875 0.11640625
2 0.6890625 0.57578125 0.02734375 0.1296875
2 0.603125 0.24453125 0.028125 0.08671875
2 0.74609375 0.3578125 0.0234375 0.10703125
0 0.59921875 0.303125 0.00859375 0.01484375