2 0.7859375 0.40703125 0.01953125 0.10703125
2 0.71640625 0.425 0.02578125 0.1015625
2 0.709375 0.5203125 0.02109375 0.121875
2 0.628125 0.3484375 0.02421875 0.0984375
2 0.56328125 0.2921875 0.01640625 0.090625
2 0.528125 0.40859375 0.01953125 0.10546875
2 0.42734375 0.4828125 0.02109375 0.10546875
2 0.44609375 0.67109375 0.02265625 0.13046875
2 0.5375 0.74453125 0.03125 0.1328125
2 0.37265625 0.55078125 0.02265625 0.11953125
0 0.55859375 0.2515625 0.00625 0.015625
2 0.13359375 0.29765625 0.015625 0.09453125
2 0.0765625 0.44921875 0.02421875 0.115625
2 0.22421875 0.84375 0.0328125 0.15703125
2 0.009375 0.80234375 0.01796875 0.1453125