2 0.2140625 0.40703125 0.01953125 0.10703125
2 0.28359375 0.425 0.02578125 0.1015625
2 0.290625 0.5203125 0.02109375 0.121875
2 0.371875 0.3484375 0.02421875 0.0984375
2 0.43671875 0.2921875 0.01640625 0.090625
2 0.471875 0.40859375 0.01953125 0.10546875
2 0.57265625 0.4828125 0.02109375 0.10546875
2 0.55390625 0.67109375 0.02265625 0.13046875
2 0.4625 0.74453125 0.03125 0.1328125
2 0.62734375 0.55078125 0.02265625 0.11953125
0 0.44140625 0.2515625 0.00625 0.015625
2 0.86640625 0.29765625 0.015625 0.09453125
2 0.9234375 0.44921875 0.02421875 0.115625
2 0.77578125 0.84375 0.0328125 0.15703125
2 0.990625 0.80234375 0.01796875 0.1453125