2 0.175 0.409375 0.021875 0.10703125
2 0.22109375 0.43515625 0.02421875 0.10859375
2 0.278125 0.51640625 0.02578125 0.12421875
2 0.3296875 0.33828125 0.01796875 0.09453125
2 0.40546875 0.290625 0.015625 0.08046875
3 0.44609375 0.41015625 0.021875 0.103125
2 0.53515625 0.47890625 0.0203125 0.1078125
2 0.6 0.5390625 0.0234375 0.121875
2 0.40625 0.740625 0.03359375 0.13359375
2 0.515625 0.65703125 0.02109375 0.134375
2 0.7265625 0.840625 0.021875 0.1546875
2 0.8375 0.29296875 0.01328125 0.1015625
2 0.89375 0.4390625 0.021875 0.11015625
2 0.9921875 0.45859375 0.01484375 0.11953125
2 0.9625 0.79921875 0.03125 0.1484375