2 0.084375 0.75859375 0.034375 0.14140625
2 0.46328125 0.8203125 0.03125 0.15546875
2 0.71796875 0.84453125 0.03359375 0.1625
2 0.79609375 0.56640625 0.01953125 0.13671875
2 0.7953125 0.43125 0.01875 0.11875
2 0.68359375 0.38671875 0.02109375 0.1
2 0.62890625 0.27109375 0.02421875 0.08984375
2 0.41953125 0.50078125 0.025 0.11171875
2 0.3015625 0.4640625 0.0203125 0.1046875
2 0.29375 0.60546875 0.02265625 0.1328125
2 0.05625 0.51484375 0.03671875 0.1296875
2 0.153125 0.30078125 0.02109375 0.09140625
2 0.103125 0.296875 0.0203125 0.09296875
3 0.2328125 0.42890625 0.02109375 0.10625
0 0.60625 0.30859375 0.01015625 0.01953125