2 0.915625 0.75859375 0.034375 0.14140625
2 0.53671875 0.8203125 0.03125 0.15546875
2 0.28203125 0.84453125 0.03359375 0.1625
2 0.20390625 0.56640625 0.01953125 0.13671875
2 0.2046875 0.43125 0.01875 0.11875
2 0.31640625 0.38671875 0.02109375 0.1
2 0.37109375 0.27109375 0.02421875 0.08984375
2 0.58046875 0.50078125 0.025 0.11171875
2 0.6984375 0.4640625 0.0203125 0.1046875
2 0.70625 0.60546875 0.02265625 0.1328125
2 0.94375 0.51484375 0.03671875 0.1296875
2 0.846875 0.30078125 0.02109375 0.09140625
2 0.896875 0.296875 0.0203125 0.09296875
3 0.7671875 0.42890625 0.02109375 0.10625
0 0.39375 0.30859375 0.01015625 0.01953125