2 0.45859375 0.834375 0.0328125 0.1546875
2 0.30625 0.60390625 0.02734375 0.128125
2 0.4359375 0.50625 0.01953125 0.11953125
2 0.61875 0.275 0.03203125 0.08046875
2 0.68125 0.35625 0.028125 0.0953125
2 0.81328125 0.4359375 0.021875 0.11484375
2 0.80390625 0.57578125 0.021875 0.1328125
2 0.7015625 0.8671875 0.028125 0.16484375
2 0.30703125 0.46796875 0.015625 0.11015625
2 0.11796875 0.29375 0.02421875 0.1
2 0.05078125 0.521875 0.03046875 0.13046875
2 0.053125 0.778125 0.05546875 0.1328125
2 0.14921875 0.3078125 0.01796875 0.09140625
3 0.23203125 0.43828125 0.0171875 0.11640625
0 0.59765625 0.3109375 0.0109375 0.01796875