2 0.54140625 0.834375 0.0328125 0.1546875
2 0.69375 0.60390625 0.02734375 0.128125
2 0.5640625 0.50625 0.01953125 0.11953125
2 0.38125 0.275 0.03203125 0.08046875
2 0.31875 0.35625 0.028125 0.0953125
2 0.18671875 0.4359375 0.021875 0.11484375
2 0.19609375 0.57578125 0.021875 0.1328125
2 0.2984375 0.8671875 0.028125 0.16484375
2 0.69296875 0.46796875 0.015625 0.11015625
2 0.88203125 0.29375 0.02421875 0.1
2 0.94921875 0.521875 0.03046875 0.13046875
2 0.946875 0.778125 0.05546875 0.1328125
2 0.85078125 0.3078125 0.01796875 0.09140625
3 0.76796875 0.43828125 0.0171875 0.11640625
0 0.40234375 0.3109375 0.0109375 0.01796875