0 0.4203125 0.3140625 0.01328125 0.02109375
3 0.7203125 0.45703125 0.02421875 0.11640625
2 0.62109375 0.46796875 0.028125 0.1046875
2 0.50390625 0.5125 0.02890625 0.1109375
2 0.634375 0.60390625 0.02421875 0.1203125
2 0.51796875 0.85234375 0.03828125 0.15546875
2 0.3109375 0.32890625 0.0359375 0.090625
2 0.36875 0.27421875 0.02421875 0.08515625
2 0.80234375 0.315625 0.01484375 0.09140625
2 0.7953125 0.2984375 0.01484375 0.0859375
2 0.8890625 0.52890625 0.025 0.13359375
2 0.1609375 0.58984375 0.0390625 0.1234375
2 0.1171875 0.44375 0.03046875 0.11484375
2 0.2796875 0.915625 0.03984375 0.1625
2 0.97578125 0.7890625 0.040625 0.13125