2 0.02265625 0.2796875 0.02109375 0.1046875
2 0.05 0.47578125 0.0296875 0.11484375
2 0.11796875 0.74140625 0.06171875 0.128125
2 0.053125 0.96328125 0.02890625 0.0734375
2 0.28984375 0.48515625 0.0265625 0.11796875
2 0.09296875 0.1171875 0.0171875 0.08046875
2 0.22109375 0.215625 0.01484375 0.08203125
2 0.3546875 0.2984375 0.01796875 0.08359375
2 0.44140625 0.4875 0.021875 0.1109375
2 0.4578125 0.32421875 0.02578125 0.0921875
2 0.6078125 0.2546875 0.028125 0.0859375
2 0.8453125 0.38203125 0.0171875 0.115625
2 0.75 0.62890625 0.03671875 0.13046875
0 0.5953125 0.29140625 0.01015625 0.02109375