2 0.97734375 0.2796875 0.02109375 0.1046875
2 0.95 0.47578125 0.0296875 0.11484375
2 0.88203125 0.74140625 0.06171875 0.128125
2 0.946875 0.96328125 0.02890625 0.0734375
2 0.71015625 0.48515625 0.0265625 0.11796875
2 0.90703125 0.1171875 0.0171875 0.08046875
2 0.77890625 0.215625 0.01484375 0.08203125
2 0.6453125 0.2984375 0.01796875 0.08359375
2 0.55859375 0.4875 0.021875 0.1109375
2 0.5421875 0.32421875 0.02578125 0.0921875
2 0.3921875 0.2546875 0.028125 0.0859375
2 0.1546875 0.38203125 0.0171875 0.115625
2 0.25 0.62890625 0.03671875 0.13046875
0 0.4046875 0.29140625 0.01015625 0.02109375