2 0.5359375 0.4390625 0.01953125 0.040625
2 0.45703125 0.503125 0.015625 0.05625
3 0.39375 0.528125 0.01953125 0.05390625
2 0.63046875 0.49921875 0.01328125 0.0515625
2 0.42734375 0.39453125 0.01171875 0.04375
2 0.4734375 0.45859375 0.0109375 0.05
2 0.54296875 0.46875 0.01328125 0.0484375
1 0.8359375 0.46953125 0.0265625 0.0453125
2 0.4359375 0.42578125 0.009375 0.053125
2 0.40703125 0.51328125 0.01640625 0.05859375
2 0.57421875 0.48125 0.0265625 0.05390625
2 0.33125 0.4203125 0.0109375 0.0484375
2 0.63046875 0.53203125 0.01875 0.0546875
2 0.51953125 0.49609375 0.01640625 0.05859375
2 0.69453125 0.5890625 0.01640625 0.06171875
2 0.1265625 0.5390625 0.01484375 0.0640625
2 0.19609375 0.58359375 0.01328125 0.0703125
2 0.4765625 0.55625 0.01328125 0.0640625
2 0.34375 0.528125 0.0171875 0.0609375
2 0.703125 0.6359375 0.015625 0.0703125
2 0.28203125 0.625 0.01484375 0.071875
2 0.46484375 0.49140625 0.01171875 0.059375
3 0.41484375 0.35390625 0.015625 0.0359375
0 0.5734375 0.4203125 0.00703125 0.0125