2 0.6421875 0.43828125 0.01171875 0.03984375
3 0.53515625 0.4875 0.01875 0.04921875
3 0.5578125 0.36171875 0.009375 0.034375
2 0.4421875 0.428125 0.01015625 0.034375
2 0.16953125 0.51328125 0.025 0.04765625
2 0.57265625 0.446875 0.009375 0.04375
2 0.62578125 0.41796875 0.009375 0.04375
2 0.64921875 0.465625 0.01640625 0.0515625
2 0.21640625 0.41953125 0.0109375 0.05625
2 0.67578125 0.45703125 0.01328125 0.053125
2 0.8109375 0.45 0.0109375 0.04609375
2 0.10703125 0.46796875 0.0140625 0.046875
2 0.47265625 0.428125 0.01484375 0.034375
2 0.64453125 0.5078125 0.01328125 0.05078125
2 0.22734375 0.428125 0.01796875 0.04375
2 0.76484375 0.50078125 0.0125 0.046875
2 0.52109375 0.51015625 0.01953125 0.04609375
2 0.7859375 0.5140625 0.0125 0.05625
2 0.4609375 0.59375 0.01640625 0.05703125
2 0.265625 0.61328125 0.02265625 0.05546875
0 0.43515625 0.44921875 0.00546875 0.01015625
1 0.8609375 0.47265625 0.01875 0.05703125
2 0.1671875 0.5 0.0171875 0.04921875