2 0.35234375 0.4484375 0.00859375 0.03671875
2 0.33359375 0.41484375 0.00859375 0.0390625
2 0.5421875 0.39765625 0.00859375 0.03828125
2 0.3453125 0.44765625 0.00859375 0.04375
3 0.06484375 0.8703125 0.025 0.08828125
2 0.53125 0.46953125 0.01328125 0.040625
2 0.5265625 0.39921875 0.00859375 0.0359375
2 0.48671875 0.4359375 0.01328125 0.0390625
2 0.290625 0.421875 0.0109375 0.04140625
2 0.68671875 0.39296875 0.01171875 0.0359375
3 0.45 0.47421875 0.00859375 0.0484375
1 0.9203125 0.415625 0.00859375 0.03671875
2 0.625 0.53359375 0.01171875 0.05078125
2 0.3828125 0.4828125 0.01015625 0.0453125
2 0.709375 0.43359375 0.00859375 0.03984375
2 0.4625 0.5078125 0.01015625 0.046875
2 0.215625 0.490625 0.01328125 0.05
2 0.70546875 0.4984375 0.01171875 0.04921875
2 0.49765625 0.44921875 0.01640625 0.03828125
2 0.31484375 0.64375 0.01015625 0.05625
2 0.3453125 0.57578125 0.0109375 0.053125
2 0.24765625 0.509375 0.01171875 0.04375
2 0.25078125 0.7046875 0.015625 0.06484375
3 0.65703125 0.36796875 0.01015625 0.03125