2 0.3859375 0.4046875 0.0109375 0.05
2 0.365625 0.4609375 0.01015625 0.0515625
2 0.37421875 0.421875 0.01015625 0.046875
2 0.43671875 0.39921875 0.01328125 0.04921875
0 0.41640625 0.65703125 0.00625 0.0109375
2 0.346875 0.42109375 0.01171875 0.0546875
2 0.4796875 0.38671875 0.01171875 0.046875
2 0.19296875 0.6234375 0.01328125 0.059375
2 0.20703125 0.65390625 0.01953125 0.065625
2 0.28984375 0.45703125 0.01171875 0.0515625
1 0.21015625 0.4203125 0.01796875 0.05390625
2 0.3125 0.43828125 0.0109375 0.05078125
2 0.4140625 0.47578125 0.0125 0.0515625
2 0.5203125 0.42421875 0.0109375 0.0515625
3 0.49921875 0.45859375 0.01015625 0.05625
2 0.28671875 0.525 0.02265625 0.06484375
2 0.253125 0.57578125 0.02109375 0.06171875
2 0.6453125 0.42890625 0.01171875 0.05390625
2 0.64296875 0.534375 0.0125 0.0640625
2 0.3484375 0.59453125 0.01328125 0.053125
2 0.81328125 0.46015625 0.01640625 0.059375
2 0.44375 0.63671875 0.0171875 0.075
2 0.78828125 0.62421875 0.01875 0.07890625