2 0.653125 0.42578125 0.01015625 0.0359375
1 0.83359375 0.45 0.009375 0.04609375
2 0.24765625 0.503125 0.01484375 0.05625
2 0.64765625 0.4265625 0.0109375 0.03984375
2 0.678125 0.390625 0.01171875 0.046875
2 0.7546875 0.43828125 0.01328125 0.0453125
2 0.8203125 0.46796875 0.00859375 0.0453125
2 0.6890625 0.41875 0.01171875 0.0484375
2 0.5265625 0.3890625 0.01015625 0.04296875
2 0.553125 0.44453125 0.01015625 0.04609375
2 0.2390625 0.409375 0.0125 0.0453125
2 0.2484375 0.5234375 0.0140625 0.06171875
2 0.728125 0.44921875 0.01640625 0.05078125
2 0.8109375 0.48359375 0.01328125 0.05390625
3 0.61328125 0.475 0.0125 0.0515625
2 0.21328125 0.41953125 0.01484375 0.04921875
2 0.58046875 0.509375 0.01171875 0.05703125
2 0.68671875 0.49609375 0.01171875 0.0546875
2 0.15234375 0.465625 0.0125 0.05546875
2 0.35078125 0.603125 0.01796875 0.06171875
2 0.49375 0.596875 0.0203125 0.065625
0 0.634375 0.4421875 0.00546875 0.0109375
3 0.59609375 0.33828125 0.00859375 0.0375