2 0.66796875 0.35703125 0.0140625 0.04140625
3 0.08203125 0.97109375 0.03046875 0.05703125
2 0.7875 0.478125 0.01328125 0.05546875
2 0.61875 0.3890625 0.0140625 0.04140625
1 0.96015625 0.44296875 0.01484375 0.04921875
3 0.60625 0.46484375 0.01640625 0.05390625
2 0.65546875 0.3890625 0.01484375 0.0375
2 0.75625 0.46640625 0.02265625 0.05078125
2 0.39140625 0.38515625 0.01015625 0.04453125
2 0.3203125 0.49140625 0.01171875 0.0515625
2 0.7984375 0.48359375 0.01171875 0.053125
2 0.2796875 0.62109375 0.0234375 0.06328125
2 0.45859375 0.44140625 0.01015625 0.04921875
2 0.15546875 0.43828125 0.0125 0.04921875
2 0.76015625 0.41015625 0.01484375 0.04609375
2 0.67265625 0.42109375 0.01953125 0.04375
2 0.2109375 0.425 0.01796875 0.0515625
2 0.47734375 0.5359375 0.01484375 0.06171875
2 0.184375 0.48671875 0.015625 0.06171875
2 0.35390625 0.61796875 0.0203125 0.06796875
2 0.82109375 0.46953125 0.01875 0.05546875
2 0.2484375 0.5234375 0.0171875 0.0640625
2 0.6546875 0.5015625 0.0203125 0.0546875
3 0.62421875 0.328125 0.0125 0.0390625
0 0.67578125 0.39140625 0.0046875 0.00859375