2 0.7984375 0.43515625 0.01640625 0.11953125
2 0.04921875 0.51953125 0.02890625 0.134375
2 0.06640625 0.77265625 0.04296875 0.14921875
2 0.2953125 0.60546875 0.02421875 0.13046875
2 0.30078125 0.465625 0.02265625 0.10390625
2 0.14453125 0.3046875 0.021875 0.09375
2 0.10546875 0.29609375 0.01640625 0.1015625
2 0.42265625 0.5015625 0.02578125 0.11640625
2 0.45546875 0.82578125 0.0328125 0.1515625
2 0.68046875 0.37890625 0.03125 0.09375
2 0.6203125 0.271875 0.02734375 0.0890625
0 0.59375 0.31015625 0.01015625 0.01875
3 0.228125 0.434375 0.01875 0.10546875
2 0.70703125 0.853125 0.02890625 0.165625
2 0.79609375 0.56875 0.01953125 0.13671875