2 0.40625 0.34921875 0.00703125 0.03046875
2 0.3796875 0.42421875 0.00859375 0.0484375
2 0.384375 0.43359375 0.01328125 0.0421875
2 0.1765625 0.43359375 0.00859375 0.04375
2 0.47890625 0.3734375 0.00625 0.03125
2 0.5921875 0.3703125 0.00703125 0.03359375
2 0.2296875 0.39296875 0.00859375 0.0359375
2 0.25234375 0.403125 0.01015625 0.0390625
3 0.3453125 0.40625 0.0109375 0.04140625
2 0.58203125 0.50703125 0.01171875 0.05390625
2 0.35703125 0.50234375 0.009375 0.053125
2 0.13203125 0.52578125 0.01171875 0.05703125
2 0.65859375 0.396875 0.00859375 0.04140625
2 0.5671875 0.42890625 0.009375 0.04140625
1 0.91953125 0.459375 0.0171875 0.04609375
2 0.17734375 0.53125 0.01328125 0.0609375
2 0.7953125 0.446875 0.00859375 0.0453125
2 0.52890625 0.6234375 0.0140625 0.065625
2 0.58046875 0.59453125 0.01484375 0.06328125
2 0.14453125 0.58046875 0.015625 0.06171875
2 0.54609375 0.53125 0.01484375 0.0515625
0 0.74453125 0.5375 0.0078125 0.01484375
2 0.684375 0.43359375 0.01484375 0.03828125
3 0.63203125 0.32421875 0.00703125 0.02890625