2 0.2078125 0.83984375 0.04375 0.153125
2 0.76796875 0.40390625 0.0203125 0.1015625
2 0.715625 0.521875 0.02890625 0.12265625
2 0.678125 0.41484375 0.01953125 0.09921875
2 0.60625 0.34921875 0.0171875 0.09765625
2 0.5609375 0.29609375 0.01953125 0.075
3 0.51875 0.403125 0.02109375 0.1078125
2 0.4171875 0.48359375 0.02109375 0.10625
2 0.365625 0.55546875 0.0234375 0.11875
2 0.428125 0.6828125 0.021875 0.13515625
2 0.5125 0.75 0.03203125 0.1390625
2 0.071875 0.446875 0.028125 0.11796875
2 0.13984375 0.29921875 0.015625 0.09453125
2 0.003125 0.78125 0.00625 0.04296875