3 0.3375 0.09921875 0.01796875 0.06796875
0 0.45234375 0.415625 0.01015625 0.02265625
2 0.121875 0.56953125 0.02421875 0.12578125
2 0.39609375 0.25390625 0.02109375 0.0875
2 0.43828125 0.40390625 0.025 0.090625
2 0.509375 0.43125 0.02421875 0.109375
2 0.7578125 0.565625 0.02421875 0.1125
2 0.68984375 0.14296875 0.021875 0.06953125
2 0.771875 0.32109375 0.03046875 0.0796875
2 0.99453125 0.22109375 0.0109375 0.0765625
2 0.85078125 0.6390625 0.02265625 0.13203125
2 0.56171875 0.978125 0.0265625 0.04375