2 0.93984375 0.71015625 0.046875 0.15390625
2 0.63828125 0.421875 0.025 0.1078125
2 0.60546875 0.2765625 0.04140625 0.0890625
3 0.6890625 0.16953125 0.01484375 0.0859375
0 0.5953125 0.30234375 0.0125 0.0234375
2 0.53125 0.2890625 0.03125 0.08671875
2 0.5296875 0.484375 0.02265625 0.128125
2 0.33203125 0.4703125 0.0265625 0.11328125
2 0.40078125 0.19609375 0.028125 0.08515625
2 0.24296875 0.23828125 0.0171875 0.084375
2 0.1390625 0.3 0.03125 0.084375
2 0.1359375 0.40078125 0.0234375 0.10703125
2 0.290625 0.61796875 0.03515625 0.12734375
2 0.103125 0.2921875 0.04375 0.084375