2 0.2640625 0.84140625 0.0265625 0.1546875
2 0.8171875 0.4078125 0.02109375 0.1078125
2 0.76875 0.43359375 0.0296875 0.10390625
2 0.71796875 0.51796875 0.02578125 0.125
2 0.6625 0.33828125 0.0203125 0.09921875
2 0.58671875 0.29296875 0.015625 0.08125
2 0.58515625 0.74140625 0.034375 0.13984375
2 0.47734375 0.66015625 0.02265625 0.13203125
2 0.45546875 0.47890625 0.02421875 0.10625
2 0.39296875 0.54296875 0.02265625 0.121875
2 0.0984375 0.44140625 0.0203125 0.1140625
2 0.15546875 0.29453125 0.0125 0.10078125
2 0.00390625 0.4609375 0.0078125 0.1203125
2 0.02890625 0.80078125 0.0296875 0.14765625
3 0.5453125 0.409375 0.0234375 0.1015625