2 0.93671875 0.83984375 0.03984375 0.1609375
2 0.98671875 0.42265625 0.02578125 0.103125
2 0.93203125 0.38046875 0.03046875 0.0984375
2 0.8296875 0.64140625 0.0296875 0.1328125
2 0.68125 0.28203125 0.02578125 0.07265625
2 0.55 0.35859375 0.01953125 0.090625
2 0.4765625 0.25234375 0.0296875 0.075
2 0.40546875 0.28984375 0.01875 0.0984375
2 0.40078125 0.53828125 0.02734375 0.11328125
2 0.03515625 0.50234375 0.0296875 0.128125
2 0.09296875 0.80078125 0.04609375 0.159375
0 0.50625 0.28125 0.01015625 0.0171875