2 0.46953125 0.86484375 0.04609375 0.1578125
2 0.00625 0.41796875 0.01171875 0.103125
2 0.15625 0.54453125 0.03828125 0.128125
2 0.00703125 0.490625 0.0140625 0.028125
2 0.240625 0.31953125 0.0203125 0.0890625
2 0.2859375 0.30390625 0.02109375 0.0953125
2 0.4171875 0.61328125 0.0390625 0.12421875
2 0.4375 0.4671875 0.015625 0.10625
2 0.54921875 0.5203125 0.025 0.11328125
2 0.64296875 0.28671875 0.0296875 0.06953125
2 0.671875 0.3140625 0.03046875 0.090625
2 0.8375 0.5953125 0.04609375 0.13125
2 0.953125 0.4515625 0.0234375 0.121875
2 0.70703125 0.92421875 0.05 0.15078125
3 0.309375 0.48359375 0.03125 0.109375
0 0.61328125 0.31015625 0.0125 0.02109375