2 0.0328125 0.4453125 0.03359375 0.09453125
2 0.0609375 0.49609375 0.02421875 0.09453125
2 0.0734375 0.56328125 0.0328125 0.11796875
2 0.2359375 0.67109375 0.03515625 0.1109375
3 0.12421875 0.5234375 0.03515625 0.10390625
3 0.54375 0.28125 0.03046875 0.0734375
2 0.39921875 0.3578125 0.02578125 0.08515625
2 0.55703125 0.36640625 0.01953125 0.08359375
2 0.6484375 0.42109375 0.04296875 0.0859375
2 0.71953125 0.46328125 0.02578125 0.0875
2 0.734375 0.52421875 0.03125 0.11015625
2 0.7546875 0.63046875 0.02890625 0.11484375