2 0.0203125 0.31015625 0.03125 0.09140625
2 0.04140625 0.6359375 0.0359375 0.13828125
2 0.01484375 0.95703125 0.0296875 0.0859375
2 0.39140625 0.29375 0.02421875 0.084375
2 0.425 0.3125 0.02734375 0.09375
2 0.4484375 0.34453125 0.03046875 0.10546875
2 0.459375 0.509375 0.03046875 0.13515625
2 0.63515625 0.33828125 0.0296875 0.09609375
2 0.88984375 0.35625 0.021875 0.115625
2 0.90546875 0.38046875 0.03125 0.11171875
2 0.80625 0.66875 0.0453125 0.13671875
3 0.40625 0.4515625 0.02734375 0.11484375
3 0.78828125 0.2421875 0.03125 0.09140625
0 0.409375 0.32421875 0.01015625 0.02109375