2 0.75078125 0.73046875 0.02890625 0.13671875
2 0.83046875 0.50234375 0.021875 0.128125
2 0.9390625 0.42578125 0.021875 0.109375
2 0.978125 0.39921875 0.01875 0.11015625
2 0.79609375 0.3109375 0.01875 0.10234375
2 0.7203125 0.28125 0.01796875 0.0828125
2 0.590625 0.46015625 0.021875 0.1046875
2 0.609375 0.625 0.02578125 0.13515625
2 0.51328125 0.51328125 0.02578125 0.11796875
0 0.4328125 0.2828125 0.0125 0.021875
2 0.284375 0.275 0.01484375 0.0953125
2 0.22734375 0.40625 0.02109375 0.1109375
2 0.12734375 0.428125 0.0265625 0.12109375
2 0.109375 0.55546875 0.025 0.13203125
2 0.16953125 0.7875 0.0359375 0.14453125
2 0.41640625 0.81328125 0.03125 0.1515625
3 0.66015625 0.3984375 0.0234375 0.11171875