2 0.24921875 0.73046875 0.02890625 0.13671875
2 0.16953125 0.50234375 0.021875 0.128125
2 0.0609375 0.42578125 0.021875 0.109375
2 0.021875 0.39921875 0.01875 0.11015625
2 0.20390625 0.3109375 0.01875 0.10234375
2 0.2796875 0.28125 0.01796875 0.0828125
2 0.409375 0.46015625 0.021875 0.1046875
2 0.390625 0.625 0.02578125 0.13515625
2 0.48671875 0.51328125 0.02578125 0.11796875
0 0.5671875 0.2828125 0.0125 0.021875
2 0.715625 0.275 0.01484375 0.0953125
2 0.77265625 0.40625 0.02109375 0.1109375
2 0.87265625 0.428125 0.0265625 0.12109375
2 0.890625 0.55546875 0.025 0.13203125
2 0.83046875 0.7875 0.0359375 0.14453125
2 0.58359375 0.81328125 0.03125 0.1515625
3 0.33984375 0.3984375 0.0234375 0.11171875