2 0.04609375 0.71640625 0.0453125 0.15078125
2 0.06015625 0.38515625 0.02265625 0.128125
2 0.009375 0.37734375 0.01875 0.1265625
2 0.41171875 0.31640625 0.0265625 0.1109375
2 0.45859375 0.50390625 0.03046875 0.13359375
2 0.58359375 0.29921875 0.03203125 0.04609375
0 0.55625 0.2953125 0.0125 0.025
2 0.6375 0.2921875 0.0234375 0.09296875
2 0.70078125 0.34921875 0.02578125 0.12109375
2 0.94609375 0.31015625 0.03203125 0.10390625
3 0.57890625 0.4515625 0.04375 0.13125
3 0.1671875 0.23828125 0.034375 0.10625
2 0.99453125 0.64765625 0.0109375 0.08203125