2 0.7703125 0.97890625 0.0234375 0.04140625
2 0.15703125 0.334375 0.03828125 0.11484375
2 0.2703125 0.528125 0.04453125 0.1484375
2 0.4828125 0.3546875 0.0265625 0.11875
2 0.53671875 0.27578125 0.02109375 0.1125
2 0.67890625 0.3078125 0.02421875 0.1125
2 0.72578125 0.303125 0.02265625 0.1203125
2 0.91953125 0.66640625 0.0515625 0.171875
2 0.690625 0.90546875 0.04765625 0.18671875
3 0.5125 0.45234375 0.03515625 0.13515625
3 0.11953125 0.2359375 0.0265625 0.11640625
2 0.9921875 0.4015625 0.015625 0.12109375
0 0.52265625 0.24375 0.009375 0.0203125