2 0.70234375 0.8953125 0.0421875 0.1609375
2 0.0390625 0.784375 0.05625 0.13671875
2 0.4609375 0.840625 0.034375 0.159375
2 0.81328125 0.5765625 0.03203125 0.13046875
2 0.83203125 0.43828125 0.03359375 0.11953125
2 0.675 0.3421875 0.02578125 0.1
2 0.6125 0.27265625 0.03125 0.08515625
2 0.4515625 0.50546875 0.028125 0.11171875
2 0.31875 0.60390625 0.02734375 0.12421875
2 0.06953125 0.5265625 0.03125 0.1328125
2 0.13984375 0.29375 0.02421875 0.09609375
2 0.159375 0.31171875 0.01484375 0.0890625
2 0.3265625 0.4640625 0.025 0.10625
3 0.24296875 0.446875 0.02578125 0.115625
0 0.55703125 0.31015625 0.01171875 0.01796875