2 0.29765625 0.8953125 0.0421875 0.1609375
2 0.9609375 0.784375 0.05625 0.13671875
2 0.5390625 0.840625 0.034375 0.159375
2 0.18671875 0.5765625 0.03203125 0.13046875
2 0.16796875 0.43828125 0.03359375 0.11953125
2 0.325 0.3421875 0.02578125 0.1
2 0.3875 0.27265625 0.03125 0.08515625
2 0.5484375 0.50546875 0.028125 0.11171875
2 0.68125 0.60390625 0.02734375 0.12421875
2 0.93046875 0.5265625 0.03125 0.1328125
2 0.86015625 0.29375 0.02421875 0.09609375
2 0.840625 0.31171875 0.01484375 0.0890625
2 0.6734375 0.4640625 0.025 0.10625
3 0.75703125 0.446875 0.02578125 0.115625
0 0.44296875 0.31015625 0.01171875 0.01796875