2 0.2625 0.97109375 0.02890625 0.05703125
2 0.35078125 0.8890625 0.0484375 0.18203125
2 0.11015625 0.6609375 0.03984375 0.16171875
2 0.02109375 0.4015625 0.02890625 0.125
2 0.290625 0.303125 0.0234375 0.1125
2 0.34296875 0.30859375 0.034375 0.11015625
2 0.4703125 0.275 0.021875 0.109375
2 0.52109375 0.37265625 0.02578125 0.11875
2 0.7453125 0.5296875 0.02734375 0.1515625
2 0.84609375 0.33125 0.02421875 0.11796875
3 0.50546875 0.45 0.0203125 0.1328125
3 0.88515625 0.24140625 0.03046875 0.10859375
0 0.48515625 0.25390625 0.0109375 0.0203125