2 0.7375 0.97109375 0.02890625 0.05703125
2 0.64921875 0.8890625 0.0484375 0.18203125
2 0.88984375 0.6609375 0.03984375 0.16171875
2 0.97890625 0.4015625 0.02890625 0.125
2 0.709375 0.303125 0.0234375 0.1125
2 0.65703125 0.30859375 0.034375 0.11015625
2 0.5296875 0.275 0.021875 0.109375
2 0.47890625 0.37265625 0.02578125 0.11875
2 0.2546875 0.5296875 0.02734375 0.1515625
2 0.15390625 0.33125 0.02421875 0.11796875
3 0.49453125 0.45 0.0203125 0.1328125
3 0.11484375 0.24140625 0.03046875 0.10859375
0 0.51484375 0.25390625 0.0109375 0.0203125