2 0.33515625 0.953125 0.0515625 0.09375
2 0.43515625 0.8515625 0.0375 0.16875
2 0.18046875 0.64453125 0.0453125 0.14375
2 0.034375 0.646875 0.03828125 0.1578125
2 0.06953125 0.3984375 0.02421875 0.11171875
2 0.32421875 0.30390625 0.02578125 0.1078125
2 0.39296875 0.315625 0.03984375 0.096875
2 0.48046875 0.2890625 0.02734375 0.1015625
2 0.52265625 0.375 0.02890625 0.1140625
2 0.75 0.53046875 0.02734375 0.146875
2 0.82265625 0.33984375 0.0359375 0.1078125
3 0.52890625 0.4578125 0.021875 0.12890625
3 0.86875 0.253125 0.02734375 0.1078125
0 0.49453125 0.26953125 0.00859375 0.01875