2 0.66484375 0.953125 0.0515625 0.09375
2 0.56484375 0.8515625 0.0375 0.16875
2 0.81953125 0.64453125 0.0453125 0.14375
2 0.965625 0.646875 0.03828125 0.1578125
2 0.93046875 0.3984375 0.02421875 0.11171875
2 0.67578125 0.30390625 0.02578125 0.1078125
2 0.60703125 0.315625 0.03984375 0.096875
2 0.51953125 0.2890625 0.02734375 0.1015625
2 0.47734375 0.375 0.02890625 0.1140625
2 0.25 0.53046875 0.02734375 0.146875
2 0.17734375 0.33984375 0.0359375 0.1078125
3 0.47109375 0.4578125 0.021875 0.12890625
3 0.13125 0.253125 0.02734375 0.1078125
0 0.50546875 0.26953125 0.00859375 0.01875