2 0.63828125 0.94296875 0.03125 0.1140625
2 0.1875 0.34296875 0.03046875 0.1078125
2 0.25078125 0.52734375 0.0296875 0.140625
2 0.53359375 0.83984375 0.03046875 0.16640625
2 0.475 0.375 0.0265625 0.10703125
2 0.5140625 0.29140625 0.0203125 0.0984375
2 0.58828125 0.31484375 0.0390625 0.09453125
2 0.66484375 0.30546875 0.0203125 0.103125
2 0.9125 0.39453125 0.01953125 0.10703125
2 0.91484375 0.63671875 0.02578125 0.13984375
2 0.79765625 0.6328125 0.0234375 0.1421875
3 0.46484375 0.465625 0.025 0.12578125
3 0.1375 0.25546875 0.02421875 0.103125