2 0.421875 0.9296875 0.0484375 0.13984375
2 0.81328125 0.32578125 0.02265625 0.1109375
2 0.75390625 0.5203125 0.02421875 0.13828125
2 0.5265625 0.81328125 0.04609375 0.171875
2 0.24609375 0.61171875 0.03046875 0.13671875
2 0.153125 0.6125 0.02734375 0.13828125
2 0.11328125 0.378125 0.02265625 0.1046875
2 0.36484375 0.28984375 0.0203125 0.1
2 0.446875 0.303125 0.03515625 0.0921875
2 0.50546875 0.28515625 0.021875 0.09375
0 0.46328125 0.2390625 0.009375 0.021875
2 0.528125 0.3671875 0.028125 0.1109375
3 0.859375 0.2484375 0.02734375 0.10703125
3 0.54453125 0.4640625 0.02109375 0.12421875