2 0.46328125 0.92421875 0.03359375 0.15078125
2 0.5671875 0.79765625 0.0328125 0.165625
2 0.27734375 0.596875 0.02265625 0.1375
2 0.1921875 0.5953125 0.028125 0.1375
2 0.13046875 0.3671875 0.0203125 0.10390625
2 0.3875 0.28515625 0.02734375 0.0984375
2 0.4703125 0.2984375 0.034375 0.09296875
2 0.53125 0.27890625 0.021875 0.096875
2 0.54140625 0.3578125 0.03125 0.1140625
2 0.76796875 0.51328125 0.02890625 0.140625
2 0.81484375 0.31953125 0.0234375 0.1015625
3 0.8703125 0.2421875 0.02578125 0.0984375
3 0.55546875 0.4625 0.0328125 0.11953125
0 0.434375 0.24765625 0.01015625 0.02109375