0 0.57578125 0.28515625 0.01171875 0.02421875
2 0.59375 0.28984375 0.03125 0.0890625
2 0.44609375 0.35703125 0.02890625 0.1109375
2 0.509375 0.28984375 0.02421875 0.1
2 0.44921875 0.28125 0.02578125 0.09609375
2 0.175 0.3203125 0.02109375 0.103125
2 0.21875 0.5140625 0.034375 0.13828125
2 0.4125 0.796875 0.04296875 0.1578125
2 0.70078125 0.596875 0.0359375 0.13515625
2 0.7796875 0.5890625 0.0328125 0.13671875
2 0.85703125 0.36328125 0.02734375 0.1
2 0.5140625 0.92109375 0.03828125 0.15703125
3 0.11953125 0.23984375 0.02578125 0.10390625
3 0.4328125 0.46640625 0.02890625 0.12109375