2 0.5828125 0.90859375 0.05234375 0.16875
2 0.66328125 0.77578125 0.03203125 0.15859375
3 0.590625 0.47265625 0.0296875 0.1296875
3 0.90390625 0.23359375 0.025 0.10546875
2 0.82578125 0.50703125 0.03203125 0.13984375
2 0.859375 0.3078125 0.02734375 0.103125
2 0.61171875 0.27578125 0.0203125 0.09765625
2 0.5375 0.35 0.03984375 0.103125
2 0.5453125 0.29296875 0.03046875 0.0953125
2 0.440625 0.27734375 0.0203125 0.1
0 0.41953125 0.22421875 0.0109375 0.03125
2 0.19375 0.3515625 0.01796875 0.10703125
2 0.36875 0.57578125 0.0296875 0.13515625
2 0.28671875 0.5671875 0.025 0.13359375