2 0.4171875 0.90859375 0.05234375 0.16875
2 0.33671875 0.77578125 0.03203125 0.15859375
3 0.409375 0.47265625 0.0296875 0.1296875
3 0.09609375 0.23359375 0.025 0.10546875
2 0.17421875 0.50703125 0.03203125 0.13984375
2 0.140625 0.3078125 0.02734375 0.103125
2 0.38828125 0.27578125 0.0203125 0.09765625
2 0.4625 0.35 0.03984375 0.103125
2 0.4546875 0.29296875 0.03046875 0.0953125
2 0.559375 0.27734375 0.0203125 0.1
0 0.58046875 0.22421875 0.0109375 0.03125
2 0.80625 0.3515625 0.01796875 0.10703125
2 0.63125 0.57578125 0.0296875 0.13515625
2 0.71328125 0.5671875 0.025 0.13359375