2 0.825 0.3921875 0.009375 0.0453125
2 0.69140625 0.3109375 0.00703125 0.03203125
2 0.78984375 0.41875 0.009375 0.04609375
1 0.16640625 0.36015625 0.015625 0.04296875
2 0.58046875 0.4125 0.01015625 0.04921875
2 0.6046875 0.353125 0.00703125 0.03984375
3 0.63984375 0.40859375 0.01015625 0.0484375
2 0.72421875 0.4890625 0.009375 0.0546875
2 0.765625 0.47578125 0.01640625 0.0546875
2 0.41015625 0.31015625 0.00703125 0.03671875
2 0.91171875 0.46015625 0.01328125 0.0515625
2 0.89453125 0.4765625 0.0125 0.05703125
2 0.75078125 0.4140625 0.009375 0.0453125
2 0.53359375 0.428125 0.01328125 0.04609375
2 0.86875 0.584375 0.0140625 0.06484375
2 0.8328125 0.6546875 0.01484375 0.07578125
2 0.91640625 0.54921875 0.01484375 0.0640625
2 0.56796875 0.49921875 0.01484375 0.05625
2 0.61484375 0.69921875 0.01640625 0.0796875
3 0.9046875 0.3109375 0.01171875 0.03828125
2 0.89375 0.403125 0.01484375 0.05234375
2 0.80859375 0.33515625 0.0140625 0.04296875
2 0.01171875 0.43359375 0.01328125 0.0546875
0 0.04375 0.44765625 0.00546875 0.009375