2 0.23203125 0.55546875 0.015625 0.05234375
2 0.4609375 0.46796875 0.01640625 0.05546875
2 0.55546875 0.5390625 0.0109375 0.05859375
3 0.521875 0.45625 0.009375 0.04765625
2 0.5703125 0.303125 0.009375 0.03984375
2 0.6109375 0.4375 0.0140625 0.04921875
2 0.6453125 0.41328125 0.01484375 0.0453125
2 0.67734375 0.42578125 0.01484375 0.0421875
2 0.70390625 0.4140625 0.0171875 0.04765625
2 0.72421875 0.43984375 0.01328125 0.0515625
2 0.721875 0.4140625 0.01328125 0.04765625
2 0.76171875 0.44375 0.01171875 0.0484375
2 0.6734375 0.53125 0.01015625 0.0484375
2 0.721875 0.59140625 0.0328125 0.06015625
2 0.76796875 0.46640625 0.0109375 0.0515625
2 0.78671875 0.428125 0.0125 0.0578125
2 0.7984375 0.45234375 0.01328125 0.05390625
2 0.8046875 0.44921875 0.0109375 0.05546875
2 0.7984375 0.4375 0.0078125 0.04765625
1 0.85234375 0.4671875 0.0125 0.0515625
2 0.8625 0.4921875 0.0140625 0.0515625
2 0.86953125 0.4953125 0.01015625 0.05390625