2 0.11796875 0.59140625 0.0109375 0.0421875
0 0.12578125 0.60703125 0.00625 0.01328125
2 0.228125 0.5875 0.01015625 0.03828125
2 0.19765625 0.72734375 0.01640625 0.04921875
2 0.26484375 0.44140625 0.0125 0.03046875
3 0.25234375 0.36328125 0.00625 0.025
3 0.5015625 0.4921875 0.0078125 0.03671875
2 0.35625 0.45234375 0.009375 0.03359375
2 0.41875 0.58125 0.01015625 0.04296875
2 0.3796875 0.61171875 0.01015625 0.04609375
2 0.3890625 0.71015625 0.01484375 0.0484375
2 0.49765625 0.7546875 0.01015625 0.05625
2 0.50703125 0.6046875 0.009375 0.04453125
2 0.525 0.51171875 0.0109375 0.0359375
2 0.4671875 0.37734375 0.0078125 0.02890625
2 0.56640625 0.44140625 0.00859375 0.0328125
2 0.5875 0.51953125 0.01015625 0.0390625
2 0.61171875 0.5109375 0.00859375 0.040625
2 0.625 0.54375 0.00625 0.03984375
2 0.646875 0.5875 0.009375 0.04765625
2 0.603125 0.61328125 0.0125 0.0375
2 0.63046875 0.678125 0.0078125 0.04765625
2 0.62578125 0.6921875 0.01015625 0.05625
3 0.740625 0.7828125 0.01328125 0.053125
1 0.87578125 0.47421875 0.009375 0.03984375