2 0.615625 0.72578125 0.01484375 0.06875
2 0.31875 0.6578125 0.01015625 0.0609375
2 0.3890625 0.49375 0.0109375 0.04765625
2 0.9203125 0.61015625 0.0125 0.05546875
2 0.13515625 0.55546875 0.01484375 0.05546875
2 0.1609375 0.4421875 0.0125 0.04453125
2 0.19296875 0.66953125 0.015625 0.06640625
2 0.71015625 0.61015625 0.0109375 0.0515625
2 0.7046875 0.60546875 0.0109375 0.05078125
2 0.734375 0.41484375 0.01015625 0.03828125
2 0.54375 0.3296875 0.009375 0.03671875
2 0.4921875 0.39765625 0.009375 0.040625
2 0.8390625 0.47890625 0.0109375 0.04921875
2 0.26640625 0.4171875 0.0109375 0.04453125
2 0.26484375 0.36640625 0.009375 0.04140625
2 0.1734375 0.475 0.01171875 0.04921875
2 0.41171875 0.28671875 0.00859375 0.03125
2 0.55859375 0.40625 0.009375 0.04375
1 0.78515625 0.3875 0.00859375 0.04140625
0 0.77890625 0.4046875 0.00390625 0.00625
2 0.67265625 0.328125 0.00859375 0.03671875
2 0.5171875 0.51484375 0.0078125 0.04375
2 0.5234375 0.51015625 0.0078125 0.05078125
3 0.29453125 0.45234375 0.0109375 0.04375