2 0.56640625 0.66796875 0.021875 0.04921875
2 0.72421875 0.6078125 0.0109375 0.04609375
2 0.7 0.4734375 0.01328125 0.03984375
2 0.66875 0.421875 0.00859375 0.03203125
2 0.78125 0.425 0.00859375 0.0375
3 0.77890625 0.375 0.00703125 0.0296875
3 0.46796875 0.42578125 0.00859375 0.03203125
2 0.61484375 0.53359375 0.01328125 0.03984375
2 0.859375 0.52890625 0.01015625 0.040625
2 0.4890625 0.38203125 0.00625 0.0265625
2 0.5296875 0.446875 0.01171875 0.03203125
2 0.4765625 0.40625 0.0109375 0.0296875
2 0.44296875 0.45703125 0.0109375 0.034375
2 0.44921875 0.37890625 0.009375 0.02421875
2 0.4515625 0.36875 0.00859375 0.02578125
2 0.43125 0.3546875 0.01171875 0.02890625
2 0.421875 0.35859375 0.0078125 0.0265625
2 0.43359375 0.38984375 0.009375 0.02421875
2 0.41953125 0.3890625 0.00859375 0.03203125
2 0.365625 0.471875 0.01328125 0.04375
2 0.33828125 0.48125 0.009375 0.03515625
2 0.31875 0.459375 0.009375 0.03984375
1 0.1796875 0.4421875 0.00859375 0.0390625
3 0.02890625 0.76953125 0.025 0.05390625