2 0.37109375 0.5171875 0.0078125 0.04453125
2 0.22734375 0.56171875 0.009375 0.04765625
2 0.48125 0.434375 0.00703125 0.0375
2 0.3125 0.50859375 0.0109375 0.04453125
2 0.559375 0.54140625 0.009375 0.040625
1 0.40625 0.421875 0.009375 0.0390625
2 0.3234375 0.58515625 0.00859375 0.04140625
2 0.39765625 0.47265625 0.01015625 0.03828125
2 0.41953125 0.559375 0.009375 0.046875
2 0.8375 0.59921875 0.01015625 0.04609375
2 0.77265625 0.4890625 0.009375 0.04453125
3 0.59765625 0.50078125 0.00859375 0.03828125
2 0.55078125 0.63203125 0.01484375 0.04765625
2 0.578125 0.5453125 0.009375 0.0421875
2 0.6015625 0.41875 0.0125 0.034375
2 0.515625 0.4453125 0.0078125 0.03359375
2 0.46640625 0.46171875 0.00859375 0.034375
2 0.42734375 0.475 0.00859375 0.03359375
2 0.3375 0.54765625 0.0125 0.04140625
2 0.2515625 0.64453125 0.01171875 0.046875
0 0.246875 0.61640625 0.0046875 0.009375