2 0.86640625 0.528125 0.0125 0.05703125
2 0.71875 0.60234375 0.0125 0.06171875
2 0.47890625 0.659375 0.01328125 0.06171875
2 0.83515625 0.43359375 0.0125 0.04921875
2 0.69375 0.4765625 0.01171875 0.0546875
2 0.6296875 0.46171875 0.009375 0.05390625
2 0.5296875 0.50625 0.01015625 0.04921875
2 0.4390625 0.61484375 0.01171875 0.06171875
0 0.08671875 0.72890625 0.00546875 0.0109375
2 0.09765625 0.734375 0.01640625 0.06328125
2 0.4734375 0.46875 0.01328125 0.053125
2 0.553125 0.43828125 0.0125 0.05
2 0.53671875 0.4546875 0.009375 0.05234375
2 0.525 0.4625 0.01171875 0.04609375
2 0.5203125 0.45 0.00859375 0.04453125
2 0.51015625 0.47734375 0.0140625 0.04609375
2 0.50078125 0.4703125 0.00703125 0.04296875
2 0.51015625 0.446875 0.0078125 0.02265625
1 0.5015625 0.43671875 0.0203125 0.04296875
2 0.6546875 0.47109375 0.0125 0.05
2 0.64296875 0.46640625 0.0078125 0.053125
2 0.6484375 0.46640625 0.009375 0.04296875
3 0.6734375 0.52265625 0.01328125 0.05625