3 0.18671875 0.921875 0.01953125 0.084375
2 0.28984375 0.75703125 0.01484375 0.07578125
2 0.54609375 0.8234375 0.01796875 0.0859375
2 0.309375 0.63125 0.015625 0.06875
2 0.4703125 0.5515625 0.0109375 0.05390625
2 0.31875 0.41328125 0.0109375 0.05390625
2 0.33359375 0.3765625 0.01015625 0.0484375
2 0.3671875 0.30546875 0.0078125 0.04296875
2 0.43515625 0.24296875 0.00546875 0.0375
2 0.403125 0.3328125 0.00546875 0.0484375
2 0.3265625 0.46328125 0.01640625 0.06015625
3 0.428125 0.3890625 0.0109375 0.04921875
3 0.7296875 0.2296875 0.01171875 0.03828125
2 0.58046875 0.31015625 0.01015625 0.040625
2 0.50390625 0.36015625 0.00859375 0.0453125
2 0.471875 0.490625 0.01328125 0.06015625
2 0.55859375 0.45234375 0.01171875 0.05625
2 0.625 0.4265625 0.0140625 0.05078125
2 0.634375 0.509375 0.01640625 0.06015625
2 0.57421875 0.6203125 0.01171875 0.06171875
2 0.734375 0.32421875 0.009375 0.04921875
2 0.78046875 0.40703125 0.01640625 0.04765625
2 0.73125 0.6078125 0.021875 0.0671875
0 0.771875 0.4265625 0.00546875 0.0125