2 0.3453125 0.59375 0.040625 0.1921875
0 0.521875 0.5625 0.015625 0.0296875
2 0.97734375 0.3765625 0.0453125 0.1359375
2 0.5578125 0.6125 0.05390625 0.1921875
2 0.73359375 0.525 0.0296875 0.17734375
2 0.796875 0.4328125 0.034375 0.1484375
2 0.69921875 0.45546875 0.0484375 0.1609375
2 0.103125 0.67578125 0.03671875 0.1953125
2 0.8421875 0.5796875 0.05390625 0.19765625
2 0.75859375 0.66015625 0.03125 0.2015625
2 0.62109375 0.4203125 0.03359375 0.15859375
2 0.72109375 0.42578125 0.025 0.1375
2 0.60234375 0.471875 0.04296875 0.17109375
1 0.19296875 0.45078125 0.059375 0.140625