1 0.915625 0.3828125 0.0125 0.05
2 0.825 0.39609375 0.01171875 0.0453125
2 0.7109375 0.46875 0.01796875 0.05703125
2 0.7375 0.4953125 0.01171875 0.05390625
2 0.684375 0.4234375 0.01640625 0.05078125
2 0.621875 0.38515625 0.009375 0.04921875
2 0.59453125 0.50625 0.0109375 0.04921875
2 0.58046875 0.5203125 0.015625 0.0421875
2 0.75859375 0.55625 0.01484375 0.05859375
2 0.7625 0.58671875 0.01015625 0.05390625
3 0.996875 0.76484375 0.00625 0.0609375
3 0.44296875 0.471875 0.0109375 0.0515625
2 0.4640625 0.44296875 0.009375 0.04921875
2 0.55625 0.6515625 0.0203125 0.05703125
2 0.47578125 0.68515625 0.01171875 0.059375
2 0.39296875 0.534375 0.01328125 0.05546875
2 0.3828125 0.571875 0.015625 0.04765625
2 0.35546875 0.3671875 0.0125 0.04609375
2 0.321875 0.51328125 0.01171875 0.05078125
2 0.2578125 0.5421875 0.0140625 0.05390625
2 0.23359375 0.559375 0.01640625 0.05703125
2 0.1921875 0.4984375 0.0109375 0.05546875
2 0.19453125 0.68671875 0.02421875 0.06015625
0 0.25703125 0.6453125 0.00703125 0.01640625
3 0.13828125 0.25859375 0.01328125 0.03671875