3 0.440625 0.50703125 0.01015625 0.0546875
1 0.765625 0.44921875 0.0140625 0.05390625
2 0.6203125 0.4796875 0.0109375 0.0546875
2 0.509375 0.43046875 0.009375 0.04765625
2 0.55625 0.43125 0.01015625 0.04765625
2 0.6078125 0.471875 0.0125 0.05390625
2 0.55703125 0.51015625 0.01015625 0.05546875
2 0.575 0.55078125 0.01640625 0.04921875
2 0.63203125 0.53828125 0.028125 0.04453125
2 0.51171875 0.55703125 0.0140625 0.05
2 0.4390625 0.4359375 0.009375 0.04921875
2 0.3453125 0.39375 0.01171875 0.046875
2 0.403125 0.5890625 0.0109375 0.05859375
2 0.50234375 0.628125 0.01875 0.065625
2 0.546875 0.7515625 0.01796875 0.0734375
2 0.63125 0.678125 0.01328125 0.0640625
2 0.7359375 0.59921875 0.01171875 0.06015625
2 0.75703125 0.6453125 0.0125 0.0625
2 0.79921875 0.70625 0.01875 0.06796875
2 0.8609375 0.696875 0.0234375 0.059375
0 0.590625 0.5640625 0.00625 0.01171875
2 0.2421875 0.5 0.0109375 0.05703125
2 0.12578125 0.6796875 0.01015625 0.06875