1 0.13671875 0.3453125 0.01015625 0.046875
2 0.38125 0.31015625 0.01015625 0.040625
2 0.3546875 0.3359375 0.009375 0.03828125
2 0.35703125 0.34609375 0.015625 0.03828125
2 0.38203125 0.3609375 0.01015625 0.040625
2 0.3421875 0.3546875 0.0140625 0.040625
2 0.33984375 0.38359375 0.01328125 0.04375
2 0.325 0.43046875 0.01171875 0.04453125
2 0.2765625 0.41953125 0.015625 0.05
2 0.275 0.45 0.0109375 0.04609375
2 0.234375 0.44296875 0.0125 0.04765625
2 0.36328125 0.50703125 0.0140625 0.04921875
2 0.3375 0.57265625 0.01328125 0.05234375
2 0.1671875 0.65703125 0.0171875 0.0625
2 0.5328125 0.271875 0.01328125 0.0359375
2 0.553125 0.35390625 0.015625 0.0421875
2 0.52109375 0.45546875 0.01796875 0.0421875
2 0.50546875 0.53046875 0.0171875 0.0546875
2 0.584375 0.584375 0.01328125 0.05625
2 0.6984375 0.48671875 0.01328125 0.0453125
3 0.45390625 0.36953125 0.01328125 0.03984375
3 0.84453125 0.25703125 0.01484375 0.03984375
2 0.7359375 0.49140625 0.01328125 0.04921875