2 0.39296875 0.6984375 0.01484375 0.06328125
2 0.153125 0.59453125 0.0125 0.0609375
2 0.1125 0.49765625 0.009375 0.0546875
2 0.375 0.5796875 0.01484375 0.05
2 0.315625 0.4671875 0.009375 0.046875
2 0.2828125 0.5203125 0.00859375 0.05
2 0.2234375 0.4796875 0.009375 0.0484375
2 0.24375 0.40234375 0.00703125 0.04375
2 0.3171875 0.3625 0.009375 0.040625
2 0.4484375 0.5015625 0.009375 0.04609375
3 0.0953125 0.34765625 0.0125 0.03984375
3 0.428125 0.42734375 0.0078125 0.04609375
1 0.8328125 0.38828125 0.009375 0.0453125
2 0.49765625 0.31953125 0.00703125 0.03671875
2 0.51171875 0.36171875 0.009375 0.03828125
2 0.54609375 0.35078125 0.00859375 0.03828125
2 0.63125 0.38046875 0.00859375 0.03828125
2 0.57265625 0.34921875 0.00703125 0.040625
2 0.53671875 0.4453125 0.0125 0.0390625
2 0.634375 0.49921875 0.0140625 0.05234375
2 0.6546875 0.43828125 0.00859375 0.04296875
2 0.73984375 0.46171875 0.009375 0.04921875
2 0.6296875 0.55859375 0.01015625 0.05390625