2 0.84296875 0.76171875 0.02421875 0.06484375
2 0.878125 0.63671875 0.015625 0.0625
2 0.2859375 0.67421875 0.0171875 0.06171875
2 0.60078125 0.77265625 0.0171875 0.0640625
2 0.365625 0.5453125 0.01171875 0.0546875
2 0.61484375 0.73984375 0.01328125 0.065625
2 0.6625 0.55078125 0.01328125 0.05078125
2 0.40390625 0.7 0.0203125 0.065625
2 0.73203125 0.43359375 0.01484375 0.04375
1 0.14765625 0.42265625 0.01171875 0.0515625
3 0.22109375 0.76015625 0.01015625 0.06171875
2 0.6796875 0.7765625 0.0140625 0.059375
2 0.50546875 0.38828125 0.01015625 0.0421875
2 0.575 0.5921875 0.0109375 0.053125
2 0.62265625 0.32890625 0.0125 0.03125
3 0.55703125 0.68984375 0.01328125 0.04765625
2 0.6859375 0.65703125 0.015625 0.03671875
0 0.60859375 0.79453125 0.0078125 0.01640625
3 0.58515625 0.47890625 0.0140625 0.05078125
2 0.4078125 0.4828125 0.0109375 0.03984375
2 0.409375 0.45234375 0.009375 0.034375
2 0.5671875 0.42109375 0.0109375 0.04140625
2 0.74921875 0.734375 0.01171875 0.06484375
2 0.83125 0.459375 0.0171875 0.04765625