1 0.06015625 0.3828125 0.01015625 0.0421875
2 0.31640625 0.40546875 0.009375 0.0453125
2 0.27265625 0.584375 0.009375 0.0578125
3 0.10625 0.753125 0.0171875 0.06484375
3 0.73125 0.26015625 0.0078125 0.0296875
3 0.65859375 0.51796875 0.0109375 0.04921875
2 0.6828125 0.31171875 0.00546875 0.03515625
2 0.61328125 0.265625 0.00625 0.03046875
2 0.62578125 0.34296875 0.00546875 0.0375
2 0.7171875 0.3765625 0.00625 0.040625
2 0.66796875 0.43203125 0.009375 0.04375
2 0.58515625 0.39609375 0.0078125 0.03828125
2 0.521875 0.42265625 0.0109375 0.03828125
2 0.58984375 0.490625 0.0078125 0.046875
2 0.7859375 0.4796875 0.00859375 0.04140625
2 0.78671875 0.51875 0.0125 0.05
2 0.7765625 0.54140625 0.009375 0.053125
2 0.7875 0.65546875 0.0140625 0.06171875
2 0.78359375 0.7640625 0.01171875 0.0625
2 0.49453125 0.67109375 0.01328125 0.06015625
2 0.4125 0.30859375 0.0078125 0.03359375
2 0.4890625 0.34453125 0.00703125 0.0375
2 0.4296875 0.41171875 0.01171875 0.0453125
2 0.428125 0.528125 0.00859375 0.04765625
0 0.3265625 0.41640625 0.0046875 0.01015625