2 0.6828125 0.60703125 0.0140625 0.05390625
2 0.75078125 0.5140625 0.01953125 0.0515625
2 0.4015625 0.7921875 0.0140625 0.0703125
3 0.44375 0.4953125 0.01875 0.0421875
2 0.2140625 0.42109375 0.015625 0.04453125
2 0.48515625 0.38359375 0.009375 0.03984375
2 0.26953125 0.4109375 0.009375 0.04140625
2 0.28828125 0.60859375 0.0109375 0.0546875
2 0.259375 0.49453125 0.0125 0.04765625
3 0.9875 0.9703125 0.02421875 0.05859375
2 0.34296875 0.46328125 0.01015625 0.040625
2 0.36015625 0.43671875 0.0125 0.04140625
2 0.48203125 0.46640625 0.0140625 0.0453125
2 0.69296875 0.5234375 0.02109375 0.053125
2 0.6625 0.3828125 0.0125 0.03984375
2 0.0765625 0.51015625 0.0125 0.05
2 0.0515625 0.63359375 0.01640625 0.05859375
2 0.753125 0.43203125 0.01328125 0.03671875
2 0.58359375 0.43515625 0.009375 0.0421875
2 0.41328125 0.39765625 0.0125 0.040625
2 0.45859375 0.35234375 0.0078125 0.03359375
2 0.72578125 0.40078125 0.01640625 0.0359375