1 0.14453125 0.42890625 0.01015625 0.04609375
2 0.1578125 0.53046875 0.009375 0.0484375
2 0.25546875 0.67109375 0.01796875 0.0625
2 0.33046875 0.625 0.0109375 0.05234375
2 0.41171875 0.70390625 0.0203125 0.05
2 0.32421875 0.8140625 0.0140625 0.065625
3 0.17265625 0.81796875 0.02421875 0.0640625
3 0.50625 0.48125 0.0109375 0.04375
2 0.38984375 0.53046875 0.0125 0.0484375
2 0.4421875 0.54921875 0.0109375 0.0421875
2 0.42734375 0.4546875 0.0140625 0.040625
2 0.43359375 0.421875 0.00859375 0.0328125
2 0.4609375 0.39765625 0.009375 0.0390625
2 0.5078125 0.33046875 0.01015625 0.03203125
2 0.54453125 0.4875 0.0109375 0.04296875
2 0.50390625 0.5765625 0.0140625 0.05390625
2 0.575 0.60078125 0.01328125 0.053125
2 0.6046875 0.57421875 0.01171875 0.0515625
2 0.6765625 0.4359375 0.01171875 0.040625
2 0.746875 0.57109375 0.02265625 0.0484375
2 0.78359375 0.578125 0.015625 0.053125
2 0.68046875 0.81484375 0.01875 0.0640625
2 0.7921875 0.45859375 0.01484375 0.04609375
0 0.88671875 0.58515625 0.00859375 0.0140625
3 0.80625 0.3375 0.01484375 0.0265625