2 0.98515625 0.640625 0.02890625 0.13515625
2 0.32890625 0.6296875 0.04375 0.1546875
2 0.5046875 0.5921875 0.040625 0.1625
2 0.88046875 0.61640625 0.04375 0.165625
2 0.6828125 0.5703125 0.03046875 0.1671875
2 0.790625 0.54765625 0.03828125 0.15546875
2 0.64765625 0.58125 0.02265625 0.16328125
2 0.559375 0.5921875 0.03046875 0.15703125
2 0.284375 0.72578125 0.06484375 0.171875
0 0.25390625 0.77578125 0.0140625 0.02890625
2 0.40390625 0.6953125 0.03125 0.1578125
2 0.428125 0.62734375 0.03515625 0.15078125
1 0.38359375 0.60390625 0.06328125 0.1078125