2 0.84375 0.50234375 0.0140625 0.05859375
2 0.5671875 0.58828125 0.0171875 0.05546875
2 0.28828125 0.7703125 0.0140625 0.07265625
2 0.88671875 0.41328125 0.01015625 0.053125
2 0.809375 0.34375 0.0109375 0.04375
2 0.41484375 0.44609375 0.0109375 0.0484375
2 0.39453125 0.44921875 0.01015625 0.05078125
2 0.6625 0.34375 0.0109375 0.040625
2 0.36015625 0.61015625 0.0125 0.06640625
1 0.1453125 0.39296875 0.01484375 0.05234375
2 0.53828125 0.4078125 0.00859375 0.0421875
2 0.49375 0.31640625 0.01015625 0.040625
2 0.61484375 0.33828125 0.00859375 0.04140625
2 0.48515625 0.315625 0.01171875 0.040625
2 0.67734375 0.29765625 0.0109375 0.03671875
2 0.7578125 0.4875 0.0109375 0.0546875
2 0.4296875 0.384375 0.0078125 0.05
2 0.5484375 0.42421875 0.00859375 0.04375
3 0.59453125 0.446875 0.01328125 0.05390625
2 0.7359375 0.3984375 0.0140625 0.04453125