1 0.86484375 0.340625 0.01484375 0.06015625
3 0.42421875 0.44375 0.0109375 0.059375
3 0.4625 0.18515625 0.00859375 0.03671875
3 0.04140625 0.98046875 0.0203125 0.0390625
2 0.1078125 0.32734375 0.015625 0.05234375
2 0.171875 0.415625 0.0171875 0.06328125
2 0.1828125 0.30234375 0.0109375 0.04375
2 0.24921875 0.37734375 0.0109375 0.05546875
2 0.265625 0.44375 0.01171875 0.059375
2 0.271875 0.4953125 0.01875 0.06953125
2 0.27109375 0.71328125 0.0296875 0.078125
2 0.29375 0.2515625 0.0109375 0.0421875
2 0.284375 0.20078125 0.009375 0.040625
2 0.3765625 0.265625 0.009375 0.04375
2 0.3890625 0.21328125 0.015625 0.04140625
2 0.4265625 0.32578125 0.009375 0.04453125
2 0.434375 0.39921875 0.0109375 0.059375
2 0.478125 0.32109375 0.01328125 0.04765625
2 0.5421875 0.3515625 0.0109375 0.05078125
2 0.54609375 0.39609375 0.0109375 0.05703125
2 0.50078125 0.51875 0.01953125 0.06328125
2 0.59765625 0.45 0.01328125 0.05859375
2 0.7015625 0.60078125 0.01796875 0.0734375
2 0.8203125 0.8078125 0.0234375 0.08046875