3 0.43125 0.4921875 0.01171875 0.05234375
3 0.534375 0.30078125 0.01171875 0.0390625
2 0.5890625 0.38515625 0.01171875 0.0421875
2 0.546875 0.42265625 0.0125 0.04375
2 0.50546875 0.42890625 0.0125 0.0421875
2 0.46875 0.38046875 0.009375 0.04296875
2 0.49375 0.35859375 0.009375 0.03984375
2 0.48203125 0.31953125 0.01171875 0.034375
2 0.403125 0.3609375 0.00625 0.03984375
2 0.3859375 0.365625 0.00859375 0.03984375
2 0.3765625 0.32890625 0.01171875 0.03828125
2 0.3015625 0.325 0.009375 0.040625
2 0.2453125 0.36796875 0.01171875 0.04296875
2 0.24375 0.46328125 0.015625 0.04921875
2 0.4140625 0.534375 0.01328125 0.05390625
2 0.46953125 0.3140625 0.015625 0.0328125
2 0.6203125 0.47421875 0.01328125 0.04921875
2 0.6625 0.6015625 0.0109375 0.0625
2 0.7359375 0.7390625 0.0140625 0.06875
2 0.0828125 0.465625 0.01640625 0.0515625
2 0.15390625 0.6015625 0.01328125 0.0671875
2 0.12421875 0.37421875 0.009375 0.04921875
1 0.86640625 0.43984375 0.01796875 0.05