2 0.45546875 0.63984375 0.01484375 0.0453125
3 0.1890625 0.9234375 0.02734375 0.05546875
2 0.528125 0.4609375 0.0140625 0.034375
2 0.79453125 0.4859375 0.009375 0.03671875
2 0.88046875 0.55234375 0.0140625 0.0453125
2 0.409375 0.5421875 0.01328125 0.0390625
2 0.70859375 0.440625 0.0109375 0.034375
2 0.4359375 0.47109375 0.01328125 0.03515625
3 0.60625 0.5359375 0.01171875 0.0359375
2 0.56484375 0.53359375 0.0171875 0.03125
2 0.73984375 0.5015625 0.0109375 0.03671875
2 0.61484375 0.47578125 0.00859375 0.0328125
2 0.58359375 0.45703125 0.0109375 0.0375
2 0.8453125 0.459375 0.01171875 0.03515625
1 0.06484375 0.5125 0.0171875 0.04453125
2 0.453125 0.45 0.01171875 0.02890625
2 0.8609375 0.6453125 0.01171875 0.05
2 0.71640625 0.57265625 0.01328125 0.04296875
2 0.71796875 0.54453125 0.01328125 0.03515625
2 0.76328125 0.4453125 0.0109375 0.034375
2 0.503125 0.56953125 0.0125 0.04375
2 0.56484375 0.49765625 0.015625 0.0390625
0 0.44453125 0.653125 0.0046875 0.01015625
2 0.459375 0.61875 0.01328125 0.0328125