2 0.30703125 0.51171875 0.0109375 0.04140625
2 0.2875 0.64609375 0.0109375 0.05390625
2 0.34296875 0.48828125 0.01484375 0.04609375
2 0.35625 0.4546875 0.01171875 0.0453125
2 0.465625 0.36015625 0.0109375 0.04140625
2 0.52421875 0.33671875 0.00859375 0.03984375
2 0.37578125 0.62265625 0.0203125 0.0515625
0 0.365625 0.6265625 0.00625 0.01171875
3 0.6125 0.45859375 0.01015625 0.04609375
3 0.86484375 0.26484375 0.009375 0.03203125
3 0.16015625 0.7015625 0.0171875 0.0609375
1 0.1578125 0.3703125 0.009375 0.04375
2 0.37109375 0.73515625 0.0203125 0.0625
2 0.4234375 0.696875 0.01875 0.0578125
2 0.45703125 0.6484375 0.01953125 0.06015625
2 0.484375 0.6828125 0.015625 0.059375
2 0.609375 0.496875 0.0140625 0.04453125
2 0.6078125 0.57578125 0.01953125 0.053125
2 0.5109375 0.7484375 0.015625 0.07109375
2 0.53046875 0.76328125 0.01953125 0.06796875
2 0.63359375 0.58984375 0.009375 0.05546875
2 0.65 0.30078125 0.0078125 0.03515625
2 0.70078125 0.38046875 0.0078125 0.0421875
2 0.790625 0.4078125 0.00859375 0.04609375
2 0.90390625 0.55625 0.0125 0.05859375