3 0.4234375 0.50078125 0.01171875 0.04609375
3 0.359375 0.2890625 0.00859375 0.03125
1 0.003125 0.4609375 0.00625 0.028125
2 0.21015625 0.575 0.01640625 0.03984375
2 0.43359375 0.346875 0.00859375 0.03359375
2 0.45625 0.40234375 0.01171875 0.03671875
2 0.34296875 0.36484375 0.00703125 0.03671875
2 0.32578125 0.4453125 0.009375 0.04140625
2 0.3640625 0.47890625 0.0140625 0.04140625
2 0.44296875 0.496875 0.01328125 0.03671875
2 0.3421875 0.62734375 0.021875 0.04296875
2 0.3859375 0.66953125 0.0203125 0.06171875
2 0.26171875 0.48671875 0.0109375 0.03984375
2 0.24609375 0.575 0.021875 0.04140625
2 0.165625 0.6953125 0.015625 0.0640625
2 0.12734375 0.821875 0.01484375 0.0625
2 0.5078125 0.5390625 0.01171875 0.04453125
2 0.58125 0.646875 0.01875 0.0578125
2 0.68828125 0.3640625 0.00859375 0.03671875
2 0.6046875 0.3890625 0.00859375 0.03671875
2 0.63984375 0.49609375 0.0140625 0.046875
2 0.76875 0.4875 0.01484375 0.0515625
2 0.6171875 0.60546875 0.01953125 0.05390625
3 0.88671875 0.8578125 0.02890625 0.065625