2 0.61171875 0.6921875 0.01328125 0.05390625
2 0.63984375 0.5265625 0.0109375 0.046875
2 0.30078125 0.55625 0.0125 0.04296875
2 0.72109375 0.56796875 0.0109375 0.04453125
2 0.715625 0.51015625 0.0125 0.03984375
2 0.19375 0.60078125 0.0140625 0.04921875
2 0.61875 0.46015625 0.009375 0.0359375
2 0.80859375 0.70625 0.01171875 0.05234375
2 0.49296875 0.48984375 0.01015625 0.0390625
1 0.74296875 0.46328125 0.01171875 0.0328125
2 0.521875 0.6078125 0.009375 0.05078125
2 0.7453125 0.54296875 0.00859375 0.040625
2 0.19609375 0.50078125 0.01015625 0.04375
2 0.415625 0.71796875 0.0140625 0.05390625
2 0.9765625 0.7234375 0.02109375 0.05
2 0.4984375 0.59453125 0.01015625 0.0484375
2 0.49765625 0.42265625 0.0109375 0.03515625
2 0.8375 0.6421875 0.0140625 0.05
2 0.83515625 0.628125 0.01484375 0.0421875
2 0.775 0.5765625 0.01328125 0.0453125
0 0.778125 0.50703125 0.00546875 0.01015625
2 0.5734375 0.4609375 0.0125 0.03515625
3 0.47734375 0.54921875 0.01328125 0.0375