1 0.8734375 0.47421875 0.009375 0.04453125
2 0.82890625 0.51171875 0.0125 0.04609375
2 0.81875 0.47421875 0.01015625 0.03671875
2 0.75078125 0.49296875 0.01484375 0.04609375
2 0.80703125 0.56875 0.009375 0.05546875
2 0.7296875 0.51171875 0.01015625 0.04453125
2 0.721875 0.4296875 0.009375 0.0421875
2 0.671875 0.4625 0.0078125 0.03984375
2 0.65234375 0.45625 0.009375 0.04453125
2 0.65625 0.38125 0.00625 0.03984375
2 0.621875 0.40859375 0.0078125 0.03984375
2 0.6328125 0.48828125 0.009375 0.040625
2 0.5140625 0.44921875 0.009375 0.04296875
3 0.496875 0.4984375 0.01328125 0.0453125
3 0.57421875 0.290625 0.00703125 0.034375
0 0.72109375 0.5203125 0.00546875 0.01171875
2 0.41875 0.55 0.01328125 0.0515625
2 0.43984375 0.60546875 0.015625 0.0578125
2 0.3609375 0.440625 0.01328125 0.0453125
2 0.325 0.44921875 0.009375 0.0453125
2 0.24765625 0.5828125 0.009375 0.05390625
2 0.30625 0.64609375 0.0171875 0.06015625
2 0.15625 0.6109375 0.01171875 0.05859375
2 0.1328125 0.5328125 0.01171875 0.05546875
3 0.0828125 0.975 0.02890625 0.04921875