2 0.48984375 0.3796875 0.00625 0.0328125
2 0.5234375 0.48359375 0.01015625 0.04296875
2 0.5375 0.47421875 0.00859375 0.03671875
2 0.61875 0.3828125 0.009375 0.03515625
3 0.63359375 0.31484375 0.00625 0.0296875
2 0.60625 0.5390625 0.00859375 0.0484375
2 0.565625 0.659375 0.015625 0.053125
2 0.68046875 0.60078125 0.0140625 0.04921875
2 0.75703125 0.4625 0.00859375 0.0390625
1 0.9171875 0.475 0.0109375 0.04453125
0 0.671875 0.62578125 0.00546875 0.01015625
3 0.390625 0.4625 0.00859375 0.03984375
3 0.1828125 0.903125 0.021875 0.06640625
2 0.24140625 0.7328125 0.00859375 0.06484375
2 0.25390625 0.55390625 0.0109375 0.05
2 0.26875 0.5109375 0.0109375 0.046875
2 0.28359375 0.4671875 0.01171875 0.04453125
2 0.3453125 0.396875 0.00859375 0.03671875
2 0.36484375 0.40546875 0.0078125 0.03359375
2 0.44765625 0.45546875 0.01015625 0.0375
2 0.43984375 0.53515625 0.01015625 0.04140625
2 0.45390625 0.56875 0.009375 0.0515625
2 0.56171875 0.8046875 0.01953125 0.06484375
2 0.44453125 0.33359375 0.00703125 0.0296875
2 0.309375 0.77890625 0.01484375 0.06640625