2 0.1828125 0.603125 0.0171875 0.07421875
2 0.23671875 0.55 0.01953125 0.0765625
2 0.40546875 0.59921875 0.0125 0.08046875
2 0.44296875 0.6390625 0.02265625 0.0859375
2 0.46640625 0.67578125 0.015625 0.071875
2 0.5796875 0.62265625 0.01796875 0.0828125
2 0.5828125 0.521875 0.0140625 0.07421875
2 0.62109375 0.575 0.01875 0.08515625
2 0.67890625 0.55703125 0.01875 0.059375
1 0.7890625 0.46328125 0.0140625 0.06953125
2 0.7734375 0.46484375 0.0140625 0.07578125
2 0.76640625 0.5484375 0.015625 0.07578125
2 0.75 0.515625 0.02265625 0.0765625
2 0.70546875 0.49140625 0.02265625 0.0765625
2 0.6828125 0.51953125 0.01796875 0.06484375
2 0.6671875 0.53828125 0.0171875 0.0703125
2 0.66171875 0.48125 0.0140625 0.07265625
2 0.671875 0.484375 0.01171875 0.07421875
2 0.621875 0.4125 0.0125 0.06328125
2 0.61640625 0.36953125 0.0109375 0.053125
2 0.51171875 0.346875 0.01171875 0.05859375
3 0.51875 0.49453125 0.01953125 0.07109375
0 0.60703125 0.35 0.00625 0.01484375