3 0.52578125 0.37734375 0.01015625 0.05
3 0.725 0.2671875 0.0109375 0.04453125
2 0.74296875 0.821875 0.01640625 0.078125
2 0.7015625 0.565625 0.0171875 0.06484375
2 0.75078125 0.4421875 0.0140625 0.05234375
2 0.7453125 0.35234375 0.00859375 0.0515625
2 0.63203125 0.3984375 0.01484375 0.05390625
2 0.59609375 0.3890625 0.00859375 0.0484375
2 0.5328125 0.5046875 0.01171875 0.0609375
2 0.63671875 0.284375 0.00859375 0.046875
2 0.58359375 0.3125 0.01328125 0.05234375
2 0.5734375 0.32265625 0.01484375 0.04609375
2 0.55703125 0.32109375 0.01328125 0.0453125
2 0.54375 0.26328125 0.01015625 0.04140625
2 0.1515625 0.4671875 0.0109375 0.06015625
2 0.2109375 0.34375 0.009375 0.05234375
2 0.3359375 0.26015625 0.01171875 0.03515625
2 0.38828125 0.27890625 0.009375 0.03671875
2 0.39296875 0.275 0.00859375 0.04140625
2 0.4203125 0.334375 0.01171875 0.04375
2 0.42421875 0.3640625 0.0109375 0.04609375
2 0.409375 0.4078125 0.01328125 0.0578125