1 0.08203125 0.4625 0.01328125 0.04765625
2 0.3609375 0.48203125 0.0109375 0.04609375
2 0.40703125 0.56328125 0.0109375 0.0515625
2 0.3515625 0.68046875 0.01171875 0.059375
0 0.4078125 0.7265625 0.00703125 0.01796875
2 0.48671875 0.36875 0.00703125 0.03828125
3 0.459375 0.2546875 0.00703125 0.02734375
3 0.6171875 0.6734375 0.01171875 0.05625
2 0.6046875 0.69921875 0.0171875 0.05546875
2 0.59296875 0.7109375 0.01484375 0.06015625
2 0.58671875 0.56328125 0.01328125 0.0453125
2 0.52265625 0.5046875 0.01015625 0.04765625
2 0.6109375 0.36171875 0.0078125 0.0375
2 0.65703125 0.29609375 0.0078125 0.03359375
2 0.6796875 0.4046875 0.01015625 0.03671875
2 0.65625 0.57421875 0.01640625 0.046875
2 0.69609375 0.58515625 0.015625 0.05546875
2 0.721875 0.3609375 0.01015625 0.03984375
2 0.76484375 0.38828125 0.0109375 0.040625
2 0.82890625 0.50625 0.009375 0.04921875
2 0.84609375 0.49375 0.01171875 0.0515625
2 0.91796875 0.58515625 0.0171875 0.05625
2 0.90625 0.70390625 0.021875 0.059375
2 0.9015625 0.76640625 0.01796875 0.07109375
3 0.99375 0.83671875 0.0125 0.0640625