3 0.93671875 0.95703125 0.01484375 0.0859375
3 0.57734375 0.446875 0.0078125 0.05
2 0.871875 0.615625 0.015625 0.07578125
2 0.87734375 0.3796875 0.0109375 0.0515625
2 0.6734375 0.35390625 0.009375 0.04375
2 0.6640625 0.36328125 0.01171875 0.04765625
2 0.61953125 0.47421875 0.01171875 0.0546875
2 0.65625 0.6171875 0.025 0.065625
2 0.571875 0.2484375 0.00859375 0.03828125
2 0.50390625 0.30390625 0.00703125 0.040625
2 0.434375 0.4046875 0.01015625 0.04921875
2 0.45 0.59921875 0.0203125 0.06328125
2 0.44453125 0.75078125 0.01640625 0.06796875
0 0.45546875 0.7765625 0.00703125 0.015625
2 0.4125 0.6078125 0.01015625 0.065625
2 0.38359375 0.59921875 0.01484375 0.06015625
2 0.40625 0.5 0.021875 0.046875
2 0.42734375 0.39765625 0.00859375 0.04921875
2 0.33515625 0.515625 0.015625 0.04921875
2 0.31875 0.4640625 0.0109375 0.05234375
2 0.26875 0.58046875 0.01875 0.0578125
2 0.23203125 0.67421875 0.0171875 0.06796875
2 0.1953125 0.78671875 0.0203125 0.075
1 0.17109375 0.37890625 0.01484375 0.0453125
3 0.51953125 0.21484375 0.00859375 0.03359375