2 0.19140625 0.384375 0.01953125 0.06171875
2 0.15078125 0.48203125 0.0203125 0.071875
2 0.48359375 0.384375 0.0140625 0.05625
2 0.209375 0.55859375 0.015625 0.07109375
2 0.60234375 0.45390625 0.015625 0.06796875
2 0.38515625 0.40546875 0.01484375 0.0609375
2 0.81953125 0.39765625 0.01328125 0.0625
2 0.2578125 0.503125 0.01484375 0.0703125
3 0.42578125 0.47109375 0.01484375 0.0640625
2 0.62421875 0.58203125 0.01328125 0.071875
2 0.58359375 0.390625 0.01171875 0.059375
2 0.2234375 0.4046875 0.0125 0.0609375
2 0.55703125 0.3171875 0.0109375 0.05078125
3 0.775 0.3046875 0.0140625 0.053125
2 0.87265625 0.5359375 0.01328125 0.075
2 0.65234375 0.390625 0.0109375 0.0578125
2 0.290625 0.3359375 0.0140625 0.05625
2 0.73203125 0.64375 0.015625 0.0828125
2 0.340625 0.32734375 0.0109375 0.04765625
2 0.65 0.309375 0.01171875 0.05