2 0.80859375 0.384375 0.01953125 0.06171875
2 0.84921875 0.48203125 0.0203125 0.071875
2 0.51640625 0.384375 0.0140625 0.05625
2 0.790625 0.55859375 0.015625 0.07109375
2 0.39765625 0.45390625 0.015625 0.06796875
2 0.61484375 0.40546875 0.01484375 0.0609375
2 0.18046875 0.39765625 0.01328125 0.0625
2 0.7421875 0.503125 0.01484375 0.0703125
3 0.57421875 0.47109375 0.01484375 0.0640625
2 0.37578125 0.58203125 0.01328125 0.071875
2 0.41640625 0.390625 0.01171875 0.059375
2 0.7765625 0.4046875 0.0125 0.0609375
2 0.44296875 0.3171875 0.0109375 0.05078125
3 0.225 0.3046875 0.0140625 0.053125
2 0.12734375 0.5359375 0.01328125 0.075
2 0.34765625 0.390625 0.0109375 0.0578125
2 0.709375 0.3359375 0.0140625 0.05625
2 0.26796875 0.64375 0.015625 0.0828125
2 0.659375 0.32734375 0.0109375 0.04765625
2 0.35 0.309375 0.01171875 0.05