3 0.4953125 0.521875 0.01328125 0.05
1 0.26171875 0.43203125 0.0109375 0.05
2 0.246875 0.4515625 0.0109375 0.04765625
2 0.203125 0.40859375 0.009375 0.04609375
2 0.14921875 0.4984375 0.0140625 0.05390625
2 0.13515625 0.5390625 0.01015625 0.0546875
2 0.21484375 0.5234375 0.0125 0.05859375
2 0.26796875 0.47890625 0.01171875 0.04921875
2 0.30078125 0.4546875 0.009375 0.046875
2 0.34453125 0.42109375 0.00859375 0.04609375
2 0.35234375 0.3578125 0.01328125 0.04140625
2 0.3828125 0.378125 0.01015625 0.0390625
2 0.31171875 0.61484375 0.01640625 0.0609375
2 0.21796875 0.6296875 0.0140625 0.05859375
2 0.49453125 0.36015625 0.01015625 0.040625
2 0.55390625 0.534375 0.0125 0.04765625
2 0.56484375 0.521875 0.0125 0.04765625
2 0.5890625 0.47109375 0.01953125 0.0515625
2 0.6296875 0.46875 0.01171875 0.046875
2 0.625 0.67421875 0.01171875 0.06640625
2 0.77734375 0.44921875 0.01171875 0.05
2 0.85859375 0.55390625 0.01328125 0.0578125
3 0.91484375 0.32890625 0.0125 0.0421875