2 0.51171875 0.34453125 0.04375 0.14375
2 0.3578125 0.51328125 0.06171875 0.1546875
3 0.5734375 0.5609375 0.03515625 0.17734375
2 0.25 0.484375 0.03984375 0.15546875
2 0.73984375 0.2828125 0.02890625 0.12421875
2 0.9828125 0.41484375 0.034375 0.15546875
2 0.91015625 0.4640625 0.0296875 0.18125
2 0.68125 0.459375 0.03515625 0.165625
2 0.86328125 0.46875 0.0390625 0.17109375
3 0.275 0.2203125 0.04609375 0.11328125
2 0.375 0.6921875 0.05078125 0.21953125
2 0.73984375 0.440625 0.0390625 0.17421875
2 0.721875 0.37421875 0.03203125 0.16015625
2 0.0203125 0.3 0.03359375 0.1421875
2 0.165625 0.50390625 0.0625 0.1765625
0 0.2625 0.6078125 0.0140625 0.0296875