3 0.5890625 0.41015625 0.009375 0.0375
3 0.115625 0.36875 0.0078125 0.0375
2 0.10390625 0.54921875 0.01328125 0.05234375
2 0.17578125 0.42890625 0.01171875 0.04296875
2 0.3109375 0.5875 0.0125 0.0484375
2 0.325 0.496875 0.0140625 0.0453125
2 0.334375 0.41875 0.0109375 0.03984375
2 0.40859375 0.51640625 0.0140625 0.0453125
2 0.4859375 0.38203125 0.0109375 0.0375
2 0.5375 0.3640625 0.00859375 0.03359375
2 0.565625 0.35625 0.009375 0.0359375
2 0.5421875 0.459375 0.00859375 0.0421875
2 0.64765625 0.57890625 0.015625 0.046875
2 0.7171875 0.4328125 0.0125 0.040625
2 0.69453125 0.4046875 0.00859375 0.040625
2 0.72578125 0.4546875 0.01015625 0.0390625
2 0.76640625 0.45078125 0.009375 0.034375
2 0.76953125 0.44921875 0.021875 0.01171875
2 0.77265625 0.42109375 0.0109375 0.03203125
2 0.7796875 0.41875 0.009375 0.0375
2 0.7859375 0.40625 0.01015625 0.0390625
1 0.8265625 0.43828125 0.0140625 0.01875
2 0.84453125 0.44765625 0.01484375 0.04921875
2 0.86328125 0.4875 0.00078125 0.00234375