2 0.35703125 0.66484375 0.02890625 0.05625
2 0.38984375 0.5 0.01328125 0.05234375
2 0.6515625 0.77421875 0.021875 0.071875
2 0.7546875 0.46015625 0.01171875 0.05546875
3 0.42890625 0.97734375 0.02265625 0.0453125
2 0.30234375 0.33359375 0.0109375 0.0453125
2 0.7296875 0.46796875 0.01171875 0.0484375
2 0.2015625 0.55859375 0.01328125 0.0578125
2 0.25234375 0.56875 0.01328125 0.0546875
2 0.809375 0.57109375 0.01015625 0.05
2 0.51171875 0.43125 0.01328125 0.046875
0 0.72890625 0.60078125 0.00703125 0.01484375
2 0.2734375 0.35859375 0.01015625 0.04375
2 0.6515625 0.55 0.01328125 0.04296875
2 0.65546875 0.31875 0.0109375 0.0421875
2 0.525 0.32421875 0.01015625 0.0453125
2 0.56640625 0.45234375 0.01640625 0.05390625
2 0.5515625 0.546875 0.0125 0.05
2 0.5546875 0.51796875 0.01328125 0.04765625
3 0.3703125 0.38828125 0.01171875 0.0421875
2 0.253125 0.43828125 0.01484375 0.03828125
2 0.25234375 0.4078125 0.01328125 0.028125
2 0.3875 0.25625 0.00703125 0.0328125