2 0.3859375 0.72890625 0.01875 0.05
2 0.1546875 0.76015625 0.01796875 0.05703125
2 0.24453125 0.7421875 0.0125 0.0578125
2 0.615625 0.7 0.015625 0.0515625
2 0.65390625 0.61953125 0.0125 0.05078125
2 0.68828125 0.56328125 0.0125 0.04296875
2 0.6390625 0.54140625 0.01484375 0.0453125
2 0.4875 0.73359375 0.01015625 0.05234375
2 0.2203125 0.66484375 0.01015625 0.0515625
2 0.37109375 0.6609375 0.0109375 0.04296875
2 0.3125 0.7984375 0.01484375 0.06015625
3 0.7625 0.7703125 0.0140625 0.0546875
2 0.3375 0.453125 0.009375 0.03359375
2 0.33203125 0.65859375 0.0171875 0.0390625
1 0.89140625 0.475 0.0140625 0.04140625
2 0.625 0.671875 0.0125 0.05390625
2 0.47421875 0.50859375 0.01640625 0.04921875
0 0.31796875 0.6796875 0.00625 0.01171875
2 0.10546875 0.58125 0.01015625 0.05078125
2 0.2671875 0.45078125 0.01015625 0.0375
2 0.52578125 0.43203125 0.009375 0.03671875
2 0.44609375 0.4375 0.0078125 0.03515625
2 0.4234375 0.3640625 0.00859375 0.0296875