3 0.93984375 0.8859375 0.03125 0.07734375
3 0.59765625 0.440625 0.01171875 0.053125
2 0.33046875 0.75234375 0.01484375 0.06328125
2 0.11171875 0.621875 0.0171875 0.0703125
2 0.2875 0.6828125 0.015625 0.05390625
2 0.38046875 0.684375 0.02109375 0.059375
2 0.40625 0.75078125 0.021875 0.0625
2 0.68828125 0.734375 0.01953125 0.0671875
2 0.75 0.71328125 0.02109375 0.0625
2 0.82109375 0.50078125 0.0140625 0.053125
2 0.84296875 0.509375 0.0140625 0.0609375
2 0.728125 0.36953125 0.01015625 0.04140625
2 0.75 0.33046875 0.01015625 0.04609375
2 0.65390625 0.57578125 0.0140625 0.06796875
2 0.52890625 0.4453125 0.009375 0.04765625
2 0.45625 0.47890625 0.00859375 0.046875
2 0.5 0.32578125 0.00859375 0.03984375
2 0.56484375 0.23984375 0.0078125 0.03125
2 0.4125 0.32109375 0.00859375 0.0453125
2 0.3140625 0.5046875 0.0140625 0.05546875
2 0.26171875 0.4015625 0.0109375 0.04609375
2 0.39140625 0.675 0.01640625 0.06015625
3 0.3609375 0.209375 0.00859375 0.0328125