2 0.875 0.571875 0.01640625 0.05078125
2 0.684375 0.684375 0.01484375 0.05703125
2 0.809375 0.6875 0.015625 0.0578125
2 0.66875 0.52578125 0.0125 0.04140625
2 0.42109375 0.6015625 0.015625 0.046875
2 0.19140625 0.51953125 0.015625 0.04453125
3 0.93046875 0.87421875 0.028125 0.065625
2 0.7828125 0.7109375 0.0171875 0.05625
2 0.24453125 0.61796875 0.0109375 0.04921875
2 0.1125 0.60390625 0.01875 0.05
2 0.4921875 0.4921875 0.0125 0.04140625
2 0.50390625 0.37890625 0.009375 0.0328125
2 0.740625 0.40078125 0.01171875 0.03359375
2 0.7515625 0.45546875 0.0140625 0.03828125
2 0.434375 0.5765625 0.01484375 0.04453125
2 0.8375 0.5859375 0.0171875 0.04765625
2 0.23671875 0.54765625 0.0140625 0.0453125
3 0.62109375 0.49765625 0.015625 0.04453125
3 0.53984375 0.93359375 0.01640625 0.0609375
2 0.40078125 0.4921875 0.01171875 0.040625
2 0.53046875 0.99296875 0.021875 0.01328125
1 0.190625 0.41328125 0.0125 0.03671875
2 0.3640625 0.36328125 0.00859375 0.0328125
2 0.571875 0.30859375 0.0078125 0.03046875
2 0.45078125 0.6515625 0.0171875 0.05546875