3 0.4109375 0.41015625 0.009375 0.0375
3 0.884375 0.36875 0.0078125 0.0375
2 0.89609375 0.54921875 0.01328125 0.05234375
2 0.82421875 0.42890625 0.01171875 0.04296875
2 0.6890625 0.5875 0.0125 0.0484375
2 0.675 0.496875 0.0140625 0.0453125
2 0.665625 0.41875 0.0109375 0.03984375
2 0.59140625 0.51640625 0.0140625 0.0453125
2 0.5140625 0.38203125 0.0109375 0.0375
2 0.4625 0.3640625 0.00859375 0.03359375
2 0.434375 0.35625 0.009375 0.0359375
2 0.4578125 0.459375 0.00859375 0.0421875
2 0.35234375 0.57890625 0.015625 0.046875
2 0.2828125 0.4328125 0.0125 0.040625
2 0.30546875 0.4046875 0.00859375 0.040625
2 0.27421875 0.4546875 0.01015625 0.0390625
2 0.23359375 0.45078125 0.009375 0.034375
2 0.23046875 0.44921875 0.021875 0.01171875
2 0.22734375 0.42109375 0.0109375 0.03203125
2 0.2203125 0.41875 0.009375 0.0375
2 0.2140625 0.40625 0.01015625 0.0390625
1 0.1734375 0.43828125 0.0140625 0.01875
2 0.15546875 0.44765625 0.01484375 0.04921875
2 0.13671875 0.4875 0.00078125 0.00234375