2 0.6375 0.5078125 0.0109375 0.05390625
2 0.66953125 0.33203125 0.0078125 0.0375
2 0.6921875 0.3734375 0.00859375 0.04140625
2 0.70703125 0.42734375 0.0125 0.04609375
2 0.7671875 0.49375 0.0078125 0.05390625
2 0.77734375 0.58515625 0.01328125 0.05859375
2 0.77890625 0.696875 0.01015625 0.065625
2 0.76875 0.72578125 0.0125 0.06484375
2 0.60390625 0.43203125 0.009375 0.04609375
2 0.63359375 0.53515625 0.01015625 0.06015625
3 0.7 0.31484375 0.00859375 0.03828125
3 0.55234375 0.46171875 0.0109375 0.05078125
2 0.49765625 0.47578125 0.01015625 0.04609375
2 0.49453125 0.396875 0.00859375 0.0453125
2 0.46796875 0.390625 0.0078125 0.04453125
2 0.42734375 0.4359375 0.009375 0.04609375
2 0.4625 0.56640625 0.0109375 0.06484375
2 0.43203125 0.6984375 0.0140625 0.06796875
2 0.3828125 0.4734375 0.01328125 0.0375
0 0.3875 0.48359375 0.00546875 0.01171875
2 0.38203125 0.3828125 0.00859375 0.04609375
2 0.2890625 0.471875 0.0078125 0.05546875
2 0.21953125 0.58046875 0.0125 0.05859375