2 0.13515625 0.8421875 0.01640625 0.08125
2 0.775 0.5515625 0.0140625 0.0671875
2 0.4078125 0.5609375 0.0140625 0.0625
2 0.521875 0.3890625 0.01328125 0.04765625
2 0.21171875 0.459375 0.01171875 0.05234375
2 0.58203125 0.3484375 0.01171875 0.046875
3 0.54453125 0.96875 0.01875 0.06171875
2 0.534375 0.28984375 0.01640625 0.0390625
3 0.3015625 0.4375 0.0140625 0.05
2 0.3390625 0.3453125 0.0125 0.04765625
3 0.259375 0.984375 0.025 0.03125
2 0.4859375 0.3328125 0.0125 0.040625
2 0.55859375 0.47265625 0.0109375 0.0546875
2 0.20546875 0.38515625 0.009375 0.0515625
2 0.45390625 0.3328125 0.0078125 0.0421875
2 0.7453125 0.33125 0.009375 0.04609375
2 0.26171875 0.3359375 0.01171875 0.0453125
2 0.32578125 0.40546875 0.01328125 0.04609375
2 0.2 0.63515625 0.01640625 0.06875
2 0.3484375 0.4390625 0.0125 0.05390625
2 0.42265625 0.2625 0.01328125 0.04140625
2 0.36796875 0.26796875 0.01171875 0.0375
2 0.52578125 0.28046875 0.0109375 0.028125