2 0.796875 0.36875 0.01015625 0.0375
2 0.82109375 0.43984375 0.00859375 0.04453125
2 0.8390625 0.5265625 0.01328125 0.0546875
2 0.78046875 0.67421875 0.01640625 0.06484375
2 0.77265625 0.421875 0.009375 0.04296875
2 0.72734375 0.45234375 0.009375 0.0453125
2 0.7140625 0.3609375 0.01015625 0.0359375
2 0.70390625 0.47578125 0.009375 0.04296875
2 0.625 0.515625 0.01328125 0.04375
2 0.60703125 0.3203125 0.0078125 0.0359375
2 0.74296875 0.8125 0.021875 0.06796875
3 0.7015625 0.5046875 0.01171875 0.04609375
3 0.84609375 0.31875 0.01015625 0.03515625
2 0.53828125 0.31015625 0.00703125 0.03125
2 0.50078125 0.35859375 0.00625 0.02421875
2 0.5 0.378125 0.0078125 0.0328125
2 0.51015625 0.41953125 0.00703125 0.04296875
2 0.5625 0.57265625 0.01484375 0.05
1 0.1390625 0.3984375 0.01171875 0.04765625
2 0.21953125 0.5734375 0.0109375 0.05703125
2 0.35546875 0.3609375 0.0125 0.03359375
2 0.40078125 0.45390625 0.0109375 0.04453125
2 0.41953125 0.49921875 0.0109375 0.05078125
0 0.365625 0.37421875 0.00546875 0.0078125