0 0.33203125 0.40703125 0.0046875 0.0109375
3 0.3296875 0.3578125 0.0078125 0.028125
3 0.55625 0.46484375 0.00859375 0.0375
3 0.765625 0.9390625 0.02421875 0.06328125
2 0.7296875 0.64453125 0.009375 0.0515625
2 0.5734375 0.3890625 0.00546875 0.03046875
2 0.621875 0.4 0.00859375 0.03203125
2 0.6953125 0.4578125 0.00703125 0.040625
2 0.65625 0.51015625 0.01015625 0.04375
2 0.6375 0.55390625 0.0109375 0.04375
2 0.54921875 0.503125 0.0078125 0.04375
2 0.53671875 0.403125 0.01015625 0.03203125
2 0.51875 0.4390625 0.01015625 0.03671875
2 0.46796875 0.3703125 0.00703125 0.03125
2 0.46484375 0.3890625 0.00703125 0.03046875
2 0.46484375 0.43828125 0.0125 0.03828125
2 0.43828125 0.4640625 0.00703125 0.03671875
2 0.40546875 0.52890625 0.0125 0.03828125
2 0.3984375 0.40703125 0.00625 0.03359375
2 0.38984375 0.4125 0.01015625 0.03125
2 0.3171875 0.38984375 0.01171875 0.0328125
2 0.3171875 0.4578125 0.01328125 0.0359375
2 0.21953125 0.46171875 0.0078125 0.03671875
2 0.19921875 0.53125 0.0140625 0.040625
1 0.07578125 0.471875 0.0109375 0.04296875