2 0.2296875 0.5125 0.01328125 0.04375
2 0.2734375 0.6046875 0.015625 0.05078125
2 0.56484375 0.6453125 0.015625 0.05078125
2 0.59296875 0.66484375 0.0140625 0.05234375
2 0.2234375 0.559375 0.01328125 0.05
2 0.4921875 0.51640625 0.01328125 0.04140625
2 0.55546875 0.490625 0.009375 0.0390625
3 0.421875 0.56171875 0.0125 0.0484375
2 0.5359375 0.50859375 0.0140625 0.03984375
2 0.35546875 0.4796875 0.0109375 0.0421875
2 0.6546875 0.48984375 0.0125 0.03828125
2 0.709375 0.6234375 0.0140625 0.05
2 0.2625 0.55390625 0.01171875 0.05
2 0.5921875 0.5515625 0.0125 0.04921875
2 0.6453125 0.51796875 0.0140625 0.0453125
2 0.44453125 0.5296875 0.01328125 0.040625
2 0.39921875 0.534375 0.0140625 0.04609375
2 0.29765625 0.4828125 0.0125 0.04140625
2 0.6015625 0.515625 0.01328125 0.03515625
2 0.47421875 0.48515625 0.0109375 0.0390625
2 0.2296875 0.4875 0.009375 0.0296875
0 0.63671875 0.48671875 0.00546875 0.00859375