2 0.075 0.55703125 0.01328125 0.0640625
2 0.146875 0.44453125 0.01328125 0.0546875
2 0.2546875 0.740625 0.01875 0.07578125
2 0.30546875 0.4140625 0.0109375 0.04609375
2 0.3609375 0.29296875 0.009375 0.04140625
2 0.36796875 0.384375 0.009375 0.04609375
2 0.39375 0.54609375 0.01640625 0.05859375
2 0.4140625 0.56484375 0.01328125 0.0609375
2 0.3890625 0.73125 0.0140625 0.06953125
2 0.56015625 0.725 0.01796875 0.07578125
3 0.49375 0.234375 0.01015625 0.034375
3 0.475 0.5109375 0.0109375 0.05625
1 0.771875 0.3875 0.009375 0.04765625
0 0.684375 0.59765625 0.0109375 0.02109375
2 0.48203125 0.321875 0.00859375 0.03984375
2 0.54765625 0.403125 0.01015625 0.04921875
2 0.66640625 0.44609375 0.01171875 0.0515625
2 0.615625 0.48828125 0.01015625 0.04921875
2 0.63359375 0.49921875 0.01015625 0.05390625
2 0.7625 0.6484375 0.0171875 0.0671875
2 0.79296875 0.67109375 0.01640625 0.06484375
2 0.815625 0.59140625 0.0109375 0.06015625
2 0.8359375 0.54609375 0.01484375 0.04609375
2 0.85 0.5640625 0.01015625 0.05625