2 0.4375 0.40703125 0.034375 0.096875
2 0.25390625 0.446875 0.046875 0.10546875
2 0.6421875 0.54296875 0.05 0.16796875
2 0.1390625 0.43359375 0.0421875 0.11328125
2 0.51015625 0.5578125 0.028125 0.15546875
2 0.39609375 0.44453125 0.03671875 0.1328125
2 0.75859375 0.52109375 0.0296875 0.153125
2 0.90546875 0.5578125 0.03046875 0.16484375
2 0.79375 0.5 0.02265625 0.0765625
2 0.8578125 0.54609375 0.04140625 0.16796875
2 0.93125 0.63515625 0.046875 0.15703125
2 0.78046875 0.59140625 0.0328125 0.165625
0 0.109375 0.4875 0.01171875 0.01953125
2 0.80390625 0.59453125 0.01953125 0.1671875