2 0.20859375 0.59140625 0.01484375 0.0578125
1 0.10234375 0.33984375 0.0078125 0.03359375
0 0.096875 0.3625 0.0046875 0.00859375
2 0.21875 0.42109375 0.0125 0.046875
2 0.39921875 0.3265625 0.0078125 0.034375
2 0.3375 0.42578125 0.01171875 0.04375
2 0.4140625 0.34453125 0.00546875 0.03515625
2 0.52578125 0.35546875 0.00703125 0.03359375
2 0.51875 0.409375 0.00546875 0.04296875
2 0.603125 0.384375 0.00625 0.034375
2 0.61796875 0.328125 0.00546875 0.0359375
2 0.64921875 0.35390625 0.0078125 0.034375
2 0.58828125 0.43984375 0.0140625 0.04140625
2 0.5421875 0.58125 0.01171875 0.04921875
3 0.6203125 0.5 0.00625 0.04609375
3 0.70625 0.30234375 0.0109375 0.03203125
2 0.69609375 0.3609375 0.01015625 0.03671875
2 0.71328125 0.44296875 0.00625 0.04140625
2 0.71875 0.45390625 0.01171875 0.0421875
2 0.63671875 0.5671875 0.01328125 0.05
2 0.70390625 0.5375 0.0109375 0.05
2 0.70859375 0.64140625 0.015625 0.05703125
2 0.79296875 0.8 0.02109375 0.06171875
2 0.753125 0.3109375 0.00703125 0.0328125