3 0.84375 0.975 0.028125 0.05
3 0.3921875 0.328125 0.00859375 0.03359375
3 0.58828125 0.4828125 0.015625 0.04140625
2 0.33671875 0.60390625 0.01484375 0.0515625
2 0.28671875 0.609375 0.01640625 0.05078125
2 0.2640625 0.48359375 0.0125 0.0421875
2 0.27109375 0.41875 0.00859375 0.03828125
2 0.37421875 0.43046875 0.01328125 0.03671875
2 0.44375 0.3515625 0.009375 0.034375
2 0.45234375 0.3828125 0.01015625 0.03515625
2 0.46015625 0.3984375 0.00859375 0.034375
2 0.4765625 0.340625 0.00703125 0.03203125
2 0.52734375 0.3546875 0.00703125 0.03046875
2 0.52265625 0.43359375 0.0125 0.03359375
2 0.60390625 0.3984375 0.01484375 0.02890625
2 0.63671875 0.46171875 0.0109375 0.05
2 0.60703125 0.51640625 0.01484375 0.04609375
0 0.59375 0.41640625 0.00546875 0.01015625
2 0.6171875 0.39296875 0.0140625 0.034375
2 0.6265625 0.37578125 0.009375 0.03671875
2 0.6734375 0.371875 0.0109375 0.03359375
2 0.68828125 0.38046875 0.0140625 0.03359375
1 0.046875 0.4703125 0.01015625 0.04765625
2 0.74609375 0.453125 0.0140625 0.046875
2 0.73125 0.49296875 0.0171875 0.0453125