3 0.49453125 0.50234375 0.0109375 0.06953125
1 0.8453125 0.49375 0.01015625 0.0734375
2 0.83203125 0.503125 0.0125 0.06875
2 0.8125 0.53671875 0.01171875 0.07265625
2 0.7953125 0.5078125 0.009375 0.0765625
2 0.77421875 0.459375 0.01171875 0.0671875
2 0.76171875 0.48203125 0.01484375 0.06875
2 0.7109375 0.48125 0.0140625 0.06640625
2 0.7203125 0.56171875 0.009375 0.0734375
2 0.70546875 0.5546875 0.0140625 0.06640625
2 0.69921875 0.5203125 0.01328125 0.06875
2 0.68828125 0.5375 0.01484375 0.06953125
2 0.6765625 0.57109375 0.01328125 0.0765625
2 0.66796875 0.5625 0.0140625 0.065625
2 0.6515625 0.56328125 0.01953125 0.08046875
2 0.6171875 0.67109375 0.0171875 0.08125
2 0.58203125 0.56171875 0.0125 0.07109375
2 0.55390625 0.46484375 0.0125 0.06484375
2 0.54921875 0.29609375 0.0109375 0.0484375
0 0.54296875 0.31875 0.0046875 0.009375
2 0.46796875 0.57109375 0.01328125 0.07421875
2 0.3765625 0.521875 0.01484375 0.0734375
2 0.08828125 0.62890625 0.01484375 0.071875