0 0.66796875 0.40703125 0.0046875 0.0109375
3 0.6703125 0.3578125 0.0078125 0.028125
3 0.44375 0.46484375 0.00859375 0.0375
3 0.234375 0.9390625 0.02421875 0.06328125
2 0.2703125 0.64453125 0.009375 0.0515625
2 0.4265625 0.3890625 0.00546875 0.03046875
2 0.378125 0.4 0.00859375 0.03203125
2 0.3046875 0.4578125 0.00703125 0.040625
2 0.34375 0.51015625 0.01015625 0.04375
2 0.3625 0.55390625 0.0109375 0.04375
2 0.45078125 0.503125 0.0078125 0.04375
2 0.46328125 0.403125 0.01015625 0.03203125
2 0.48125 0.4390625 0.01015625 0.03671875
2 0.53203125 0.3703125 0.00703125 0.03125
2 0.53515625 0.3890625 0.00703125 0.03046875
2 0.53515625 0.43828125 0.0125 0.03828125
2 0.56171875 0.4640625 0.00703125 0.03671875
2 0.59453125 0.52890625 0.0125 0.03828125
2 0.6015625 0.40703125 0.00625 0.03359375
2 0.61015625 0.4125 0.01015625 0.03125
2 0.6828125 0.38984375 0.01171875 0.0328125
2 0.6828125 0.4578125 0.01328125 0.0359375
2 0.78046875 0.46171875 0.0078125 0.03671875
2 0.80078125 0.53125 0.0140625 0.040625
1 0.92421875 0.471875 0.0109375 0.04296875