3 0.06953125 0.3203125 0.0125 0.04375
3 0.32890625 0.55546875 0.01171875 0.0546875
2 0.09140625 0.52265625 0.01171875 0.05703125
2 0.1046875 0.45234375 0.01171875 0.05390625
2 0.1328125 0.4953125 0.0125 0.0546875
2 0.25859375 0.51484375 0.0109375 0.053125
2 0.3109375 0.46953125 0.01328125 0.05078125
2 0.29921875 0.36171875 0.01015625 0.04453125
2 0.33828125 0.5234375 0.0125 0.05
2 0.24296875 0.6765625 0.01796875 0.06640625
2 0.5265625 0.32265625 0.0078125 0.0390625
2 0.3734375 0.365625 0.0109375 0.03984375
2 0.546875 0.41328125 0.01015625 0.0453125
2 0.5671875 0.38125 0.0078125 0.0453125
2 0.56953125 0.465625 0.01484375 0.0484375
2 0.6234375 0.4453125 0.01015625 0.04765625
2 0.6609375 0.5515625 0.01640625 0.06328125
2 0.5796875 0.64453125 0.0140625 0.0671875
2 0.93984375 0.5640625 0.01171875 0.06171875
1 0.77421875 0.40859375 0.01171875 0.05078125
2 0.75703125 0.384375 0.01015625 0.04765625
2 0.6875 0.60546875 0.01328125 0.0578125
2 0.59609375 0.7515625 0.015625 0.0625