2 0.54140625 0.74921875 0.01171875 0.0515625
2 0.63359375 0.63046875 0.0140625 0.04609375
2 0.75859375 0.51796875 0.00859375 0.03203125
2 0.5828125 0.525 0.0078125 0.03671875
2 0.59609375 0.603125 0.0109375 0.04375
3 0.63828125 0.75625 0.0125 0.0515625
3 0.5453125 0.47890625 0.0078125 0.03359375
1 0.90234375 0.46640625 0.0078125 0.0359375
2 0.56796875 0.44609375 0.00546875 0.0328125
2 0.55625 0.40859375 0.0046875 0.0296875
2 0.56328125 0.421875 0.0046875 0.0296875
2 0.52734375 0.528125 0.00859375 0.03515625
2 0.5125 0.54453125 0.0109375 0.0328125
2 0.471875 0.4625 0.00703125 0.03046875
2 0.42421875 0.47734375 0.01015625 0.03125
2 0.4265625 0.5203125 0.01015625 0.03125
2 0.4125 0.40703125 0.00859375 0.03046875
2 0.33828125 0.49609375 0.00625 0.03203125
2 0.40546875 0.6453125 0.01640625 0.04140625
2 0.33828125 0.490625 0.0109375 0.03125
2 0.328125 0.415625 0.009375 0.02890625
2 0.20234375 0.678125 0.01953125 0.04375
1 0.08359375 0.51640625 0.0109375 0.040625
0 0.0921875 0.52890625 0.00390625 0.00859375
3 0.35390625 0.35 0.00546875 0.02109375