2 0.4421875 0.7375 0.025 0.07890625
3 0.06015625 0.91015625 0.02734375 0.08203125
2 0.80078125 0.65234375 0.021875 0.07265625
2 0.89375 0.79453125 0.01953125 0.08515625
2 0.73046875 0.49140625 0.02578125 0.059375
2 0.5359375 0.5140625 0.01171875 0.0546875
2 0.41015625 0.478125 0.0140625 0.06328125
2 0.40078125 0.496875 0.0125 0.059375
2 0.31796875 0.38671875 0.01171875 0.0578125
2 0.11015625 0.41796875 0.01328125 0.06015625
2 0.23046875 0.2203125 0.00859375 0.0453125
2 0.32890625 0.36171875 0.01015625 0.05625
2 0.3515625 0.26171875 0.00625 0.04453125
2 0.51796875 0.3984375 0.02109375 0.053125
2 0.45703125 0.2375 0.009375 0.040625
2 0.47578125 0.16640625 0.0078125 0.0359375
2 0.57578125 0.23203125 0.01015625 0.0484375
2 0.52109375 0.371875 0.01484375 0.046875
2 0.63125 0.33515625 0.01484375 0.05625
2 0.69765625 0.4078125 0.0109375 0.06015625
2 0.690625 0.48125 0.01484375 0.0546875
3 0.55859375 0.1484375 0.00859375 0.0390625
3 0.56171875 0.4109375 0.009375 0.05703125
0 0.4859375 0.75390625 0.01015625 0.02109375
1 0.98984375 0.33515625 0.0171875 0.05078125