3 0.09453125 0.3140625 0.01484375 0.040625
3 0.3359375 0.4828125 0.01328125 0.05234375
2 0.171875 0.365625 0.01015625 0.04609375
2 0.128125 0.5125 0.01328125 0.05625
2 0.17578125 0.60234375 0.0140625 0.06015625
2 0.278125 0.60625 0.009375 0.06015625
2 0.27890625 0.50390625 0.01015625 0.0546875
2 0.3078125 0.4484375 0.00859375 0.05
2 0.28046875 0.33203125 0.0109375 0.04296875
2 0.3328125 0.34921875 0.00859375 0.04375
2 0.36015625 0.46015625 0.01015625 0.0515625
2 0.39765625 0.496875 0.01171875 0.04921875
2 0.521875 0.58203125 0.0140625 0.06171875
2 0.5015625 0.409375 0.00859375 0.04453125
2 0.47890625 0.34453125 0.0109375 0.03984375
2 0.55078125 0.3734375 0.009375 0.0453125
2 0.61328125 0.3390625 0.01015625 0.0421875
2 0.6328125 0.51015625 0.01015625 0.0578125
2 0.62890625 0.53046875 0.0109375 0.0546875
2 0.71171875 0.42890625 0.0078125 0.046875
2 0.71015625 0.38828125 0.009375 0.04765625
1 0.76640625 0.40703125 0.0125 0.05078125
2 0.8546875 0.546875 0.0140625 0.06328125