2 0.83984375 0.671875 0.01953125 0.0578125
2 0.85546875 0.75390625 0.01796875 0.06328125
2 0.92109375 0.54609375 0.0109375 0.04921875
2 0.84453125 0.44453125 0.0078125 0.04375
2 0.79296875 0.4046875 0.00625 0.0375
3 0.9015625 0.36015625 0.00859375 0.03671875
2 0.75859375 0.4640625 0.0078125 0.040625
2 0.66953125 0.55859375 0.009375 0.053125
2 0.609375 0.46484375 0.00703125 0.0421875
2 0.5515625 0.56171875 0.0171875 0.04921875
2 0.48515625 0.425 0.00859375 0.03984375
2 0.53125 0.37421875 0.01328125 0.0359375
3 0.5 0.38828125 0.0078125 0.0390625
2 0.37890625 0.43359375 0.0078125 0.0421875
2 0.365625 0.40234375 0.00859375 0.03515625
2 0.32109375 0.4953125 0.0109375 0.04765625
2 0.290625 0.39765625 0.00703125 0.0390625
2 0.2734375 0.365625 0.00859375 0.034375
2 0.2625 0.378125 0.00703125 0.03671875
2 0.203125 0.41875 0.01328125 0.04921875
2 0.18515625 0.4328125 0.01328125 0.03671875
2 0.18828125 0.4296875 0.01171875 0.03046875
1 0.1578125 0.41171875 0.025 0.0140625