3 0.3703125 0.63046875 0.0296875 0.08046875
2 0.79921875 0.63125 0.0234375 0.06875
2 0.87890625 0.628125 0.0171875 0.084375
2 0.7734375 0.665625 0.01953125 0.1
2 0.31953125 0.5296875 0.021875 0.0609375
2 0.2796875 0.65546875 0.01640625 0.1
2 0.60546875 0.58125 0.02109375 0.07265625
2 0.5046875 0.60390625 0.0203125 0.07421875
2 0.96015625 0.60546875 0.015625 0.0734375
2 0.73515625 0.5703125 0.0296875 0.06953125
2 0.4859375 0.56015625 0.021875 0.0640625
2 0.16953125 0.57265625 0.01328125 0.08046875
2 0.5125 0.503125 0.0140625 0.05625
2 0.74765625 0.67421875 0.02109375 0.0890625
2 0.07578125 0.4890625 0.02421875 0.059375
2 0.59921875 0.5203125 0.01875 0.05234375
2 0.534375 0.53046875 0.02734375 0.06015625
0 0.940625 0.62890625 0.00859375 0.0140625
1 0.8078125 0.51484375 0.0234375 0.0703125
3 0.37578125 0.4296875 0.01640625 0.0453125