2 0.80234375 0.50390625 0.009375 0.0453125
2 0.784375 0.6265625 0.01171875 0.05234375
2 0.69921875 0.4546875 0.00546875 0.0375
2 0.69609375 0.4703125 0.00703125 0.040625
2 0.70546875 0.67421875 0.01953125 0.0515625
2 0.65625 0.67109375 0.01796875 0.06015625
2 0.84375 0.6203125 0.0109375 0.0546875
3 0.840625 0.940625 0.0203125 0.07265625
2 0.00859375 0.82734375 0.0171875 0.0640625
2 0.284375 0.40625 0.00703125 0.03671875
2 0.25390625 0.4890625 0.00546875 0.040625
2 0.15859375 0.48203125 0.0078125 0.03671875
2 0.23984375 0.55625 0.00859375 0.046875
2 0.26328125 0.6078125 0.009375 0.05078125
2 0.34921875 0.5234375 0.0125 0.04453125
2 0.36484375 0.6109375 0.009375 0.04765625
2 0.41640625 0.37421875 0.00546875 0.03359375
2 0.40234375 0.409375 0.0078125 0.03359375
2 0.37578125 0.4515625 0.0125 0.0359375
2 0.43203125 0.50078125 0.00703125 0.0390625
1 0.24453125 0.4453125 0.0078125 0.0421875
3 0.44609375 0.51015625 0.00859375 0.0421875
3 0.390625 0.33046875 0.00859375 0.03046875
2 0.5046875 0.4375 0.00625 0.0359375
2 0.51953125 0.50078125 0.0078125 0.0453125