2 0.57890625 0.50390625 0.00859375 0.0375
2 0.62890625 0.52265625 0.009375 0.04140625
2 0.49140625 0.52109375 0.009375 0.0421875
2 0.26953125 0.5015625 0.00859375 0.0375
3 0.69609375 0.9875 0.028125 0.02421875
2 0.40546875 0.48828125 0.00859375 0.0375
2 0.7171875 0.453125 0.0125 0.0359375
2 0.57578125 0.55 0.009375 0.04765625
2 0.4421875 0.4640625 0.0078125 0.0328125
2 0.31796875 0.5390625 0.00859375 0.03671875
2 0.70546875 0.5015625 0.0078125 0.03984375
0 0.24609375 0.5765625 0.00546875 0.01015625
3 0.8828125 0.87734375 0.0171875 0.0703125
2 0.82109375 0.4671875 0.01015625 0.0375
2 0.828125 0.44140625 0.00859375 0.03359375
2 0.26328125 0.54296875 0.0125 0.03671875
2 0.35390625 0.50234375 0.0078125 0.0328125
3 0.34453125 0.51171875 0.01015625 0.0359375
1 0.321875 0.44609375 0.0109375 0.03671875
2 0.34921875 0.45859375 0.00859375 0.03359375
2 0.340625 0.44296875 0.0078125 0.03203125
2 0.384375 0.4421875 0.00703125 0.034375