2 0.64453125 0.6921875 0.0125 0.053125
2 0.78359375 0.59921875 0.01640625 0.04921875
2 0.2859375 0.578125 0.0125 0.04296875
2 0.48359375 0.50234375 0.01171875 0.0390625
3 0.56484375 0.60546875 0.0140625 0.05390625
2 0.49609375 0.6375 0.01015625 0.04921875
2 0.4921875 0.4484375 0.01015625 0.0328125
2 0.56015625 0.471875 0.00859375 0.03984375
2 0.6640625 0.5390625 0.01171875 0.04375
2 0.671875 0.50234375 0.01015625 0.0390625
2 0.1640625 0.53359375 0.0125 0.04609375
2 0.7640625 0.5390625 0.01015625 0.040625
2 0.65546875 0.47421875 0.0109375 0.03828125
3 0.04140625 0.43828125 0.01171875 0.03828125
2 0.4796875 0.50078125 0.0125 0.0390625
2 0.46875 0.61015625 0.0109375 0.0515625
2 0.6515625 0.540625 0.01328125 0.04375
2 0.73515625 0.6671875 0.01015625 0.0546875
2 0.62421875 0.678125 0.01484375 0.05
2 0.8015625 0.5203125 0.01015625 0.0421875
2 0.7703125 0.51640625 0.00859375 0.04453125
1 0.8078125 0.4953125 0.01015625 0.040625
2 0.42578125 0.74296875 0.01796875 0.0625
2 0.2109375 0.61796875 0.0171875 0.053125