2 0.95234375 0.36328125 0.03984375 0.1453125
2 0.04453125 0.69375 0.05703125 0.18203125
2 0.5296875 0.590625 0.03828125 0.19453125
2 0.365625 0.6046875 0.0390625 0.18125
0 0.6828125 0.75234375 0.0171875 0.03125
2 0.9875 0.32421875 0.025 0.13359375
2 0.63515625 0.41796875 0.059375 0.15703125
2 0.85546875 0.58125 0.0640625 0.2015625
2 0.75 0.43828125 0.03984375 0.14453125
2 0.71171875 0.44375 0.03359375 0.15625
2 0.709375 0.52734375 0.03203125 0.16328125
2 0.6765625 0.45703125 0.04140625 0.14453125
2 0.60703125 0.4859375 0.0515625 0.16015625
1 0.125 0.446875 0.04609375 0.1421875