1 0.90390625 0.42265625 0.01328125 0.04375
2 0.73046875 0.734375 0.01484375 0.05703125
2 0.54296875 0.315625 0.00546875 0.03046875
2 0.58515625 0.34609375 0.0046875 0.03515625
2 0.5765625 0.378125 0.00546875 0.03671875
2 0.6234375 0.4484375 0.00546875 0.04140625
2 0.6359375 0.56328125 0.009375 0.04921875
2 0.6796875 0.6484375 0.01328125 0.05703125
3 0.57421875 0.27421875 0.00625 0.03046875
3 0.52265625 0.48046875 0.00703125 0.0421875
2 0.4859375 0.36328125 0.00703125 0.0328125
2 0.46640625 0.44140625 0.01015625 0.03046875
2 0.46015625 0.465625 0.00703125 0.03984375
2 0.47734375 0.58359375 0.00859375 0.053125
2 0.5 0.640625 0.0109375 0.05546875
2 0.3875 0.371875 0.00859375 0.03671875
2 0.34921875 0.46328125 0.00703125 0.04453125
2 0.31484375 0.35078125 0.0078125 0.03515625
2 0.3265625 0.52421875 0.009375 0.0453125
2 0.3203125 0.5609375 0.00859375 0.05625
2 0.22421875 0.40859375 0.0109375 0.03984375
2 0.29609375 0.63828125 0.0140625 0.05703125
2 0.1703125 0.5390625 0.01171875 0.04765625
0 0.1875 0.51328125 0.00546875 0.0125
3 0.02421875 0.7984375 0.021875 0.06328125