1 0.0765625 0.37734375 0.01328125 0.05546875
0 0.22578125 0.53046875 0.00703125 0.01640625
2 0.2015625 0.48671875 0.0109375 0.059375
2 0.33359375 0.4265625 0.0140625 0.053125
2 0.346875 0.4328125 0.0109375 0.0546875
2 0.4484375 0.309375 0.00859375 0.04609375
2 0.7296875 0.36484375 0.01015625 0.0515625
2 0.56796875 0.41328125 0.0109375 0.05078125
2 0.478125 0.4203125 0.009375 0.05078125
2 0.5421875 0.5125 0.01484375 0.053125
2 0.47578125 0.5328125 0.0109375 0.06015625
2 0.5234375 0.6484375 0.01328125 0.06328125
2 0.48046875 0.69921875 0.0140625 0.07265625
2 0.63515625 0.5171875 0.0109375 0.06015625
2 0.58984375 0.29453125 0.0078125 0.04375
2 0.63125 0.23125 0.009375 0.0359375
3 0.46328125 0.1828125 0.0078125 0.0359375
3 0.76796875 0.3921875 0.0125 0.05234375
2 0.92421875 0.76328125 0.01796875 0.096875
2 0.93828125 0.6875 0.0203125 0.07109375
2 0.9078125 0.49609375 0.01796875 0.059375
2 0.8203125 0.340625 0.0109375 0.04765625
2 0.875 0.40703125 0.0140625 0.05546875
2 0.8828125 0.45625 0.0140625 0.0546875