2 0.68984375 0.66328125 0.02265625 0.059375
2 0.91015625 0.51875 0.02109375 0.06015625
2 0.71953125 0.3625 0.0125 0.04765625
2 0.6953125 0.47578125 0.0171875 0.05546875
0 0.65859375 0.62734375 0.00703125 0.015625
2 0.61171875 0.5484375 0.015625 0.0578125
2 0.575 0.65390625 0.01640625 0.06328125
3 0.97421875 0.98203125 0.01484375 0.03515625
3 0.509375 0.24453125 0.01171875 0.0375
3 0.5109375 0.49296875 0.0140625 0.05546875
2 0.521875 0.55546875 0.01796875 0.0546875
2 0.603125 0.38203125 0.0109375 0.0484375
2 0.5421875 0.36015625 0.00859375 0.04375
2 0.49453125 0.28203125 0.01171875 0.03828125
2 0.45703125 0.3375 0.00546875 0.04453125
2 0.45390625 0.43203125 0.01484375 0.04921875
2 0.421875 0.45546875 0.0125 0.05078125
2 0.41875 0.3875 0.01328125 0.0484375
2 0.3375 0.50625 0.01640625 0.05625
2 0.3921875 0.63671875 0.01171875 0.0640625
2 0.31796875 0.60625 0.01953125 0.0578125
2 0.2765625 0.74453125 0.01484375 0.07109375
2 0.2765625 0.7890625 0.01875 0.0734375
2 0.32109375 0.48359375 0.01484375 0.0546875
1 0.15546875 0.39921875 0.0125 0.05