2 0.2515625 0.66328125 0.0140625 0.06875
2 0.284375 0.45234375 0.0109375 0.0546875
2 0.2375 0.66328125 0.0125 0.06640625
2 0.0984375 0.82578125 0.02265625 0.0859375
2 0.253125 0.76796875 0.01875 0.06484375
2 0.25625 0.8109375 0.03515625 0.040625
0 0.25703125 0.821875 0.0078125 0.0140625
2 0.34140625 0.7265625 0.01953125 0.065625
2 0.38046875 0.77265625 0.0140625 0.08203125
2 0.36953125 0.39296875 0.0125 0.04921875
2 0.403125 0.428125 0.01171875 0.0515625
2 0.41484375 0.46171875 0.01328125 0.05546875
2 0.4296875 0.3015625 0.009375 0.0453125
2 0.525 0.3265625 0.00859375 0.04453125
2 0.5328125 0.48125 0.01171875 0.05859375
2 0.56484375 0.4640625 0.01328125 0.05078125
2 0.5421875 0.62421875 0.015625 0.071875
2 0.6984375 0.68046875 0.01953125 0.07109375
2 0.65390625 0.33515625 0.01015625 0.04765625
2 0.546875 0.2296875 0.00859375 0.0390625
3 0.47265625 0.20078125 0.01015625 0.03359375
3 0.465625 0.46015625 0.01171875 0.0515625
1 0.10234375 0.3625 0.015625 0.046875
3 0.87890625 0.9140625 0.01796875 0.08984375
2 0.81484375 0.30859375 0.0109375 0.04453125
2 0.8890625 0.50390625 0.01484375 0.0625