2 0.50078125 0.81015625 0.02265625 0.0640625
2 0.5671875 0.5859375 0.0109375 0.0484375
2 0.6453125 0.59453125 0.0125 0.06015625
2 0.5703125 0.73046875 0.0234375 0.05234375
2 0.18359375 0.5421875 0.0125 0.05
2 0.3453125 0.64375 0.01328125 0.05703125
2 0.2328125 0.6828125 0.0171875 0.05625
2 0.5625 0.45390625 0.0109375 0.03828125
2 0.70546875 0.6890625 0.01171875 0.05546875
3 0.515625 0.971875 0.02109375 0.05625
2 0.6921875 0.47890625 0.009375 0.0421875
3 0.675 0.9375 0.0359375 0.06328125
2 0.5328125 0.40078125 0.00859375 0.03515625
2 0.58984375 0.43203125 0.01015625 0.0421875
0 0.615625 0.76171875 0.01015625 0.01640625
3 0.59296875 0.515625 0.01171875 0.04453125
2 0.5515625 0.390625 0.009375 0.040625
2 0.69765625 0.54921875 0.009375 0.04453125
2 0.73359375 0.56953125 0.0140625 0.0484375
1 0.7671875 0.43046875 0.0140625 0.0375
2 0.66796875 0.71328125 0.01171875 0.05546875
2 0.67734375 0.709375 0.01015625 0.0578125
2 0.27578125 0.46328125 0.01171875 0.0390625
2 0.23515625 0.4359375 0.0109375 0.04453125
3 0.165625 0.8921875 0.01640625 0.0734375