2 0.22265625 0.4328125 0.05859375 0.14453125
2 0.153125 0.57265625 0.0484375 0.21015625
2 0.45859375 0.6015625 0.05078125 0.18671875
2 0.390625 0.4765625 0.05859375 0.1703125
2 0.30390625 0.45859375 0.03515625 0.1484375
2 0.2796875 0.51953125 0.0375 0.16640625
2 0.6359375 0.6015625 0.0703125 0.1828125
2 0.028125 0.37421875 0.03125 0.13828125
0 0.3640625 0.690625 0.01953125 0.0328125
2 0.37265625 0.42265625 0.0390625 0.1609375
2 0.9171875 0.68671875 0.0546875 0.1828125
2 0.2796875 0.42265625 0.03359375 0.14140625
2 0.26953125 0.66953125 0.071875 0.17578125
1 0.8375 0.446875 0.05 0.14375