2 0.83828125 0.7140625 0.01796875 0.06875
2 0.20546875 0.55859375 0.01328125 0.0546875
2 0.259375 0.5671875 0.015625 0.05390625
2 0.2734375 0.48125 0.0125 0.05
2 0.31953125 0.575 0.0140625 0.0515625
2 0.71796875 0.625 0.0140625 0.05859375
2 0.215625 0.65078125 0.01640625 0.06171875
2 0.4609375 0.32109375 0.009375 0.0375
2 0.415625 0.32109375 0.009375 0.0390625
2 0.48671875 0.39375 0.00859375 0.03984375
3 0.903125 0.83203125 0.01640625 0.0765625
2 0.7 0.4109375 0.01015625 0.0453125
2 0.309375 0.62890625 0.0109375 0.05546875
2 0.34375 0.77421875 0.01484375 0.0625
2 0.459375 0.61796875 0.009375 0.06484375
2 0.31953125 0.48515625 0.0109375 0.04765625
2 0.2328125 0.478125 0.01171875 0.05
2 0.83671875 0.5125 0.0125 0.05625
3 0.43203125 0.22265625 0.00859375 0.03203125
0 0.24765625 0.78515625 0.00625 0.0140625
2 0.61953125 0.45625 0.0125 0.05
2 0.37265625 0.38046875 0.009375 0.04375
3 0.48515625 0.51484375 0.0078125 0.05
2 0.48984375 0.5140625 0.00703125 0.05
1 0.134375 0.3640625 0.01171875 0.04609375