3 0.82890625 0.6296875 0.0140625 0.04296875
1 0.76171875 0.38828125 0.0078125 0.03671875
2 0.89609375 0.5265625 0.01484375 0.04375
2 0.7984375 0.53984375 0.0125 0.04453125
2 0.859375 0.61484375 0.01171875 0.04453125
2 0.60859375 0.44296875 0.00546875 0.03671875
2 0.58828125 0.46640625 0.00703125 0.03515625
2 0.459375 0.40078125 0.00625 0.03125
2 0.434375 0.44765625 0.00859375 0.03359375
2 0.484375 0.5578125 0.0109375 0.0421875
2 0.46953125 0.575 0.0109375 0.0421875
2 0.4296875 0.440625 0.009375 0.0328125
3 0.28828125 0.5375 0.00703125 0.04296875
3 0.1375 0.3265625 0.00703125 0.028125
2 0.19765625 0.4203125 0.01015625 0.03359375
2 0.21015625 0.446875 0.0078125 0.0359375
2 0.24296875 0.55625 0.0078125 0.0421875
2 0.2390625 0.603125 0.0125 0.04296875
2 0.15234375 0.50625 0.009375 0.040625
2 0.1546875 0.56796875 0.01015625 0.04609375
2 0.1359375 0.5703125 0.01171875 0.04609375
2 0.159375 0.6640625 0.0140625 0.053125
2 0.25078125 0.7109375 0.0140625 0.0546875
2 0.1609375 0.73359375 0.0140625 0.053125