2 0.23359375 0.7671875 0.0171875 0.07109375
2 0.34921875 0.58359375 0.01484375 0.0609375
2 0.4125 0.4515625 0.00859375 0.053125
2 0.5046875 0.51796875 0.0125 0.05625
2 0.45703125 0.41875 0.0125 0.04921875
2 0.428125 0.35390625 0.0109375 0.04609375
2 0.51171875 0.40078125 0.0125 0.03828125
2 0.54375 0.303125 0.01015625 0.040625
2 0.58046875 0.29453125 0.0109375 0.04296875
2 0.553125 0.22890625 0.01015625 0.03671875
2 0.5984375 0.275 0.01171875 0.03984375
2 0.63671875 0.22109375 0.0078125 0.0375
3 0.51171875 0.20234375 0.00859375 0.0375
1 0.1328125 0.359375 0.01171875 0.04921875
3 0.91171875 0.92265625 0.02265625 0.0828125
3 0.5125 0.4375 0.00859375 0.04921875
2 0.734375 0.25703125 0.0078125 0.03984375
2 0.75546875 0.3328125 0.01171875 0.046875
2 0.80078125 0.31875 0.0078125 0.04296875
2 0.83125 0.4109375 0.01171875 0.0515625
2 0.72109375 0.4078125 0.0109375 0.05078125
2 0.690625 0.4 0.01171875 0.0484375
2 0.67265625 0.5078125 0.00859375 0.0671875
2 0.8515625 0.6828125 0.015625 0.075
0 0.815625 0.43671875 0.0078125 0.015625