2 0.7375 0.821875 0.01875 0.0734375
2 0.7859375 0.74921875 0.01171875 0.071875
2 0.77578125 0.59765625 0.0140625 0.06171875
2 0.834375 0.6125 0.0125 0.0609375
2 0.82421875 0.5203125 0.01484375 0.05859375
2 0.85 0.52734375 0.01484375 0.06015625
2 0.840625 0.4359375 0.0109375 0.05078125
2 0.80390625 0.39453125 0.01171875 0.04453125
2 0.7265625 0.39375 0.01171875 0.04296875
2 0.65859375 0.50390625 0.0125 0.0515625
2 0.58203125 0.6015625 0.009375 0.05625
2 0.4859375 0.69296875 0.0109375 0.0671875
2 0.51484375 0.43984375 0.0109375 0.04453125
2 0.47578125 0.3765625 0.00703125 0.04375
2 0.503125 0.42265625 0.0109375 0.0484375
2 0.41328125 0.53828125 0.0125 0.059375
3 0.5953125 0.53671875 0.0140625 0.05625
3 0.86640625 0.375 0.0140625 0.04375
1 0.1078125 0.4234375 0.0125 0.05078125
2 0.178125 0.415625 0.0171875 0.04765625
2 0.1171875 0.64921875 0.01640625 0.0734375
2 0.31484375 0.59453125 0.01328125 0.06640625
2 0.38359375 0.4640625 0.01171875 0.04765625