0 0.78984375 0.58515625 0.0078125 0.01328125
1 0.93046875 0.321875 0.0109375 0.04375
2 0.846875 0.41328125 0.01328125 0.05
2 0.8109375 0.46015625 0.01171875 0.05078125
2 0.8109375 0.56484375 0.01875 0.05703125
2 0.60625 0.52109375 0.00859375 0.05
2 0.6171875 0.453125 0.00859375 0.04296875
2 0.615625 0.36640625 0.00859375 0.04453125
2 0.54296875 0.39453125 0.0109375 0.03828125
2 0.49140625 0.45546875 0.01171875 0.05078125
2 0.49296875 0.25390625 0.0078125 0.03828125
2 0.43984375 0.3046875 0.0078125 0.04140625
2 0.42421875 0.34765625 0.009375 0.0375
2 0.28203125 0.2515625 0.0078125 0.03359375
2 0.240625 0.28984375 0.0078125 0.03984375
2 0.2625 0.36015625 0.00859375 0.03984375
2 0.2328125 0.3359375 0.009375 0.0421875
3 0.196875 0.23515625 0.00859375 0.034375
3 0.35234375 0.4328125 0.0109375 0.04765625
2 0.1703125 0.40625 0.009375 0.05
2 0.24453125 0.5171875 0.01328125 0.0515625
2 0.19609375 0.53359375 0.009375 0.05390625
2 0.22734375 0.66484375 0.015625 0.0609375
2 0.26875 0.7828125 0.02265625 0.06953125