1 0.86328125 0.3453125 0.01015625 0.046875
2 0.61875 0.31015625 0.01015625 0.040625
2 0.6453125 0.3359375 0.009375 0.03828125
2 0.64296875 0.34609375 0.015625 0.03828125
2 0.61796875 0.3609375 0.01015625 0.040625
2 0.6578125 0.3546875 0.0140625 0.040625
2 0.66015625 0.38359375 0.01328125 0.04375
2 0.675 0.43046875 0.01171875 0.04453125
2 0.7234375 0.41953125 0.015625 0.05
2 0.725 0.45 0.0109375 0.04609375
2 0.765625 0.44296875 0.0125 0.04765625
2 0.63671875 0.50703125 0.0140625 0.04921875
2 0.6625 0.57265625 0.01328125 0.05234375
2 0.8328125 0.65703125 0.0171875 0.0625
2 0.4671875 0.271875 0.01328125 0.0359375
2 0.446875 0.35390625 0.015625 0.0421875
2 0.47890625 0.45546875 0.01796875 0.0421875
2 0.49453125 0.53046875 0.0171875 0.0546875
2 0.415625 0.584375 0.01328125 0.05625
2 0.3015625 0.48671875 0.01328125 0.0453125
3 0.54609375 0.36953125 0.01328125 0.03984375
3 0.15546875 0.25703125 0.01484375 0.03984375
2 0.2640625 0.49140625 0.01328125 0.04921875