2 0.41015625 0.69375 0.015625 0.07578125
2 0.1625 0.615625 0.01328125 0.0640625
2 0.109375 0.525 0.01953125 0.0578125
2 0.5484375 0.653125 0.0140625 0.06875
2 0.41875 0.55 0.0140625 0.0609375
2 0.3140625 0.52578125 0.01328125 0.05703125
2 0.4359375 0.615625 0.01640625 0.0703125
2 0.24375 0.478125 0.00859375 0.05546875
2 0.83671875 0.5078125 0.01171875 0.06171875
2 0.21171875 0.47265625 0.0125 0.059375
2 0.128125 0.56484375 0.01171875 0.06484375
2 0.278125 0.590625 0.01328125 0.05859375
2 0.4484375 0.39609375 0.0109375 0.04765625
3 0.48046875 0.5609375 0.0140625 0.06171875
2 0.434375 0.38515625 0.01015625 0.053125
2 0.44453125 0.50234375 0.0109375 0.059375
2 0.29296875 0.50859375 0.00859375 0.05390625
2 0.84921875 0.53671875 0.01171875 0.06875
2 0.93359375 0.5765625 0.0140625 0.0703125
2 0.33828125 0.43828125 0.01015625 0.05390625
1 0.1984375 0.43984375 0.01875 0.04765625
0 0.0984375 0.5390625 0.00625 0.01171875