2 0.69609375 0.61875 0.01640625 0.0453125
2 0.46640625 0.62890625 0.01640625 0.0484375
2 0.78046875 0.7203125 0.015625 0.05390625
2 0.79609375 0.5953125 0.015625 0.04296875
2 0.8203125 0.69140625 0.01953125 0.04375
2 0.46171875 0.421875 0.01171875 0.03359375
2 0.56796875 0.53984375 0.0140625 0.040625
2 0.18046875 0.59375 0.0140625 0.05
3 0.528125 0.56328125 0.01328125 0.04140625
2 0.68046875 0.5828125 0.0125 0.04765625
2 0.43671875 0.590625 0.0125 0.046875
2 0.7328125 0.53359375 0.0125 0.04296875
2 0.59453125 0.45625 0.0109375 0.03828125
2 0.778125 0.56875 0.01484375 0.04296875
1 0.8390625 0.48203125 0.0109375 0.04375
3 0.990625 0.7734375 0.01796875 0.04765625
2 0.2296875 0.48125 0.009375 0.03671875
2 0.32578125 0.55 0.0140625 0.04140625
2 0.45546875 0.48046875 0.01015625 0.0359375
2 0.4484375 0.71875 0.0109375 0.05078125
2 0.29921875 0.72578125 0.01171875 0.0546875
2 0.72421875 0.728125 0.01796875 0.0546875
2 0.55078125 0.45234375 0.01171875 0.0390625
0 0.7578125 0.49453125 0.00546875 0.00703125