2 0.35390625 0.28671875 0.02265625 0.125
2 0.73359375 0.5234375 0.06171875 0.1609375
0 0.678125 0.653125 0.01640625 0.034375
2 0.40703125 0.46875 0.0453125 0.16796875
2 0.01875 0.565625 0.0328125 0.18671875
2 0.56875 0.34375 0.028125 0.14609375
2 0.321875 0.44765625 0.034375 0.16953125
2 0.1078125 0.41484375 0.0421875 0.16328125
2 0.34921875 0.37890625 0.0296875 0.16484375
2 0.63125 0.68984375 0.08359375 0.20546875
3 0.47109375 0.5625 0.034375 0.1875
2 0.171875 0.46640625 0.02734375 0.17578125
2 0.21875 0.484375 0.05078125 0.15625
3 0.81015625 0.2171875 0.03125 0.12109375
2 0.81796875 0.5109375 0.0640625 0.17109375
2 0.81328125 0.5 0.0421875 0.14453125