2 0.7484375 0.66328125 0.0140625 0.06875
2 0.715625 0.45234375 0.0109375 0.0546875
2 0.7625 0.66328125 0.0125 0.06640625
2 0.9015625 0.82578125 0.02265625 0.0859375
2 0.746875 0.76796875 0.01875 0.06484375
2 0.74375 0.8109375 0.03515625 0.040625
0 0.74296875 0.821875 0.0078125 0.0140625
2 0.65859375 0.7265625 0.01953125 0.065625
2 0.61953125 0.77265625 0.0140625 0.08203125
2 0.63046875 0.39296875 0.0125 0.04921875
2 0.596875 0.428125 0.01171875 0.0515625
2 0.58515625 0.46171875 0.01328125 0.05546875
2 0.5703125 0.3015625 0.009375 0.0453125
2 0.475 0.3265625 0.00859375 0.04453125
2 0.4671875 0.48125 0.01171875 0.05859375
2 0.43515625 0.4640625 0.01328125 0.05078125
2 0.4578125 0.62421875 0.015625 0.071875
2 0.3015625 0.68046875 0.01953125 0.07109375
2 0.34609375 0.33515625 0.01015625 0.04765625
2 0.453125 0.2296875 0.00859375 0.0390625
3 0.52734375 0.20078125 0.01015625 0.03359375
3 0.534375 0.46015625 0.01171875 0.0515625
1 0.89765625 0.3625 0.015625 0.046875
3 0.12109375 0.9140625 0.01796875 0.08984375
2 0.18515625 0.30859375 0.0109375 0.04453125
2 0.1109375 0.50390625 0.01484375 0.0625