2 0.41015625 0.59765625 0.0140625 0.08046875
2 0.23671875 0.5484375 0.015625 0.07421875
2 0.2078125 0.59609375 0.01875 0.071875
2 0.43203125 0.6421875 0.0234375 0.08046875
2 0.46953125 0.671875 0.0125 0.06953125
2 0.56328125 0.62578125 0.02265625 0.0796875
2 0.509375 0.3578125 0.0125 0.06015625
2 0.58359375 0.5234375 0.015625 0.0703125
2 0.61640625 0.36953125 0.0171875 0.05625
2 0.63515625 0.4125 0.0109375 0.06328125
2 0.6609375 0.48359375 0.0109375 0.07109375
2 0.6234375 0.571875 0.01953125 0.08125
2 0.67734375 0.5515625 0.01796875 0.0625
2 0.67421875 0.53828125 0.01015625 0.0734375
2 0.68671875 0.515625 0.0140625 0.065625
2 0.68359375 0.48046875 0.01171875 0.06328125
2 0.70078125 0.4921875 0.021875 0.0765625
2 0.7484375 0.51640625 0.0203125 0.0796875
2 0.765625 0.54296875 0.01328125 0.07734375
2 0.7734375 0.4671875 0.01328125 0.0703125
1 0.78671875 0.45859375 0.01640625 0.06953125
3 0.5328125 0.490625 0.0109375 0.071875