3 0.12578125 0.40703125 0.0125 0.04453125
3 0.42421875 0.53359375 0.01171875 0.05390625
2 0.121875 0.5609375 0.00859375 0.05625
2 0.5078125 0.4484375 0.01015625 0.04296875
2 0.41640625 0.40234375 0.009375 0.040625
2 0.3359375 0.5265625 0.0109375 0.0546875
2 0.2703125 0.425 0.009375 0.04296875
2 0.2109375 0.4671875 0.0140625 0.04921875
2 0.2203125 0.540625 0.015625 0.05078125
2 0.17734375 0.65859375 0.0140625 0.065625
2 0.2328125 0.65 0.01484375 0.06328125
2 0.31640625 0.73046875 0.01328125 0.0578125
2 0.3078125 0.7625 0.0171875 0.071875
2 0.43515625 0.60859375 0.01171875 0.0546875
2 0.5765625 0.684375 0.01015625 0.0609375
2 0.59375 0.53359375 0.01328125 0.05234375
2 0.53359375 0.43984375 0.00859375 0.04609375
2 0.5625 0.41015625 0.00703125 0.046875
1 0.86328125 0.4375 0.0140625 0.04921875
2 0.81171875 0.60546875 0.0125 0.06171875
2 0.6609375 0.60546875 0.01640625 0.06171875
2 0.6484375 0.49765625 0.009375 0.04609375
2 0.725 0.44609375 0.01015625 0.0484375
0 0.8296875 0.446875 0.00546875 0.009375