2 0.81328125 0.48671875 0.01171875 0.05859375
2 0.73671875 0.61640625 0.021875 0.06796875
2 0.65546875 0.6578125 0.0171875 0.06796875
2 0.5671875 0.55703125 0.01484375 0.06015625
2 0.55078125 0.52578125 0.01640625 0.06015625
2 0.53203125 0.5625 0.01640625 0.05703125
2 0.4921875 0.5203125 0.01328125 0.05703125
2 0.4984375 0.4671875 0.009375 0.05
2 0.44765625 0.49296875 0.01171875 0.05390625
2 0.4359375 0.4109375 0.01484375 0.04921875
3 0.409375 0.43515625 0.0078125 0.0484375
2 0.38203125 0.4921875 0.01640625 0.05859375
2 0.3421875 0.5234375 0.01171875 0.0625
2 0.33359375 0.3765625 0.01015625 0.025
2 0.31953125 0.47109375 0.0171875 0.05234375
2 0.2984375 0.4671875 0.01015625 0.05234375
2 0.26328125 0.46875 0.01484375 0.03828125
2 0.23828125 0.48359375 0.01484375 0.03984375
2 0.21796875 0.4828125 0.01328125 0.05703125
2 0.2390625 0.47265625 0.01015625 0.05
1 0.1734375 0.44609375 0.009375 0.03828125