3 0.66171875 0.48359375 0.01484375 0.05625
3 0.81171875 0.340625 0.01484375 0.0453125
2 0.55625 0.37734375 0.025 0.02109375
2 0.59140625 0.37734375 0.0109375 0.0453125
2 0.59921875 0.390625 0.00859375 0.05078125
2 0.56796875 0.47109375 0.01171875 0.053125
2 0.753125 0.375 0.0109375 0.04609375
2 0.69375 0.40859375 0.0109375 0.05390625
2 0.75234375 0.45390625 0.0109375 0.05078125
2 0.84921875 0.46875 0.01171875 0.05859375
2 0.821875 0.5390625 0.01171875 0.0640625
2 0.7109375 0.69921875 0.0140625 0.075
2 0.87578125 0.55859375 0.0125 0.06328125
2 0.590625 0.77421875 0.021875 0.075
2 0.4703125 0.45234375 0.0109375 0.05703125
2 0.50625 0.34296875 0.009375 0.04296875
2 0.3515625 0.390625 0.0140625 0.05
2 0.41015625 0.5578125 0.01953125 0.06796875
2 0.2765625 0.6625 0.0109375 0.0703125
2 0.23671875 0.53984375 0.01328125 0.0609375
2 0.1796875 0.4515625 0.0109375 0.05
2 0.16484375 0.3890625 0.0109375 0.0546875