2 0.77421875 0.6 0.01796875 0.05078125
2 0.57109375 0.57109375 0.0140625 0.0515625
2 0.63828125 0.62265625 0.0171875 0.05078125
2 0.3390625 0.67734375 0.0125 0.06015625
2 0.3203125 0.5515625 0.009375 0.0484375
2 0.73203125 0.525 0.01484375 0.05234375
3 0.871875 0.678125 0.01953125 0.0578125
2 0.64453125 0.3953125 0.01015625 0.046875
1 0.81640625 0.35078125 0.01328125 0.04375
2 0.50625 0.5328125 0.0125 0.0515625
2 0.58359375 0.35703125 0.0109375 0.04375
2 0.6640625 0.6265625 0.0234375 0.0546875
2 0.55859375 0.4359375 0.009375 0.0421875
2 0.54921875 0.58671875 0.01640625 0.046875
3 0.46484375 0.43046875 0.009375 0.04453125
2 0.47890625 0.2921875 0.009375 0.03515625
2 0.453125 0.3828125 0.009375 0.0390625
2 0.52265625 0.71484375 0.01484375 0.0625
2 0.428125 0.46171875 0.0109375 0.05078125
2 0.571875 0.36328125 0.009375 0.0421875
0 0.6765625 0.65078125 0.00546875 0.01171875
2 0.74765625 0.578125 0.01171875 0.05
2 0.26171875 0.3921875 0.01015625 0.04375
2 0.1 0.52734375 0.01328125 0.053125