2 0.3125 0.75703125 0.028125 0.08359375
2 0.89296875 0.56953125 0.0140625 0.0609375
2 0.3390625 0.465625 0.01171875 0.04765625
2 0.8203125 0.48984375 0.01171875 0.0546875
2 0.50625 0.58828125 0.01171875 0.05546875
2 0.1953125 0.48671875 0.01015625 0.046875
2 0.6484375 0.7515625 0.01171875 0.08671875
2 0.24609375 0.58671875 0.009375 0.053125
2 0.38125 0.51953125 0.01015625 0.05234375
2 0.3515625 0.4546875 0.009375 0.04609375
2 0.3703125 0.55078125 0.01171875 0.05078125
2 0.78984375 0.571875 0.01171875 0.059375
2 0.4390625 0.41875 0.00859375 0.0484375
2 0.259375 0.55390625 0.0140625 0.05703125
0 0.30546875 0.8015625 0.00546875 0.01171875
2 0.25 0.50625 0.01015625 0.04609375
1 0.30625 0.396875 0.0109375 0.04375
2 0.52109375 0.38125 0.009375 0.03984375
2 0.5625 0.40625 0.01015625 0.0390625
2 0.540625 0.46640625 0.009375 0.04140625
3 0.50625 0.52734375 0.0109375 0.0515625
2 0.33828125 0.6109375 0.01328125 0.0546875