2 0.7734375 0.784375 0.015625 0.0734375
2 0.82890625 0.65703125 0.01484375 0.07109375
3 0.87109375 0.253125 0.0125 0.03828125
3 0.64375 0.45 0.0125 0.053125
1 0.13671875 0.375 0.0140625 0.06171875
2 0.88984375 0.28046875 0.009375 0.04375
2 0.8515625 0.296875 0.00859375 0.04453125
2 0.84296875 0.33671875 0.0078125 0.0453125
2 0.8375 0.40546875 0.0109375 0.04921875
2 0.87265625 0.4171875 0.01015625 0.05546875
2 0.85078125 0.5078125 0.01640625 0.06015625
2 0.78984375 0.44765625 0.01171875 0.0546875
2 0.70859375 0.40234375 0.0109375 0.04921875
2 0.59921875 0.49453125 0.01328125 0.053125
2 0.56015625 0.57890625 0.009375 0.05859375
2 0.6125 0.33046875 0.0078125 0.04375
2 0.559375 0.25625 0.009375 0.03828125
2 0.565625 0.3171875 0.009375 0.04375
2 0.45546875 0.365625 0.009375 0.04609375
2 0.43984375 0.4234375 0.0109375 0.05390625
2 0.35625 0.49765625 0.01640625 0.0625
2 0.284375 0.3046875 0.01015625 0.046875
2 0.08515625 0.55078125 0.01171875 0.065625