2 0.21171875 0.65859375 0.04921875 0.2234375
2 0.31640625 0.565625 0.04140625 0.190625
2 0.65859375 0.5859375 0.03984375 0.190625
2 0.33125 0.34296875 0.04765625 0.11328125
2 0.22109375 0.41171875 0.0453125 0.15546875
2 0.0671875 0.56953125 0.0484375 0.19921875
2 0.5359375 0.5296875 0.0359375 0.20625
2 0.41484375 0.45390625 0.03203125 0.17578125
2 0.56640625 0.68046875 0.0390625 0.18828125
1 0.60703125 0.39296875 0.03515625 0.16015625
0 0.24375 0.3578125 0.01015625 0.02109375
2 0.259375 0.896875 0.0546875 0.20625
2 0.27421875 0.29921875 0.03984375 0.13828125