2 0.1625 0.68515625 0.01484375 0.071875
2 0.47890625 0.5046875 0.0140625 0.0578125
2 0.63125 0.6515625 0.01640625 0.06953125
2 0.4078125 0.50390625 0.02109375 0.04453125
2 0.34453125 0.4734375 0.01171875 0.053125
2 0.73359375 0.45390625 0.0109375 0.053125
2 0.26015625 0.5015625 0.01328125 0.05625
2 0.83125 0.5046875 0.01015625 0.0625
2 0.3046875 0.58125 0.01171875 0.05703125
2 0.9109375 0.5265625 0.01328125 0.0640625
2 0.48984375 0.44921875 0.01171875 0.0546875
2 0.73828125 0.453125 0.01171875 0.05390625
2 0.33515625 0.6140625 0.01015625 0.0671875
2 0.378125 0.4609375 0.01015625 0.05078125
2 0.4453125 0.5484375 0.01875 0.059375
2 0.4171875 0.3640625 0.01171875 0.04609375
2 0.1953125 0.60859375 0.01328125 0.0609375
2 0.3609375 0.42578125 0.01328125 0.053125
3 0.53515625 0.4828125 0.01171875 0.05390625
2 0.3171875 0.43984375 0.009375 0.059375
2 0.32421875 0.47265625 0.0125 0.0609375
1 0.2265625 0.40078125 0.01640625 0.05
2 0.44921875 0.3640625 0.01171875 0.04375
0 0.165625 0.7078125 0.0046875 0.0078125