2 0.25703125 0.75078125 0.01875 0.065625
2 0.33515625 0.6109375 0.0140625 0.05625
1 0.08125 0.4609375 0.01640625 0.04765625
2 0.4 0.46953125 0.01328125 0.04375
3 0.4234375 0.32421875 0.00703125 0.03515625
3 0.56015625 0.4734375 0.01328125 0.04375
2 0.39609375 0.38671875 0.01328125 0.0421875
2 0.4515625 0.453125 0.00703125 0.04453125
2 0.4859375 0.39453125 0.0109375 0.0390625
2 0.515625 0.42890625 0.0109375 0.0390625
2 0.54609375 0.56484375 0.0140625 0.05
2 0.640625 0.47734375 0.0171875 0.05
2 0.57265625 0.378125 0.01171875 0.04375
2 0.5125 0.346875 0.0109375 0.03515625
2 0.53125 0.3515625 0.009375 0.03671875
2 0.5921875 0.384375 0.01015625 0.01796875
2 0.60859375 0.3859375 0.0125 0.04375
2 0.603125 0.3453125 0.01484375 0.03984375
2 0.64375 0.34921875 0.0109375 0.03671875
2 0.728125 0.35625 0.00859375 0.034375
2 0.809375 0.35703125 0.01328125 0.03515625
2 0.86015625 0.4453125 0.01171875 0.04765625
2 0.8640625 0.56484375 0.01484375 0.05703125