0 0.70703125 0.45625 0.00546875 0.0109375
2 0.72421875 0.44765625 0.0125 0.046875
2 0.66953125 0.35703125 0.0078125 0.040625
2 0.62890625 0.5296875 0.01328125 0.059375
2 0.6 0.4734375 0.01015625 0.04375
2 0.58203125 0.4875 0.015625 0.05234375
2 0.55 0.54296875 0.01015625 0.05390625
2 0.575 0.3203125 0.00703125 0.03515625
2 0.54140625 0.38671875 0.009375 0.040625
3 0.534375 0.46171875 0.0078125 0.0515625
3 0.49921875 0.2515625 0.00859375 0.03046875
2 0.51875 0.26484375 0.00625 0.0328125
2 0.48046875 0.2921875 0.01171875 0.0359375
2 0.48359375 0.35390625 0.00703125 0.040625
2 0.48125 0.39609375 0.01015625 0.0421875
2 0.4359375 0.4125 0.00859375 0.04765625
2 0.4515625 0.49921875 0.01171875 0.0515625
2 0.50234375 0.51015625 0.015625 0.0484375
2 0.4140625 0.5265625 0.0109375 0.04921875
2 0.359375 0.6515625 0.015625 0.06484375
2 0.2703125 0.81171875 0.01328125 0.0671875
1 0.134375 0.40234375 0.01015625 0.05
2 0.01640625 0.8359375 0.02109375 0.07578125
2 0.775 0.33125 0.0109375 0.04140625
2 0.74609375 0.73203125 0.02109375 0.075
3 0.928125 0.9046875 0.01171875 0.0765625