1 0.9546875 0.46328125 0.01484375 0.05078125
2 0.6875 0.47109375 0.0125 0.04140625
2 0.77890625 0.67421875 0.01171875 0.05546875
2 0.721875 0.6703125 0.01484375 0.05859375
2 0.67578125 0.51640625 0.0140625 0.04609375
2 0.6 0.71328125 0.01875 0.05625
2 0.553125 0.73203125 0.01015625 0.06015625
2 0.509375 0.615625 0.01171875 0.05
2 0.55 0.37578125 0.009375 0.03984375
3 0.5828125 0.26796875 0.00546875 0.02421875
2 0.4890625 0.3765625 0.0078125 0.0390625
3 0.421875 0.46328125 0.0078125 0.04375
2 0.4390625 0.30859375 0.0078125 0.03203125
2 0.37734375 0.38984375 0.009375 0.040625
3 0.046875 0.8265625 0.0203125 0.0578125
2 0.49375 0.6125 0.01953125 0.05
2 0.35703125 0.6296875 0.01484375 0.0578125
2 0.30390625 0.36796875 0.0109375 0.03984375
2 0.18828125 0.51484375 0.0125 0.053125
2 0.20703125 0.6296875 0.01328125 0.05078125
2 0.30546875 0.728125 0.0125 0.05859375
2 0.14140625 0.73359375 0.021875 0.06328125
2 0.16484375 0.6078125 0.01640625 0.05625
2 0.153125 0.6140625 0.0140625 0.059375
0 0.209375 0.5734375 0.009375 0.0109375