3 0.81328125 0.921875 0.01953125 0.084375
2 0.71015625 0.75703125 0.01484375 0.07578125
2 0.45390625 0.8234375 0.01796875 0.0859375
2 0.690625 0.63125 0.015625 0.06875
2 0.5296875 0.5515625 0.0109375 0.05390625
2 0.68125 0.41328125 0.0109375 0.05390625
2 0.66640625 0.3765625 0.01015625 0.0484375
2 0.6328125 0.30546875 0.0078125 0.04296875
2 0.56484375 0.24296875 0.00546875 0.0375
2 0.596875 0.3328125 0.00546875 0.0484375
2 0.6734375 0.46328125 0.01640625 0.06015625
3 0.571875 0.3890625 0.0109375 0.04921875
3 0.2703125 0.2296875 0.01171875 0.03828125
2 0.41953125 0.31015625 0.01015625 0.040625
2 0.49609375 0.36015625 0.00859375 0.0453125
2 0.528125 0.490625 0.01328125 0.06015625
2 0.44140625 0.45234375 0.01171875 0.05625
2 0.375 0.4265625 0.0140625 0.05078125
2 0.365625 0.509375 0.01640625 0.06015625
2 0.42578125 0.6203125 0.01171875 0.06171875
2 0.265625 0.32421875 0.009375 0.04921875
2 0.21953125 0.40703125 0.01640625 0.04765625
2 0.26875 0.6078125 0.021875 0.0671875
0 0.228125 0.4265625 0.00546875 0.0125