2 0.2625 0.35390625 0.02265625 0.0609375
2 0.85859375 0.56015625 0.02265625 0.0796875
2 0.85859375 0.34765625 0.0203125 0.06796875
2 0.15 0.8453125 0.02421875 0.09375
2 0.175 0.41640625 0.01484375 0.0640625
2 0.38359375 0.5453125 0.0140625 0.078125
2 0.48671875 0.4953125 0.01953125 0.07265625
2 0.20859375 0.315625 0.01875 0.0578125
2 0.14765625 0.59140625 0.0203125 0.08125
2 0.31953125 0.30703125 0.02265625 0.0546875
2 0.48203125 0.2640625 0.02109375 0.05390625
2 0.415625 0.31875 0.01484375 0.05546875
2 0.346875 0.29375 0.02109375 0.0453125
3 0.40390625 0.4171875 0.01640625 0.06484375
2 0.5734375 0.390625 0.0125 0.06796875
2 0.4015625 0.2453125 0.01328125 0.06015625
2 0.5328125 0.2140625 0.01796875 0.05703125
2 0.340625 0.346875 0.0140625 0.0546875
2 0.55234375 0.378125 0.015625 0.07265625
2 0.46640625 0.28046875 0.01640625 0.0625
2 0.321875 0.28203125 0.01875 0.0546875
0 0.4703125 0.28515625 0.0046875 0.00859375