3 0.89765625 0.353125 0.01015625 0.03671875
2 0.74140625 0.40625 0.009375 0.0421875
2 0.79140625 0.53671875 0.01328125 0.0515625
2 0.71875 0.621875 0.01796875 0.05390625
2 0.68046875 0.62421875 0.0140625 0.053125
2 0.66484375 0.44375 0.0125 0.04296875
2 0.590625 0.4453125 0.01640625 0.040625
2 0.5484375 0.4625 0.01015625 0.04375
2 0.52578125 0.5015625 0.015625 0.0484375
2 0.478125 0.50390625 0.01015625 0.05
2 0.44296875 0.42109375 0.0078125 0.040625
2 0.4515625 0.3671875 0.01171875 0.0390625
3 0.41484375 0.371875 0.01171875 0.0375
2 0.3359375 0.3984375 0.0078125 0.0390625
2 0.315625 0.41953125 0.0078125 0.04296875
2 0.29375 0.46640625 0.0078125 0.034375
2 0.24609375 0.40234375 0.0109375 0.04140625
2 0.28359375 0.3390625 0.00703125 0.02421875
2 0.2375 0.4 0.00859375 0.04296875
2 0.22578125 0.41484375 0.00859375 0.034375
2 0.21953125 0.4171875 0.009375 0.04609375
2 0.15625 0.40625 0.0078125 0.04296875
1 0.13203125 0.4015625 0.0171875 0.02734375