3 0.15625 0.975 0.028125 0.05
3 0.6078125 0.328125 0.00859375 0.03359375
3 0.41171875 0.4828125 0.015625 0.04140625
2 0.66328125 0.60390625 0.01484375 0.0515625
2 0.71328125 0.609375 0.01640625 0.05078125
2 0.7359375 0.48359375 0.0125 0.0421875
2 0.72890625 0.41875 0.00859375 0.03828125
2 0.62578125 0.43046875 0.01328125 0.03671875
2 0.55625 0.3515625 0.009375 0.034375
2 0.54765625 0.3828125 0.01015625 0.03515625
2 0.53984375 0.3984375 0.00859375 0.034375
2 0.5234375 0.340625 0.00703125 0.03203125
2 0.47265625 0.3546875 0.00703125 0.03046875
2 0.47734375 0.43359375 0.0125 0.03359375
2 0.39609375 0.3984375 0.01484375 0.02890625
2 0.36328125 0.46171875 0.0109375 0.05
2 0.39296875 0.51640625 0.01484375 0.04609375
0 0.40625 0.41640625 0.00546875 0.01015625
2 0.3828125 0.39296875 0.0140625 0.034375
2 0.3734375 0.37578125 0.009375 0.03671875
2 0.3265625 0.371875 0.0109375 0.03359375
2 0.31171875 0.38046875 0.0140625 0.03359375
1 0.953125 0.4703125 0.01015625 0.04765625
2 0.25390625 0.453125 0.0140625 0.046875
2 0.26875 0.49296875 0.0171875 0.0453125