2 0.6484375 0.68359375 0.01796875 0.0515625
2 0.696875 0.6171875 0.0140625 0.03828125
1 0.9359375 0.50390625 0.01484375 0.0390625
2 0.6453125 0.575 0.0109375 0.0390625
2 0.41484375 0.71328125 0.0109375 0.04140625
2 0.29609375 0.71875 0.0125 0.046875
2 0.52734375 0.6578125 0.015625 0.046875
3 0.740625 0.759375 0.01484375 0.04375
2 0.540625 0.45625 0.00859375 0.03203125
2 0.51640625 0.534375 0.0109375 0.03828125
2 0.58359375 0.4453125 0.00859375 0.03203125
2 0.43984375 0.65859375 0.009375 0.0421875
3 0.2796875 0.8828125 0.0171875 0.0484375
2 0.39140625 0.61875 0.01171875 0.03984375
2 0.43125 0.45703125 0.00703125 0.0296875
2 0.659375 0.54140625 0.0109375 0.0359375
2 0.37734375 0.75625 0.01171875 0.05078125
2 0.26796875 0.734375 0.0203125 0.04453125
2 0.3 0.58359375 0.009375 0.03828125
2 0.22890625 0.54375 0.0125 0.03671875
1 0.05390625 0.5296875 0.01328125 0.03828125
2 0.38359375 0.446875 0.0078125 0.03046875
2 0.48828125 0.38125 0.0078125 0.02265625
3 0.51640625 0.49609375 0.01015625 0.03046875