2 0.3078125 0.678125 0.05703125 0.15
2 0.53828125 0.6609375 0.046875 0.134375
2 0.3546875 0.56640625 0.04140625 0.11875
2 0.04765625 0.5296875 0.0609375 0.13515625
2 0.70390625 0.7125 0.0546875 0.171875
2 0.4703125 0.56875 0.0390625 0.15546875
2 0.615625 0.63515625 0.05625 0.1265625
2 0.14453125 0.59140625 0.02421875 0.159375
2 0.1265625 0.62265625 0.03046875 0.18125
2 0.1984375 0.55234375 0.0453125 0.1640625
2 0.3890625 0.6 0.05390625 0.13671875
2 0.4703125 0.62109375 0.0484375 0.1578125
2 0.5625 0.70234375 0.04765625 0.16796875
0 0.5296875 0.77734375 0.015625 0.0296875
1 0.625 0.60625 0.06640625 0.12890625