2 0.796875 0.53515625 0.01640625 0.04609375
2 0.62265625 0.59453125 0.0203125 0.04609375
2 0.378125 0.4203125 0.01171875 0.04140625
2 0.43203125 0.440625 0.0140625 0.03984375
2 0.83359375 0.63125 0.01640625 0.0546875
2 0.40234375 0.4109375 0.00859375 0.0375
2 0.48984375 0.67734375 0.01171875 0.05703125
2 0.8921875 0.55234375 0.01171875 0.05234375
2 0.4296875 0.41328125 0.009375 0.04375
1 0.115625 0.44921875 0.00859375 0.04921875
3 0.515625 0.43203125 0.01484375 0.03828125
2 0.65234375 0.46875 0.0109375 0.0421875
2 0.615625 0.50390625 0.01015625 0.0421875
3 0.86640625 0.38203125 0.0140625 0.0359375
2 0.5703125 0.425 0.01328125 0.0375
3 0.4609375 0.50390625 0.01328125 0.03984375
2 0.32578125 0.50234375 0.009375 0.04140625
2 0.3359375 0.46484375 0.00859375 0.0375
2 0.33359375 0.45 0.01171875 0.03515625
2 0.49140625 0.390625 0.00859375 0.0296875
2 0.64921875 0.390625 0.01015625 0.03359375
2 0.85078125 0.4625 0.01171875 0.04140625
2 0.771875 0.4421875 0.0109375 0.03671875
0 0.4375 0.4203125 0.00390625 0.0078125