2 0.21015625 0.684375 0.01484375 0.05625
2 0.74140625 0.49921875 0.0125 0.04609375
2 0.79375 0.515625 0.0109375 0.0515625
2 0.540625 0.659375 0.0109375 0.06171875
2 0.61875 0.48203125 0.01171875 0.0453125
2 0.43984375 0.46796875 0.0109375 0.05
2 0.49375 0.453125 0.009375 0.0390625
2 0.27734375 0.62265625 0.01015625 0.0546875
2 0.584375 0.484375 0.01015625 0.040625
2 0.5421875 0.4734375 0.00625 0.040625
0 0.09140625 0.70546875 0.0046875 0.01015625
2 0.09921875 0.71171875 0.01328125 0.05703125
2 0.403125 0.4859375 0.009375 0.04140625
2 0.41953125 0.54375 0.0078125 0.03984375
1 0.4359375 0.45546875 0.009375 0.040625
2 0.46328125 0.47265625 0.00703125 0.0390625
2 0.47109375 0.4703125 0.0109375 0.0390625
2 0.47734375 0.46171875 0.00625 0.03828125
2 0.4734375 0.44375 0.00703125 0.01875
2 0.51640625 0.478125 0.01015625 0.0359375
2 0.51953125 0.46328125 0.0078125 0.03203125
3 0.54140625 0.52734375 0.01015625 0.04296875
2 0.72421875 0.44453125 0.01015625 0.0421875