3 0.06328125 0.95703125 0.01484375 0.0859375
3 0.42265625 0.446875 0.0078125 0.05
2 0.128125 0.615625 0.015625 0.07578125
2 0.12265625 0.3796875 0.0109375 0.0515625
2 0.3265625 0.35390625 0.009375 0.04375
2 0.3359375 0.36328125 0.01171875 0.04765625
2 0.38046875 0.47421875 0.01171875 0.0546875
2 0.34375 0.6171875 0.025 0.065625
2 0.428125 0.2484375 0.00859375 0.03828125
2 0.49609375 0.30390625 0.00703125 0.040625
2 0.565625 0.4046875 0.01015625 0.04921875
2 0.55 0.59921875 0.0203125 0.06328125
2 0.55546875 0.75078125 0.01640625 0.06796875
0 0.54453125 0.7765625 0.00703125 0.015625
2 0.5875 0.6078125 0.01015625 0.065625
2 0.61640625 0.59921875 0.01484375 0.06015625
2 0.59375 0.5 0.021875 0.046875
2 0.57265625 0.39765625 0.00859375 0.04921875
2 0.66484375 0.515625 0.015625 0.04921875
2 0.68125 0.4640625 0.0109375 0.05234375
2 0.73125 0.58046875 0.01875 0.0578125
2 0.76796875 0.67421875 0.0171875 0.06796875
2 0.8046875 0.78671875 0.0203125 0.075
1 0.82890625 0.37890625 0.01484375 0.0453125
3 0.48046875 0.21484375 0.00859375 0.03359375