2 0.2625 0.67421875 0.0140625 0.06171875
2 0.3640625 0.625 0.01171875 0.05
2 0.290625 0.48125 0.009375 0.03984375
2 0.2515625 0.45703125 0.009375 0.0390625
2 0.2328125 0.4140625 0.00859375 0.0375
2 0.13984375 0.5296875 0.00859375 0.04921875
2 0.075 0.51640625 0.009375 0.046875
2 0.11015625 0.59140625 0.0109375 0.05546875
3 0.06484375 0.39453125 0.01171875 0.03984375
3 0.3421875 0.440625 0.00859375 0.04140625
2 0.39609375 0.36796875 0.00625 0.03359375
2 0.4546875 0.36796875 0.0078125 0.02734375
2 0.4890625 0.37578125 0.00703125 0.034375
2 0.428125 0.39296875 0.00859375 0.03984375
2 0.41953125 0.44296875 0.00625 0.0390625
2 0.44453125 0.4375 0.009375 0.03984375
2 0.49765625 0.4609375 0.0125 0.04609375
2 0.53046875 0.55703125 0.009375 0.05234375
2 0.5734375 0.55234375 0.0125 0.0484375
2 0.6578125 0.4078125 0.01171875 0.0421875
2 0.703125 0.4859375 0.009375 0.0453125
1 0.884375 0.4546875 0.01015625 0.04765625