2 0.89921875 0.64609375 0.0140625 0.071875
2 0.59453125 0.53671875 0.0125 0.06953125
2 0.51796875 0.596875 0.01171875 0.07421875
3 0.5203125 0.5109375 0.01171875 0.0671875
0 0.4515625 0.33671875 0.0046875 0.00859375
2 0.421875 0.30390625 0.009375 0.0640625
2 0.4109375 0.5015625 0.01796875 0.065625
2 0.384375 0.59140625 0.0171875 0.06875
2 0.35859375 0.69453125 0.0140625 0.08046875
2 0.32265625 0.57265625 0.0140625 0.06875
1 0.15 0.50546875 0.01171875 0.06953125
2 0.165625 0.51171875 0.01953125 0.06875
2 0.17734375 0.559375 0.0171875 0.07265625
2 0.19765625 0.525 0.01328125 0.0765625
2 0.22265625 0.496875 0.01640625 0.07109375
2 0.23125 0.47421875 0.00859375 0.06484375
2 0.2796875 0.5046875 0.01484375 0.0609375
2 0.284375 0.5703125 0.021875 0.07109375
2 0.278125 0.55390625 0.01796875 0.06484375
2 0.28984375 0.55703125 0.0109375 0.075
2 0.3078125 0.54921875 0.01640625 0.0640625
2 0.3296875 0.553125 0.01484375 0.0734375