0 0.52890625 0.29765625 0.00546875 0.009375
2 0.678125 0.32734375 0.00859375 0.0421875
2 0.73515625 0.334375 0.00703125 0.04140625
2 0.671875 0.3890625 0.0109375 0.0484375
2 0.61640625 0.41015625 0.009375 0.04453125
2 0.559375 0.38828125 0.00859375 0.0390625
2 0.61328125 0.553125 0.01328125 0.05546875
2 0.528125 0.6828125 0.0109375 0.0625
2 0.5171875 0.290625 0.01328125 0.03359375
2 0.50625 0.2953125 0.00703125 0.03828125
2 0.496875 0.32109375 0.00859375 0.03515625
2 0.47421875 0.32265625 0.00859375 0.03984375
3 0.4765625 0.48515625 0.01015625 0.05
2 0.84609375 0.4015625 0.009375 0.0484375
2 0.85859375 0.5890625 0.01328125 0.0609375
3 0.35 0.28125 0.0125 0.0328125
2 0.409375 0.40859375 0.0109375 0.04375
2 0.39609375 0.39140625 0.01171875 0.040625
2 0.33515625 0.390625 0.009375 0.03828125
2 0.3125 0.4890625 0.01171875 0.05390625
2 0.29765625 0.48046875 0.01171875 0.04765625
2 0.28828125 0.65078125 0.01328125 0.06484375
2 0.23515625 0.80546875 0.015625 0.071875