2 0.1375 0.54765625 0.021875 0.078125
2 0.290625 0.665625 0.02578125 0.08359375
2 0.3546875 0.55703125 0.01953125 0.06953125
2 0.38828125 0.66796875 0.0203125 0.08359375
2 0.42890625 0.6390625 0.021875 0.084375
2 0.4546875 0.6453125 0.01484375 0.08203125
2 0.46640625 0.4046875 0.0140625 0.0640625
1 0.8140625 0.4546875 0.01171875 0.071875
2 0.76328125 0.53671875 0.021875 0.06171875
2 0.73671875 0.50859375 0.0171875 0.071875
2 0.7 0.48125 0.0125 0.07109375
2 0.68671875 0.4796875 0.01328125 0.07421875
2 0.684375 0.51171875 0.0140625 0.06640625
2 0.6609375 0.540625 0.01484375 0.0734375
2 0.65703125 0.51953125 0.0140625 0.0734375
2 0.6625 0.48984375 0.01484375 0.05546875
3 0.65 0.47265625 0.0171875 0.06640625
2 0.6265625 0.41796875 0.01875 0.06484375
2 0.609375 0.37578125 0.01328125 0.03203125
2 0.62109375 0.5265625 0.021875 0.06953125
0 0.68515625 0.4359375 0.00625 0.015625
2 0.58515625 0.52265625 0.0125 0.07265625
2 0.53984375 0.57265625 0.02109375 0.08046875