2 0.49921875 0.81015625 0.02265625 0.0640625
2 0.4328125 0.5859375 0.0109375 0.0484375
2 0.3546875 0.59453125 0.0125 0.06015625
2 0.4296875 0.73046875 0.0234375 0.05234375
2 0.81640625 0.5421875 0.0125 0.05
2 0.6546875 0.64375 0.01328125 0.05703125
2 0.7671875 0.6828125 0.0171875 0.05625
2 0.4375 0.45390625 0.0109375 0.03828125
2 0.29453125 0.6890625 0.01171875 0.05546875
3 0.484375 0.971875 0.02109375 0.05625
2 0.3078125 0.47890625 0.009375 0.0421875
3 0.325 0.9375 0.0359375 0.06328125
2 0.4671875 0.40078125 0.00859375 0.03515625
2 0.41015625 0.43203125 0.01015625 0.0421875
0 0.384375 0.76171875 0.01015625 0.01640625
3 0.40703125 0.515625 0.01171875 0.04453125
2 0.4484375 0.390625 0.009375 0.040625
2 0.30234375 0.54921875 0.009375 0.04453125
2 0.26640625 0.56953125 0.0140625 0.0484375
1 0.2328125 0.43046875 0.0140625 0.0375
2 0.33203125 0.71328125 0.01171875 0.05546875
2 0.32265625 0.709375 0.01015625 0.0578125
2 0.72421875 0.46328125 0.01171875 0.0390625
2 0.76484375 0.4359375 0.0109375 0.04453125
3 0.834375 0.8921875 0.01640625 0.0734375