2 0.215625 0.62265625 0.01953125 0.078125
2 0.18515625 0.8734375 0.0203125 0.09375
2 0.16796875 0.43671875 0.01796875 0.06640625
2 0.1421875 0.4484375 0.0171875 0.06875
2 0.12265625 0.39296875 0.0125 0.06328125
2 0.190625 0.31875 0.0109375 0.0625
2 0.26171875 0.2484375 0.0109375 0.05
2 0.32265625 0.2390625 0.00703125 0.0484375
2 0.31328125 0.3171875 0.0125 0.0546875
2 0.31640625 0.3515625 0.0140625 0.05390625
2 0.4 0.35390625 0.01171875 0.05078125
2 0.509375 0.4515625 0.0171875 0.075
2 0.55078125 0.32421875 0.01328125 0.0578125
2 0.5375 0.28671875 0.0109375 0.05703125
2 0.515625 0.2484375 0.00859375 0.05
2 0.528125 0.2546875 0.01796875 0.03046875
2 0.634375 0.3484375 0.009375 0.05859375
2 0.5515625 0.58828125 0.02109375 0.0734375
2 0.89140625 0.47421875 0.0109375 0.071875
2 0.85859375 0.28125 0.01171875 0.059375
3 0.27265625 0.453125 0.01796875 0.0671875
3 0.21953125 0.21796875 0.01171875 0.046875