1 0.14921875 0.396875 0.01875 0.05
2 0.390625 0.4734375 0.015625 0.0546875
2 0.35546875 0.4453125 0.0125 0.0546875
2 0.30546875 0.559375 0.0171875 0.06015625
2 0.2921875 0.7390625 0.01875 0.07109375
2 0.3203125 0.8296875 0.0140625 0.08046875
2 0.36953125 0.62265625 0.01796875 0.06484375
2 0.43671875 0.6140625 0.01796875 0.065625
2 0.48359375 0.5203125 0.01796875 0.05390625
2 0.4421875 0.44296875 0.0125 0.05625
2 0.415625 0.390625 0.01015625 0.0546875
2 0.46171875 0.43828125 0.0171875 0.05234375
2 0.46640625 0.328125 0.009375 0.05
2 0.5328125 0.2796875 0.00546875 0.04453125
2 0.61015625 0.37421875 0.00859375 0.0484375
2 0.63046875 0.36875 0.0109375 0.05
2 0.625 0.4625 0.0125 0.05859375
3 0.55390625 0.46796875 0.01328125 0.05625
3 0.53359375 0.2296875 0.0125 0.0421875
0 0.33125 0.85859375 0.00859375 0.0171875
2 0.86875 0.45546875 0.0125 0.0609375
2 0.7140625 0.47734375 0.01484375 0.06015625
2 0.76953125 0.3546875 0.01015625 0.05390625
2 0.80703125 0.66953125 0.0171875 0.08125