1 0.8875 0.43046875 0.01328125 0.04921875
3 0.5453125 0.2734375 0.00703125 0.02890625
2 0.53671875 0.29921875 0.00625 0.034375
2 0.50234375 0.27890625 0.00859375 0.03671875
2 0.54765625 0.371875 0.009375 0.0421875
2 0.59453125 0.41796875 0.00859375 0.04375
2 0.58671875 0.43203125 0.009375 0.046875
2 0.609375 0.5171875 0.009375 0.05
2 0.53125 0.49375 0.00859375 0.0484375
2 0.50625 0.48359375 0.0109375 0.04453125
2 0.6421875 0.6328125 0.01015625 0.0625
2 0.71953125 0.80703125 0.0140625 0.06796875
3 0.5078125 0.46640625 0.00703125 0.04765625
2 0.44140625 0.35390625 0.00625 0.0359375
2 0.44140625 0.39453125 0.01015625 0.0375
2 0.3515625 0.446875 0.01328125 0.04140625
2 0.4171875 0.5875 0.01015625 0.0546875
2 0.334375 0.47734375 0.009375 0.046875
2 0.321875 0.3625 0.0078125 0.040625
2 0.25703125 0.334375 0.009375 0.03828125
2 0.1890625 0.4375 0.01171875 0.0453125
2 0.3 0.5375 0.01796875 0.05546875
2 0.096875 0.6515625 0.0125 0.0640625
0 0.2 0.4578125 0.00546875 0.01171875