2 0.24453125 0.5890625 0.01328125 0.05703125
2 0.16328125 0.52421875 0.01484375 0.05
2 0.19140625 0.40546875 0.00859375 0.04375
2 0.32734375 0.4984375 0.01171875 0.053125
2 0.36484375 0.5578125 0.00859375 0.05
2 0.34375 0.47265625 0.00703125 0.04765625
2 0.33671875 0.375 0.01015625 0.04140625
2 0.3875 0.365625 0.00859375 0.03984375
2 0.46796875 0.4640625 0.01171875 0.04296875
2 0.49921875 0.48125 0.01484375 0.0390625
2 0.5734375 0.56171875 0.01484375 0.0546875
2 0.61328125 0.43125 0.01171875 0.0453125
2 0.52109375 0.3578125 0.0078125 0.0359375
2 0.68828125 0.43984375 0.01015625 0.046875
2 0.70546875 0.40625 0.0109375 0.0359375
2 0.71328125 0.38359375 0.00859375 0.03671875
2 0.715625 0.4234375 0.00703125 0.0453125
2 0.74609375 0.46484375 0.01015625 0.03984375
2 0.75625 0.47421875 0.01015625 0.0484375
2 0.7703125 0.44765625 0.009375 0.04375
2 0.80859375 0.5 0.0125 0.0546875
3 0.45390625 0.4546875 0.01484375 0.04375
3 0.08046875 0.35390625 0.009375 0.03828125