2 0.51953125 0.5859375 0.0203125 0.0546875
2 0.1421875 0.69765625 0.015625 0.071875
2 0.67890625 0.4734375 0.01640625 0.0515625
2 0.728125 0.81875 0.015625 0.0703125
2 0.3046875 0.46328125 0.01328125 0.05546875
2 0.79609375 0.51484375 0.0140625 0.0640625
2 0.62890625 0.38828125 0.01015625 0.0421875
2 0.51328125 0.465625 0.0109375 0.053125
2 0.77109375 0.3609375 0.009375 0.04609375
2 0.603125 0.54296875 0.0125 0.053125
2 0.79140625 0.58984375 0.01484375 0.06171875
2 0.7296875 0.32890625 0.01015625 0.04375
2 0.7234375 0.71171875 0.0140625 0.06953125
2 0.7359375 0.396875 0.0140625 0.04609375
2 0.45078125 0.45625 0.0125 0.0484375
2 0.5171875 0.32734375 0.0109375 0.0453125
2 0.43046875 0.56015625 0.015625 0.065625
2 0.6578125 0.46640625 0.01328125 0.06328125
3 0.65703125 0.49375 0.0140625 0.05390625
2 0.77421875 0.54140625 0.0125 0.06015625
2 0.51328125 0.32578125 0.009375 0.0453125
2 0.5078125 0.3765625 0.0109375 0.0453125
0 0.321875 0.4875 0.00703125 0.01171875