3 0.9515625 0.85703125 0.02109375 0.075
2 0.77578125 0.7546875 0.01640625 0.0734375
2 0.72421875 0.61640625 0.01328125 0.06328125
2 0.825 0.55625 0.01953125 0.05859375
2 0.77890625 0.44765625 0.0140625 0.0625
2 0.6671875 0.2671875 0.00859375 0.046875
2 0.7875 0.4234375 0.0125 0.06171875
2 0.58828125 0.59453125 0.0171875 0.06640625
2 0.7125 0.7890625 0.01484375 0.0796875
2 0.4265625 0.5265625 0.02109375 0.05546875
2 0.38984375 0.56484375 0.015625 0.0625
2 0.33359375 0.50625 0.01328125 0.05703125
2 0.3296875 0.76953125 0.0234375 0.06875
2 0.25234375 0.60703125 0.0140625 0.065625
2 0.15625 0.653125 0.0203125 0.06796875
2 0.2015625 0.3890625 0.0109375 0.05234375
2 0.334375 0.2859375 0.009375 0.04765625
2 0.45234375 0.2890625 0.0078125 0.04296875
2 0.29296875 0.784375 0.03125 0.0828125
0 0.28359375 0.80390625 0.00859375 0.015625
2 0.5765625 0.290625 0.009375 0.0453125
2 0.5328125 0.20625 0.0078125 0.0390625
3 0.31953125 0.1734375 0.009375 0.0359375
3 0.57734375 0.3703125 0.00859375 0.0484375