2 0.3421875 0.77890625 0.0234375 0.0578125
2 0.22890625 0.77265625 0.021875 0.06328125
2 0.17734375 0.59609375 0.0109375 0.04921875
2 0.24609375 0.47265625 0.0125 0.046875
2 0.37109375 0.5421875 0.0140625 0.04453125
2 0.3703125 0.59140625 0.01484375 0.046875
2 0.49453125 0.55234375 0.015625 0.04375
2 0.5140625 0.63515625 0.01328125 0.05
2 0.54296875 0.50625 0.01640625 0.046875
2 0.52734375 0.45703125 0.01328125 0.04375
2 0.44375 0.39140625 0.0109375 0.03828125
2 0.55 0.40859375 0.009375 0.0390625
2 0.5625 0.475 0.01484375 0.046875
2 0.59375 0.49765625 0.01328125 0.040625
2 0.61328125 0.45859375 0.0125 0.04296875
2 0.6375 0.42578125 0.01015625 0.0390625
2 0.68984375 0.5 0.01015625 0.04453125
2 0.7296875 0.5765625 0.015625 0.04921875
2 0.784375 0.53359375 0.01328125 0.03828125
2 0.9015625 0.5890625 0.01640625 0.05546875
1 0.76875 0.41328125 0.01328125 0.0453125
3 0.99453125 0.73046875 0.01015625 0.05625
3 0.475 0.51796875 0.01640625 0.04140625
3 0.078125 0.34921875 0.01171875 0.0359375
0 0.48203125 0.56953125 0.00546875 0.0109375