1 0.6328125 0.71328125 0.078125 0.1765625
2 0.50390625 0.69921875 0.04453125 0.22890625
2 0.00703125 0.68203125 0.0140625 0.13984375
0 0.06171875 0.82890625 0.02109375 0.04140625
2 0.1265625 0.71953125 0.08046875 0.2515625
2 0.08984375 0.67109375 0.03046875 0.184375
2 0.2328125 0.728125 0.0859375 0.28203125
2 0.25078125 0.66875 0.0375 0.15390625
2 0.37734375 0.69140625 0.034375 0.16640625
2 0.3109375 0.70546875 0.0828125 0.20859375
2 0.35078125 0.6703125 0.0328125 0.1828125
2 0.32265625 0.61640625 0.028125 0.0765625
2 0.534375 0.68359375 0.0546875 0.20078125