1 0.15625 0.4640625 0.0203125 0.025
3 0.3359375 0.5 0.0125 0.040625
3 0.39765625 0.30234375 0.00859375 0.03984375
3 0.90703125 0.94765625 0.01875 0.07578125
2 0.7875 0.75546875 0.015625 0.0640625
2 0.7671875 0.63828125 0.00859375 0.06015625
2 0.74609375 0.740625 0.01015625 0.059375
2 0.8 0.559375 0.0140625 0.0515625
2 0.74296875 0.471875 0.0109375 0.0453125
2 0.69765625 0.45625 0.0125 0.03984375
2 0.5609375 0.565625 0.01015625 0.05234375
2 0.428125 0.5921875 0.009375 0.05234375
2 0.396875 0.4578125 0.00859375 0.04140625
2 0.32265625 0.43046875 0.00703125 0.0359375
2 0.27421875 0.4359375 0.00546875 0.03515625
2 0.24296875 0.4734375 0.009375 0.0390625
2 0.26875 0.48125 0.00625 0.0421875
2 0.23828125 0.4609375 0.0078125 0.03671875
2 0.228125 0.44296875 0.0109375 0.0390625
2 0.20625 0.459375 0.0109375 0.040625
2 0.17265625 0.48203125 0.01015625 0.03515625
2 0.16328125 0.48828125 0.00703125 0.0453125
2 0.13828125 0.48359375 0.01328125 0.03984375
2 0.08828125 0.4875 0.0140625 0.040625