3 0.50546875 0.50234375 0.0109375 0.06953125
1 0.1546875 0.49375 0.01015625 0.0734375
2 0.16796875 0.503125 0.0125 0.06875
2 0.1875 0.53671875 0.01171875 0.07265625
2 0.2046875 0.5078125 0.009375 0.0765625
2 0.22578125 0.459375 0.01171875 0.0671875
2 0.23828125 0.48203125 0.01484375 0.06875
2 0.2890625 0.48125 0.0140625 0.06640625
2 0.2796875 0.56171875 0.009375 0.0734375
2 0.29453125 0.5546875 0.0140625 0.06640625
2 0.30078125 0.5203125 0.01328125 0.06875
2 0.31171875 0.5375 0.01484375 0.06953125
2 0.3234375 0.57109375 0.01328125 0.0765625
2 0.33203125 0.5625 0.0140625 0.065625
2 0.3484375 0.56328125 0.01953125 0.08046875
2 0.3828125 0.67109375 0.0171875 0.08125
2 0.41796875 0.56171875 0.0125 0.07109375
2 0.44609375 0.46484375 0.0125 0.06484375
2 0.45078125 0.29609375 0.0109375 0.0484375
0 0.45703125 0.31875 0.0046875 0.009375
2 0.53203125 0.57109375 0.01328125 0.07421875
2 0.6234375 0.521875 0.01484375 0.0734375
2 0.91171875 0.62890625 0.01484375 0.071875