2 0.8390625 0.89921875 0.0203125 0.08359375
2 0.79375 0.6671875 0.01953125 0.07421875
2 0.73125 0.52578125 0.01328125 0.0609375
2 0.5546875 0.5421875 0.01328125 0.06484375
2 0.5859375 0.42890625 0.01015625 0.0515625
2 0.7734375 0.3703125 0.01171875 0.05
2 0.75390625 0.37421875 0.01171875 0.05
2 0.68828125 0.26484375 0.01015625 0.04609375
2 0.67734375 0.28984375 0.0109375 0.04609375
2 0.62265625 0.38125 0.01171875 0.05234375
2 0.61484375 0.2875 0.01015625 0.04609375
2 0.528125 0.34765625 0.0109375 0.04609375
3 0.7078125 0.45234375 0.01015625 0.05859375
3 0.76328125 0.18984375 0.01171875 0.0390625
0 0.33515625 0.3640625 0.00703125 0.01484375
2 0.48046875 0.3234375 0.0125 0.04609375
2 0.48359375 0.28125 0.01015625 0.04609375
2 0.43984375 0.23203125 0.00859375 0.0453125
2 0.3890625 0.3921875 0.01015625 0.05
2 0.31953125 0.453125 0.01640625 0.0578125
2 0.28515625 0.39765625 0.01171875 0.05625
2 0.31640625 0.34296875 0.0140625 0.04921875
2 0.12890625 0.61171875 0.02265625 0.06875