2 0.30390625 0.61015625 0.01796875 0.05546875
2 0.61640625 0.50078125 0.01015625 0.046875
2 0.07734375 0.60234375 0.0140625 0.05390625
2 0.8890625 0.56875 0.01328125 0.06015625
2 0.86171875 0.4390625 0.01171875 0.04765625
2 0.55546875 0.4 0.00859375 0.0421875
2 0.825 0.64296875 0.01328125 0.0578125
2 0.43359375 0.48984375 0.01015625 0.04921875
2 0.8421875 0.60625 0.01328125 0.06640625
3 0.66484375 0.45859375 0.009375 0.0453125
2 0.66875 0.39453125 0.009375 0.04296875
2 0.46796875 0.346875 0.00859375 0.0375
2 0.8453125 0.49453125 0.009375 0.0515625
2 0.415625 0.54140625 0.009375 0.04765625
2 0.14375 0.49140625 0.0109375 0.053125
2 0.31328125 0.3453125 0.00859375 0.03984375
2 0.35546875 0.75546875 0.0125 0.0703125
2 0.47421875 0.4171875 0.00859375 0.04375
2 0.546875 0.32265625 0.0078125 0.0375
2 0.76015625 0.396875 0.01328125 0.03671875
2 0.35078125 0.4109375 0.01015625 0.03984375
0 0.22421875 0.4015625 0.003125 0.00625
1 0.22421875 0.38125 0.01015625 0.0453125