3 0.46640625 0.52109375 0.0109375 0.0484375
3 0.79296875 0.86171875 0.02734375 0.06484375
3 0.334375 0.275 0.00859375 0.02890625
0 0.41953125 0.690625 0.0078125 0.01796875
2 0.43828125 0.6734375 0.02109375 0.0484375
2 0.46796875 0.6703125 0.01796875 0.06640625
2 0.60234375 0.76015625 0.0296875 0.02890625
2 0.60703125 0.76796875 0.034375 0.0421875
2 0.73359375 0.69453125 0.01171875 0.06484375
2 0.7203125 0.515625 0.0125 0.05390625
2 0.584375 0.6328125 0.015625 0.05859375
2 0.5234375 0.5265625 0.01875 0.0421875
2 0.55703125 0.4546875 0.01171875 0.0421875
2 0.5890625 0.38359375 0.00625 0.03984375
2 0.68125 0.4109375 0.00859375 0.04609375
2 0.49609375 0.39296875 0.01171875 0.0375
2 0.5 0.3234375 0.009375 0.03046875
2 0.31953125 0.3953125 0.0109375 0.0421875
2 0.43828125 0.5484375 0.015625 0.04609375
2 0.39140625 0.59921875 0.01484375 0.04765625
2 0.37109375 0.61796875 0.021875 0.04296875
2 0.38515625 0.77421875 0.02265625 0.07109375
2 0.27109375 0.64140625 0.01953125 0.0578125
2 0.196875 0.48828125 0.0140625 0.0390625