2 0.35390625 0.5921875 0.0171875 0.06015625
2 0.6578125 0.8171875 0.015625 0.0625
1 0.8421875 0.440625 0.01328125 0.04765625
2 0.12734375 0.5671875 0.01328125 0.05703125
2 0.45859375 0.60390625 0.01328125 0.06015625
2 0.19140625 0.4328125 0.01171875 0.04921875
2 0.515625 0.43828125 0.0109375 0.04765625
2 0.36953125 0.4390625 0.01171875 0.0484375
2 0.50859375 0.33203125 0.0078125 0.0375
2 0.64296875 0.65078125 0.01328125 0.05859375
2 0.5875 0.53046875 0.01484375 0.04921875
2 0.55546875 0.44765625 0.01171875 0.05234375
2 0.47109375 0.3703125 0.009375 0.040625
2 0.4328125 0.503125 0.0125 0.05078125
0 0.14296875 0.59140625 0.0078125 0.015625
2 0.35546875 0.38125 0.009375 0.0421875
3 0.446875 0.49453125 0.0125 0.05234375
2 0.32578125 0.4625 0.01328125 0.04453125
2 0.45078125 0.43203125 0.0109375 0.04453125
2 0.52109375 0.38359375 0.01015625 0.04296875
3 0.03671875 0.97421875 0.025 0.0515625
2 0.2734375 0.3453125 0.009375 0.040625
2 0.6 0.5203125 0.01171875 0.04921875
2 0.503125 0.315625 0.00859375 0.03515625