1 0.90390625 0.409375 0.009375 0.0484375
2 0.63359375 0.590625 0.01171875 0.05859375
2 0.57578125 0.3578125 0.009375 0.046875
2 0.6125 0.384375 0.0078125 0.040625
2 0.603125 0.4125 0.01171875 0.04921875
2 0.621875 0.48203125 0.0140625 0.05234375
2 0.665625 0.79375 0.01875 0.06953125
2 0.54453125 0.4640625 0.0109375 0.05078125
2 0.51484375 0.38828125 0.0078125 0.04375
2 0.49140625 0.38828125 0.009375 0.04296875
3 0.45078125 0.46953125 0.0109375 0.05234375
3 0.53671875 0.2671875 0.0109375 0.034375
2 0.43359375 0.30390625 0.00859375 0.03515625
2 0.42734375 0.3359375 0.00859375 0.0375
2 0.384375 0.303125 0.0078125 0.0359375
2 0.33984375 0.3265625 0.009375 0.0421875
2 0.39296875 0.4859375 0.01015625 0.05625
2 0.4046875 0.54609375 0.01171875 0.059375
2 0.29921875 0.41953125 0.0140625 0.04453125
2 0.25546875 0.41953125 0.015625 0.046875
2 0.259375 0.30703125 0.009375 0.040625
2 0.121875 0.54765625 0.01171875 0.059375
2 0.0921875 0.409375 0.0125 0.0515625