2 0.6328125 0.61953125 0.01953125 0.04375
2 0.37265625 0.71953125 0.015625 0.04921875
2 0.59296875 0.559375 0.01796875 0.03828125
2 0.5390625 0.69375 0.01171875 0.0546875
2 0.24296875 0.74453125 0.0171875 0.05234375
1 0.85703125 0.46875 0.0140625 0.0421875
3 0.70625 0.775 0.01953125 0.04609375
2 0.38046875 0.62265625 0.01171875 0.04375
2 0.21640625 0.46015625 0.0109375 0.0375
2 0.315625 0.43671875 0.00859375 0.03359375
2 0.44765625 0.49609375 0.01015625 0.0390625
2 0.421875 0.709375 0.01484375 0.05
2 0.29140625 0.65390625 0.01328125 0.05
2 0.14609375 0.56328125 0.0109375 0.04609375
2 0.6078125 0.628125 0.01484375 0.05078125
2 0.253125 0.6015625 0.0109375 0.04609375
2 0.51484375 0.4109375 0.009375 0.0328125
2 0.4390625 0.4234375 0.01015625 0.03671875
2 0.134375 0.7 0.0125 0.0515625
3 0.4859375 0.478125 0.01015625 0.03984375
2 0.42890625 0.3484375 0.00625 0.02734375
2 0.59765625 0.5265625 0.01328125 0.03515625
0 0.3 0.82578125 0.00703125 0.0125
2 0.28515625 0.7984375 0.01328125 0.0484375