2 0.27421875 0.64140625 0.0125 0.06015625
2 0.9078125 0.5890625 0.015625 0.0671875
2 0.26953125 0.43984375 0.015625 0.046875
2 0.3046875 0.41640625 0.01171875 0.04375
2 0.6046875 0.4203125 0.009375 0.0484375
2 0.60078125 0.5890625 0.0140625 0.06015625
2 0.6078125 0.571875 0.01328125 0.0609375
2 0.75859375 0.46953125 0.0140625 0.0578125
2 0.4421875 0.36953125 0.01171875 0.04453125
2 0.2640625 0.56171875 0.015625 0.0609375
2 0.9125 0.46796875 0.0125 0.05625
2 0.31484375 0.346875 0.01640625 0.0359375
2 0.46953125 0.40625 0.01171875 0.0421875
2 0.41796875 0.4375 0.009375 0.0421875
1 0.09765625 0.465625 0.02578125 0.05625
2 0.28203125 0.33515625 0.01171875 0.0390625
3 0.61328125 0.43515625 0.01015625 0.04609375
2 0.62421875 0.3640625 0.0109375 0.04296875
2 0.67421875 0.39453125 0.01171875 0.046875
2 0.7 0.48984375 0.01171875 0.05078125