1 0.86171875 0.4234375 0.00859375 0.0515625
3 0.49140625 0.278125 0.009375 0.03359375
3 0.465625 0.51953125 0.01171875 0.053125
3 0.03203125 0.9796875 0.0109375 0.040625
2 0.1203125 0.5515625 0.0109375 0.05625
2 0.14453125 0.44765625 0.0125 0.05234375
2 0.26328125 0.58359375 0.01328125 0.06015625
2 0.30625 0.41796875 0.01484375 0.040625
0 0.30234375 0.43046875 0.00390625 0.009375
2 0.3171875 0.3140625 0.0109375 0.03515625
2 0.32734375 0.38203125 0.0140625 0.03828125
2 0.35625 0.4171875 0.0078125 0.04375
2 0.3609375 0.49453125 0.0109375 0.053125
2 0.4046875 0.603125 0.01171875 0.0640625
2 0.48984375 0.35390625 0.0109375 0.0421875
2 0.5 0.36796875 0.00859375 0.03984375
2 0.50859375 0.3796875 0.00859375 0.04453125
2 0.559375 0.44453125 0.009375 0.0484375
2 0.5921875 0.521875 0.01015625 0.05546875
2 0.50625 0.51875 0.01171875 0.05546875
2 0.45546875 0.46171875 0.0109375 0.04609375
2 0.434375 0.43203125 0.01015625 0.046875
2 0.6375 0.6484375 0.0125 0.065625
2 0.696875 0.76953125 0.01328125 0.0671875
2 0.45078125 0.71328125 0.0109375 0.0671875