2 0.2671875 0.45390625 0.00546875 0.03671875
2 0.240625 0.471875 0.009375 0.04140625
2 0.25703125 0.58125 0.015625 0.04765625
2 0.33359375 0.57890625 0.01015625 0.04296875
2 0.371875 0.65390625 0.01171875 0.05390625
2 0.44296875 0.68515625 0.01640625 0.05390625
2 0.46953125 0.70390625 0.0125 0.06015625
2 0.51015625 0.4 0.0078125 0.0328125
2 0.50546875 0.4359375 0.00703125 0.0359375
2 0.4734375 0.44921875 0.00546875 0.03984375
2 0.51015625 0.54375 0.01171875 0.04296875
2 0.57890625 0.49765625 0.009375 0.03984375
2 0.609375 0.4015625 0.00625 0.03828125
2 0.615625 0.503125 0.00703125 0.04140625
2 0.5953125 0.5203125 0.0078125 0.03828125
3 0.55390625 0.3140625 0.00546875 0.02890625
3 0.70234375 0.61015625 0.00859375 0.04921875
1 0.7703125 0.459375 0.0125 0.03984375
2 0.74296875 0.48359375 0.0078125 0.040625
2 0.740625 0.54765625 0.0125 0.0453125
2 0.83984375 0.603125 0.01796875 0.05
2 0.7734375 0.68046875 0.0109375 0.059375
2 0.85546875 0.75703125 0.0171875 0.05859375
2 0.91796875 0.74453125 0.015625 0.06328125
2 0.7078125 0.6015625 0.00625 0.04140625