3 0.56953125 0.4046875 0.0109375 0.0375
3 0.83125 0.278125 0.0078125 0.0328125
3 0.1921875 0.7375 0.02109375 0.05703125
1 0.16015625 0.36171875 0.0109375 0.0421875
2 0.3734375 0.4140625 0.01015625 0.040625
2 0.54375 0.290625 0.0109375 0.03125
2 0.46796875 0.32265625 0.00703125 0.03671875
2 0.47734375 0.33984375 0.01171875 0.03671875
2 0.43359375 0.39453125 0.01015625 0.04140625
2 0.3890625 0.47109375 0.01171875 0.04453125
2 0.32109375 0.50546875 0.01015625 0.0515625
2 0.3171875 0.56640625 0.01015625 0.05703125
2 0.3296875 0.72578125 0.01953125 0.06640625
2 0.4921875 0.4890625 0.01015625 0.03203125
2 0.4890625 0.51875 0.009375 0.04375
2 0.496875 0.5984375 0.0125 0.05390625
2 0.6359375 0.48125 0.015625 0.04296875
2 0.67421875 0.371875 0.0109375 0.03671875
2 0.69296875 0.475 0.00859375 0.03671875
2 0.65859375 0.553125 0.01328125 0.040625
2 0.746875 0.6703125 0.0203125 0.0515625
0 0.75078125 0.6265625 0.00859375 0.0125
2 0.778125 0.39140625 0.0109375 0.04375
2 0.79921875 0.51484375 0.0140625 0.04921875
2 0.8375 0.51953125 0.0109375 0.0515625