2 0.69921875 0.58046875 0.04140625 0.17890625
2 0.83984375 0.43046875 0.04140625 0.16796875
2 0.53515625 0.54296875 0.04453125 0.190625
2 0.42890625 0.60234375 0.03828125 0.19140625
2 0.77421875 0.35546875 0.04765625 0.14765625
2 0.853125 0.67421875 0.0375 0.2265625
2 0.61796875 0.4453125 0.03359375 0.13125
2 0.73515625 0.31796875 0.034375 0.13828125
2 0.69921875 0.8875 0.05078125 0.2171875
1 0.47578125 0.396875 0.0328125 0.15546875
2 0.49296875 0.6890625 0.04765625 0.2046875
0 0.7359375 0.37265625 0.01015625 0.01953125