3 0.47890625 0.56640625 0.009375 0.046875
3 0.21484375 0.353125 0.01015625 0.02734375
3 0.96640625 0.7640625 0.01640625 0.0625
1 0.840625 0.43515625 0.009375 0.0390625
2 0.83359375 0.6 0.0140625 0.04609375
2 0.76875 0.51796875 0.01171875 0.04765625
2 0.675 0.59921875 0.0109375 0.04765625
2 0.61640625 0.52265625 0.0109375 0.04296875
2 0.596875 0.43359375 0.0125 0.03984375
2 0.58984375 0.50859375 0.01015625 0.04296875
2 0.52890625 0.465625 0.009375 0.0375
2 0.51015625 0.4140625 0.00703125 0.0359375
2 0.4953125 0.51796875 0.015625 0.03671875
2 0.47578125 0.53203125 0.0078125 0.03828125
2 0.4671875 0.5296875 0.01015625 0.04921875
2 0.4546875 0.46796875 0.01328125 0.03671875
2 0.43203125 0.37890625 0.0078125 0.0328125
2 0.39765625 0.51953125 0.009375 0.0453125
2 0.37265625 0.5703125 0.00859375 0.04453125
2 0.3171875 0.56875 0.009375 0.04921875
2 0.29453125 0.47265625 0.0078125 0.04375
2 0.22734375 0.60546875 0.01015625 0.0484375
2 0.2046875 0.5984375 0.0125 0.0484375
2 0.3265625 0.67734375 0.01015625 0.0546875
0 0.31796875 0.48984375 0.00546875 0.0109375