1 0.11171875 0.46875 0.01015625 0.04453125
2 0.26796875 0.45546875 0.00703125 0.04375
2 0.3171875 0.59296875 0.01640625 0.0515625
2 0.43984375 0.65078125 0.01875 0.0515625
2 0.4421875 0.7828125 0.0171875 0.06015625
2 0.40546875 0.51875 0.009375 0.040625
2 0.396875 0.3765625 0.00859375 0.0359375
3 0.38984375 0.31328125 0.00703125 0.03046875
3 0.63046875 0.459375 0.00703125 0.0390625
0 0.32734375 0.6171875 0.00546875 0.01015625
2 0.471875 0.4609375 0.00859375 0.03515625
2 0.48984375 0.46875 0.0125 0.04296875
2 0.528125 0.375 0.00859375 0.034375
2 0.56875 0.44921875 0.00859375 0.0421875
2 0.5859375 0.51171875 0.00859375 0.04140625
2 0.5671875 0.5578125 0.00859375 0.05078125
2 0.57578125 0.33203125 0.00703125 0.03046875
2 0.6578125 0.4046875 0.0109375 0.0359375
2 0.67734375 0.39453125 0.01015625 0.03671875
2 0.725 0.465625 0.01640625 0.04375
2 0.76015625 0.515625 0.01171875 0.046875
2 0.76171875 0.5515625 0.01171875 0.04765625
2 0.76953125 0.734375 0.01875 0.0640625
2 0.703125 0.7734375 0.01796875 0.06171875
3 0.82109375 0.90859375 0.02578125 0.06640625