3 0.51328125 0.4890625 0.0109375 0.05078125
3 0.44453125 0.21171875 0.0078125 0.03046875
1 0.7265625 0.35390625 0.0125 0.0421875
2 0.6984375 0.47734375 0.0125 0.05078125
2 0.6359375 0.4140625 0.0109375 0.046875
2 0.6453125 0.45 0.00703125 0.04921875
2 0.5953125 0.47734375 0.009375 0.04765625
2 0.56015625 0.375 0.01015625 0.04453125
2 0.484375 0.29453125 0.00625 0.040625
2 0.3828125 0.2640625 0.00703125 0.0375
2 0.521875 0.471875 0.009375 0.0484375
2 0.57578125 0.5734375 0.009375 0.06171875
2 0.55234375 0.6171875 0.0171875 0.05078125
2 0.7078125 0.5953125 0.02109375 0.053125
2 0.75703125 0.63359375 0.01640625 0.065625
2 0.80703125 0.621875 0.01484375 0.0609375
2 0.76875 0.66640625 0.0140625 0.0515625
2 0.77890625 0.70859375 0.01484375 0.0671875
0 0.640625 0.6875 0.0109375 0.01640625
3 0.01640625 0.93125 0.0328125 0.090625
2 0.3 0.76171875 0.01484375 0.08125
2 0.1140625 0.60078125 0.01484375 0.0671875
2 0.19140625 0.47109375 0.0125 0.05390625
2 0.33671875 0.39140625 0.0140625 0.04296875
2 0.36484375 0.44765625 0.0125 0.0515625