2 0.45078125 0.6296875 0.01484375 0.065625
2 0.1703125 0.4984375 0.021875 0.06171875
2 0.1125 0.4515625 0.021875 0.05625
2 0.13828125 0.64765625 0.01953125 0.0703125
2 0.33828125 0.45234375 0.01640625 0.05546875
2 0.31640625 0.3671875 0.01875 0.04765625
2 0.4671875 0.42890625 0.0140625 0.05546875
2 0.3453125 0.296875 0.01484375 0.0421875
2 0.29765625 0.26875 0.0171875 0.040625
2 0.4328125 0.340625 0.01328125 0.0484375
2 0.45234375 0.340625 0.01015625 0.04921875
2 0.5265625 0.3078125 0.0109375 0.0453125
2 0.5328125 0.30625 0.01015625 0.046875
2 0.48125 0.44921875 0.01484375 0.04609375
3 0.4296875 0.4390625 0.015625 0.05390625
3 0.0890625 0.278125 0.0171875 0.04140625
2 0.6421875 0.30078125 0.00859375 0.0515625
2 0.67578125 0.37421875 0.00859375 0.05
2 0.6828125 0.40234375 0.0140625 0.0515625
2 0.659375 0.4578125 0.0109375 0.06484375
2 0.74921875 0.54609375 0.0109375 0.0640625
2 0.6875 0.7046875 0.0203125 0.0734375
1 0.99375 0.38046875 0.0125 0.059375