2 0.55546875 0.74296875 0.0203125 0.06875
2 0.27421875 0.80234375 0.01640625 0.0765625
2 0.6328125 0.5953125 0.01484375 0.06015625
2 0.859375 0.4609375 0.01328125 0.059375
2 0.6578125 0.47578125 0.01015625 0.05546875
3 0.925 0.93671875 0.01484375 0.0828125
2 0.7765625 0.71484375 0.01484375 0.08359375
2 0.859375 0.728125 0.0125 0.08125
2 0.4921875 0.45078125 0.01171875 0.04296875
2 0.54453125 0.5 0.0140625 0.0546875
3 0.58046875 0.4625 0.0109375 0.05703125
2 0.575 0.5890625 0.015625 0.05078125
2 0.40859375 0.4515625 0.0109375 0.053125
2 0.7875 0.32890625 0.0109375 0.046875
2 0.58125 0.34921875 0.00859375 0.04296875
2 0.51171875 0.71484375 0.0234375 0.0609375
2 0.7265625 0.5203125 0.0140625 0.0578125
2 0.1125 0.98203125 0.0203125 0.03515625
2 0.303125 0.690625 0.01875 0.07421875
1 0.14921875 0.4 0.0171875 0.0484375
2 0.49140625 0.36171875 0.009375 0.04453125
2 0.51171875 0.3140625 0.01171875 0.04140625
2 0.57109375 0.25390625 0.00859375 0.03828125
2 0.6796875 0.365625 0.0125 0.04765625