0 0.45078125 0.53984375 0.00859375 0.0125
3 0.36796875 0.40546875 0.01171875 0.05390625
3 0.42421875 0.190625 0.00859375 0.0375
1 0.81796875 0.34609375 0.01640625 0.0453125
2 0.57890625 0.4515625 0.0171875 0.05625
2 0.42421875 0.2671875 0.01015625 0.04140625
2 0.284375 0.21796875 0.01171875 0.03984375
2 0.3765625 0.27734375 0.01015625 0.03984375
2 0.403125 0.3140625 0.0109375 0.04765625
2 0.42109375 0.3515625 0.0140625 0.04296875
2 0.46875 0.3125 0.01015625 0.046875
2 0.56171875 0.3890625 0.01640625 0.0484375
2 0.53828125 0.46875 0.02265625 0.04765625
2 0.5890625 0.50859375 0.01640625 0.04921875
2 0.68671875 0.58203125 0.0171875 0.06171875
2 0.78203125 0.76640625 0.0171875 0.07265625
3 0.0140625 0.965625 0.0234375 0.06796875
2 0.340625 0.41328125 0.01328125 0.05546875
2 0.31796875 0.49375 0.01328125 0.05859375
2 0.27734375 0.4578125 0.01171875 0.06484375
2 0.1984375 0.68203125 0.01171875 0.08125
2 0.1703125 0.31484375 0.0109375 0.05078125
2 0.24296875 0.31484375 0.01015625 0.05078125
2 0.31640625 0.38515625 0.01015625 0.05390625
2 0.5234375 0.5375 0.0109375 0.0625