2 0.353125 0.57734375 0.01328125 0.040625
2 0.3046875 0.58203125 0.00859375 0.03984375
2 0.68046875 0.5734375 0.0109375 0.0359375
2 0.27421875 0.525 0.01328125 0.040625
2 0.8046875 0.5484375 0.01484375 0.046875
2 0.48203125 0.621875 0.00859375 0.03984375
2 0.26953125 0.478125 0.0078125 0.03359375
2 0.7703125 0.478125 0.0109375 0.03828125
2 0.8546875 0.5640625 0.0078125 0.03515625
2 0.190625 0.86171875 0.0125 0.0546875
3 0.6171875 0.95625 0.02265625 0.08125
2 0.08046875 0.52421875 0.01015625 0.034375
2 0.18984375 0.55 0.01328125 0.03984375
2 0.23984375 0.509375 0.01015625 0.0359375
2 0.39609375 0.52890625 0.009375 0.0359375
2 0.6671875 0.521875 0.0109375 0.0296875
3 0.7671875 0.59609375 0.01015625 0.03671875
2 0.753125 0.5140625 0.01015625 0.03359375
0 0.80625 0.51171875 0.00390625 0.00703125
2 0.790625 0.509375 0.00859375 0.03359375
2 0.834375 0.5375 0.01171875 0.0328125
2 0.8765625 0.575 0.0140625 0.03203125
1 0.8625 0.50546875 0.01328125 0.0296875