2 0.10078125 0.64609375 0.01171875 0.071875
2 0.4046875 0.5359375 0.009375 0.07109375
2 0.48203125 0.5953125 0.01171875 0.07109375
2 0.6421875 0.69453125 0.01875 0.08046875
2 0.60625 0.590625 0.0140625 0.071875
2 0.5859375 0.5 0.0140625 0.0671875
3 0.4765625 0.51328125 0.0109375 0.065625
2 0.578125 0.3046875 0.00859375 0.0609375
2 0.66875 0.55859375 0.01328125 0.07578125
2 0.675 0.5796875 0.01640625 0.075
1 0.8515625 0.51015625 0.0109375 0.07109375
2 0.8390625 0.51484375 0.0171875 0.06796875
2 0.82109375 0.5625 0.0140625 0.0734375
2 0.803125 0.5265625 0.01171875 0.075
2 0.778125 0.496875 0.0140625 0.0671875
2 0.77265625 0.47578125 0.00859375 0.06171875
2 0.72109375 0.50390625 0.01328125 0.06484375
2 0.721875 0.57265625 0.0109375 0.07109375
2 0.715625 0.55078125 0.01171875 0.0515625
2 0.70078125 0.56171875 0.015625 0.071875
2 0.69921875 0.553125 0.00859375 0.05859375