2 0.21171875 0.40078125 0.04609375 0.11015625
2 0.91640625 0.5984375 0.03515625 0.1796875
2 0.334375 0.4078125 0.03359375 0.09375
3 0.01796875 0.53046875 0.034375 0.15234375
2 0.13359375 0.621875 0.03515625 0.17890625
2 0.74609375 0.52734375 0.01953125 0.0953125
2 0.5703125 0.65546875 0.0421875 0.1828125
2 0.10625 0.46953125 0.0359375 0.13984375
2 0.3046875 0.4265625 0.0421875 0.08828125
0 0.18828125 0.44296875 0.01015625 0.02109375
2 0.74765625 0.63828125 0.040625 0.16953125
2 0.603125 0.64140625 0.03359375 0.18125
2 0.64609375 0.58203125 0.0328125 0.15078125
2 0.6234375 0.6109375 0.01640625 0.1390625
2 0.7953125 0.52578125 0.02890625 0.16171875
2 0.815625 0.546875 0.0234375 0.17109375
2 0.865625 0.5671875 0.02421875 0.171875
2 0.8359375 0.60390625 0.034375 0.1796875
2 0.94921875 0.609375 0.03671875 0.1890625