2 0.39375 0.48046875 0.0109375 0.0640625
2 0.7609375 0.61953125 0.01640625 0.071875
2 0.5375 0.55390625 0.01484375 0.06484375
2 0.540625 0.4453125 0.0125 0.04921875
2 0.7453125 0.834375 0.01640625 0.08125
2 0.7203125 0.4484375 0.0125 0.05546875
2 0.73984375 0.346875 0.0078125 0.0515625
2 0.6953125 0.32890625 0.0109375 0.0515625
2 0.7046875 0.25625 0.01484375 0.04296875
2 0.67265625 0.23828125 0.00859375 0.040625
2 0.63671875 0.30625 0.0109375 0.05
2 0.5625 0.36640625 0.00859375 0.04921875
2 0.5515625 0.39296875 0.0140625 0.04765625
3 0.584375 0.42421875 0.01171875 0.05390625
3 0.72265625 0.21015625 0.00859375 0.0375
2 0.51484375 0.30625 0.00859375 0.0453125
2 0.46484375 0.30234375 0.0078125 0.046875
2 0.44375 0.2328125 0.01171875 0.0390625
2 0.4171875 0.36640625 0.01171875 0.04921875
2 0.40625 0.40546875 0.01328125 0.0515625
2 0.32265625 0.325 0.01171875 0.05
2 0.14140625 0.55078125 0.0109375 0.06640625