2 0.22734375 0.6328125 0.01484375 0.0703125
2 0.2359375 0.4875 0.01640625 0.05390625
2 0.25703125 0.37265625 0.01328125 0.04453125
2 0.28203125 0.3765625 0.015625 0.04765625
2 0.1546875 0.8578125 0.01875 0.08359375
2 0.36171875 0.26484375 0.015625 0.03203125
2 0.3546875 0.359375 0.0171875 0.0484375
2 0.371875 0.38984375 0.0109375 0.046875
2 0.41953125 0.42578125 0.01171875 0.0453125
2 0.43671875 0.3109375 0.01640625 0.040625
2 0.4125 0.25 0.01015625 0.03828125
2 0.41875 0.54765625 0.01171875 0.06171875
3 0.40078125 0.48125 0.01171875 0.0578125
3 0.2921875 0.24296875 0.009375 0.0390625
2 0.85078125 0.5765625 0.015625 0.0640625
2 0.728125 0.33671875 0.009375 0.0515625
2 0.590625 0.27890625 0.0125 0.03671875
2 0.55546875 0.2859375 0.01328125 0.03828125
2 0.52421875 0.31796875 0.0125 0.0421875
2 0.56796875 0.37421875 0.009375 0.0453125
2 0.53671875 0.40625 0.0125 0.05078125
2 0.559375 0.46796875 0.0140625 0.0609375