2 0.60234375 0.42734375 0.00703125 0.034375
2 0.3515625 0.61328125 0.0125 0.05234375
3 0.9015625 0.934375 0.021875 0.07578125
2 0.82109375 0.55078125 0.01171875 0.04375
2 0.59453125 0.55234375 0.009375 0.04609375
1 0.734375 0.52890625 0.0125 0.04921875
2 0.3609375 0.68125 0.01171875 0.0421875
2 0.33984375 0.53359375 0.01015625 0.03984375
2 0.60859375 0.5328125 0.01015625 0.04453125
2 0.65703125 0.46171875 0.00703125 0.0375
2 0.12265625 0.578125 0.009375 0.04453125
2 0.625 0.509375 0.0125 0.0453125
2 0.39140625 0.5640625 0.0125 0.04609375
2 0.51484375 0.43671875 0.00859375 0.034375
2 0.27421875 0.5375 0.009375 0.04296875
2 0.47890625 0.4890625 0.00859375 0.03828125
2 0.484375 0.4609375 0.0078125 0.0328125
2 0.47578125 0.46640625 0.0078125 0.0390625
2 0.68671875 0.45078125 0.0078125 0.0375
3 0.75234375 0.5546875 0.0109375 0.04453125
2 0.60859375 0.41953125 0.00703125 0.02890625