2 0.64453125 0.42578125 0.01015625 0.03984375
2 0.66171875 0.4359375 0.0109375 0.03828125
2 0.7140625 0.4203125 0.00859375 0.03828125
2 0.74453125 0.41875 0.00703125 0.0359375
2 0.7640625 0.45390625 0.009375 0.03984375
2 0.7578125 0.4921875 0.01171875 0.03203125
2 0.7234375 0.48046875 0.0140625 0.0328125
1 0.81953125 0.4375 0.0125 0.034375
2 0.63671875 0.38671875 0.00859375 0.03359375
2 0.6015625 0.3703125 0.00625 0.03046875
2 0.58984375 0.36328125 0.01015625 0.034375
2 0.57578125 0.3953125 0.0109375 0.03046875
2 0.59921875 0.6140625 0.0140625 0.04765625
2 0.50625 0.4328125 0.00859375 0.03671875
2 0.48203125 0.40234375 0.00703125 0.03984375
3 0.57265625 0.44375 0.00859375 0.0390625
2 0.2546875 0.4421875 0.0078125 0.04296875
2 0.2625 0.48984375 0.01171875 0.04140625
2 0.23671875 0.51484375 0.0171875 0.0453125
2 0.23515625 0.60390625 0.0125 0.05
2 0.2125 0.621875 0.0203125 0.05078125
2 0.103125 0.54921875 0.0140625 0.04765625
3 0.1 0.38125 0.00859375 0.03515625