0 0.815625 0.43046875 0.0078125 0.0140625
2 0.86484375 0.5796875 0.028125 0.0734375
2 0.821875 0.39609375 0.01328125 0.05703125
2 0.6640625 0.3796875 0.01640625 0.0515625
2 0.7234375 0.2765625 0.009375 0.05625
2 0.62890625 0.28203125 0.01171875 0.05078125
2 0.59765625 0.48125 0.0125 0.065625
2 0.54453125 0.37578125 0.01328125 0.05546875
2 0.525 0.63828125 0.0171875 0.06640625
2 0.6203125 0.840625 0.03203125 0.090625
2 0.175 0.78515625 0.01796875 0.08828125
2 0.30390625 0.51640625 0.0265625 0.06171875
3 0.3625 0.3375 0.009375 0.05703125
3 0.703125 0.16484375 0.0125 0.04609375
2 0.51875 0.3375 0.0125 0.05078125
2 0.42109375 0.17578125 0.00859375 0.04296875
2 0.36953125 0.26796875 0.0125 0.0546875
2 0.39609375 0.4609375 0.0109375 0.0640625
2 0.15859375 0.63515625 0.01875 0.07734375
2 0.190625 0.41640625 0.02265625 0.05078125
2 0.25546875 0.3609375 0.015625 0.0609375
2 0.26171875 0.3046875 0.01328125 0.05703125
2 0.30859375 0.24296875 0.0109375 0.05
3 0.04921875 0.9734375 0.0234375 0.053125