2 0.8765625 0.56875 0.0140625 0.05625
2 0.784375 0.490625 0.0125 0.04296875
2 0.88828125 0.4578125 0.01328125 0.0421875
2 0.74375 0.4015625 0.00859375 0.040625
2 0.671875 0.41015625 0.01328125 0.0390625
2 0.65390625 0.49921875 0.009375 0.046875
2 0.61953125 0.546875 0.0140625 0.05
2 0.6078125 0.59296875 0.01328125 0.053125
2 0.584375 0.40390625 0.009375 0.03515625
2 0.56640625 0.37421875 0.01015625 0.04140625
3 0.54765625 0.4859375 0.01171875 0.0484375
2 0.5203125 0.41796875 0.01015625 0.0359375
2 0.4703125 0.3828125 0.0109375 0.0328125
2 0.41796875 0.40234375 0.01015625 0.0421875
2 0.409375 0.415625 0.00859375 0.04296875
2 0.425 0.47421875 0.00859375 0.03984375
3 0.3953125 0.36796875 0.00859375 0.0375
2 0.34921875 0.41171875 0.0078125 0.0359375
2 0.38671875 0.4609375 0.01171875 0.04140625
2 0.33359375 0.4578125 0.01015625 0.0421875
2 0.3375 0.58515625 0.0109375 0.05390625
2 0.3609375 0.67265625 0.0109375 0.053125
1 0.1359375 0.49609375 0.01015625 0.0484375