2 0.25703125 0.5015625 0.0265625 0.07578125
2 0.66328125 0.65 0.021875 0.084375
2 0.11953125 0.46953125 0.01484375 0.06875
2 0.60390625 0.415625 0.0140625 0.05546875
2 0.190625 0.54296875 0.0171875 0.07109375
2 0.4546875 0.41171875 0.0125 0.05546875
2 0.17109375 0.40234375 0.01484375 0.06484375
2 0.20859375 0.4078125 0.01328125 0.0609375
2 0.58203125 0.60859375 0.01328125 0.07421875
2 0.83515625 0.434375 0.015625 0.0671875
2 0.28359375 0.36875 0.0140625 0.0625
2 0.6203125 0.4859375 0.01171875 0.06796875
3 0.35390625 0.484375 0.0140625 0.0671875
2 0.54375 0.4109375 0.01171875 0.0625
2 0.30234375 0.3546875 0.01484375 0.06796875
2 0.7703125 0.3515625 0.0109375 0.0578125
2 0.4609375 0.36640625 0.01171875 0.04765625
2 0.5953125 0.4640625 0.01328125 0.06171875
2 0.89765625 0.5875 0.01640625 0.078125
3 0.72109375 0.340625 0.015625 0.0578125
2 0.34921875 0.428125 0.0125 0.06796875
2 0.60078125 0.3421875 0.01328125 0.06640625
0 0.603125 0.31328125 0.0046875 0.0078125