2 0.33984375 0.73359375 0.01796875 0.0625
3 0.20859375 0.93984375 0.025 0.06875
2 0.39609375 0.590625 0.0109375 0.05546875
2 0.215625 0.64765625 0.01328125 0.05546875
2 0.8234375 0.53515625 0.0140625 0.053125
2 0.70859375 0.66953125 0.01640625 0.053125
2 0.2546875 0.72578125 0.0140625 0.06953125
2 0.26796875 0.5078125 0.01015625 0.05
2 0.85859375 0.68203125 0.01484375 0.0609375
2 0.78828125 0.4921875 0.01171875 0.04296875
2 0.3203125 0.4328125 0.0125 0.0390625
2 0.59140625 0.815625 0.0203125 0.06953125
3 0.40234375 0.51484375 0.0109375 0.04609375
2 0.55390625 0.40546875 0.00859375 0.0390625
2 0.6125 0.63828125 0.01328125 0.05390625
2 0.25390625 0.5734375 0.0109375 0.05234375
0 0.78125 0.45859375 0.00625 0.0140625
1 0.7984375 0.43984375 0.01328125 0.0390625
2 0.38203125 0.45 0.00859375 0.04140625
2 0.65078125 0.609375 0.01171875 0.0515625
2 0.64921875 0.553125 0.01484375 0.04765625
2 0.6234375 0.55546875 0.0125 0.04609375
2 0.68125 0.38515625 0.009375 0.03984375