3 0.74921875 0.46953125 0.01328125 0.053125
3 0.8765625 0.23359375 0.009375 0.03515625
2 0.8625 0.2953125 0.01015625 0.0421875
2 0.87578125 0.30859375 0.00703125 0.04375
2 0.840625 0.34921875 0.009375 0.04765625
2 0.8578125 0.44140625 0.01171875 0.05546875
2 0.821875 0.553125 0.01484375 0.0609375
2 0.740625 0.5546875 0.0171875 0.0625
2 0.86640625 0.67890625 0.01640625 0.06953125
2 0.875 0.85546875 0.01953125 0.07890625
2 0.7125 0.37578125 0.009375 0.046875
2 0.696875 0.39921875 0.00546875 0.05078125
2 0.65703125 0.33984375 0.01015625 0.0390625
2 0.6484375 0.31875 0.00859375 0.0421875
2 0.5546875 0.296875 0.00859375 0.04296875
2 0.55859375 0.23671875 0.009375 0.0359375
2 0.53046875 0.434375 0.01015625 0.05
2 0.521875 0.4875 0.009375 0.05
1 0.11953125 0.3359375 0.0140625 0.05078125
2 0.35234375 0.35234375 0.01484375 0.05234375
2 0.41796875 0.38515625 0.00859375 0.05546875
2 0.40234375 0.42265625 0.0109375 0.05
2 0.3046875 0.6515625 0.01484375 0.06953125
0 0.35625 0.3734375 0.00625 0.01171875
3 0.03203125 0.74296875 0.01640625 0.0671875