2 0.75390625 0.83515625 0.02109375 0.07734375
2 0.76953125 0.61875 0.01796875 0.07109375
2 0.73828125 0.4484375 0.00859375 0.0546875
2 0.55 0.5578125 0.0140625 0.065625
2 0.75390625 0.353125 0.0109375 0.05
2 0.7171875 0.3375 0.01015625 0.05
2 0.65390625 0.31171875 0.0109375 0.0484375
2 0.71953125 0.26171875 0.01015625 0.04296875
2 0.68828125 0.24140625 0.009375 0.03828125
2 0.58203125 0.371875 0.00859375 0.04921875
2 0.56484375 0.39375 0.0125 0.04921875
2 0.55546875 0.45234375 0.0140625 0.0515625
2 0.43984375 0.37578125 0.0109375 0.0515625
2 0.5421875 0.30625 0.00859375 0.0421875
2 0.48515625 0.3046875 0.01171875 0.046875
2 0.4625 0.2359375 0.00703125 0.04140625
2 0.42734375 0.409375 0.009375 0.05
2 0.40625 0.47734375 0.015625 0.0625
2 0.3359375 0.3359375 0.0109375 0.05
3 0.59765625 0.43046875 0.0109375 0.05390625
3 0.73828125 0.2171875 0.0109375 0.0390625
2 0.1578125 0.54765625 0.01015625 0.0625