2 0.69296875 0.51171875 0.0109375 0.04140625
2 0.7125 0.64609375 0.0109375 0.05390625
2 0.65703125 0.48828125 0.01484375 0.04609375
2 0.64375 0.4546875 0.01171875 0.0453125
2 0.534375 0.36015625 0.0109375 0.04140625
2 0.47578125 0.33671875 0.00859375 0.03984375
2 0.62421875 0.62265625 0.0203125 0.0515625
0 0.634375 0.6265625 0.00625 0.01171875
3 0.3875 0.45859375 0.01015625 0.04609375
3 0.13515625 0.26484375 0.009375 0.03203125
3 0.83984375 0.7015625 0.0171875 0.0609375
1 0.8421875 0.3703125 0.009375 0.04375
2 0.62890625 0.73515625 0.0203125 0.0625
2 0.5765625 0.696875 0.01875 0.0578125
2 0.54296875 0.6484375 0.01953125 0.06015625
2 0.515625 0.6828125 0.015625 0.059375
2 0.390625 0.496875 0.0140625 0.04453125
2 0.3921875 0.57578125 0.01953125 0.053125
2 0.4890625 0.7484375 0.015625 0.07109375
2 0.46953125 0.76328125 0.01953125 0.06796875
2 0.36640625 0.58984375 0.009375 0.05546875
2 0.35 0.30078125 0.0078125 0.03515625
2 0.29921875 0.38046875 0.0078125 0.0421875
2 0.209375 0.4078125 0.00859375 0.04609375
2 0.09609375 0.55625 0.0125 0.05859375