2 0.7359375 0.4484375 0.0109375 0.05390625
1 0.93671875 0.41875 0.01796875 0.0515625
2 0.5359375 0.30859375 0.00859375 0.0421875
2 0.48515625 0.484375 0.0109375 0.05390625
2 0.63828125 0.55234375 0.01015625 0.0578125
2 0.64921875 0.69609375 0.01875 0.065625
2 0.49921875 0.73125 0.01796875 0.06796875
2 0.45 0.6921875 0.01875 0.06328125
2 0.44609375 0.53359375 0.01171875 0.05390625
2 0.34609375 0.62734375 0.01171875 0.05859375
2 0.296875 0.5875 0.01171875 0.059375
2 0.3421875 0.42421875 0.009375 0.046875
2 0.37890625 0.328125 0.0109375 0.04296875
2 0.33046875 0.24375 0.01015625 0.0375
2 0.2015625 0.34453125 0.01171875 0.04453125
2 0.1859375 0.3671875 0.0140625 0.0390625
3 0.54921875 0.19765625 0.00703125 0.03203125
3 0.4265625 0.67578125 0.01796875 0.065625
0 0.59453125 0.72578125 0.00703125 0.01640625
2 0.1046875 0.465625 0.0109375 0.05390625
2 0.12421875 0.46171875 0.01171875 0.05234375
2 0.0734375 0.65234375 0.01640625 0.07421875
2 0.0796875 0.715625 0.015625 0.0703125
2 0.10625 0.746875 0.01796875 0.07578125
3 0.04375 0.8546875 0.021875 0.07421875