3 0.92265625 0.8640625 0.02421875 0.07109375
2 0.74609375 0.69375 0.015625 0.06171875
2 0.38046875 0.553125 0.01328125 0.04609375
2 0.2765625 0.64921875 0.0171875 0.07421875
2 0.60546875 0.70703125 0.01796875 0.0609375
2 0.628125 0.6921875 0.01875 0.05625
2 0.62421875 0.565625 0.0140625 0.05078125
2 0.77890625 0.50078125 0.015625 0.046875
2 0.884375 0.63515625 0.0109375 0.06171875
2 0.509375 0.66640625 0.01875 0.04921875
2 0.53984375 0.65234375 0.01875 0.0453125
2 0.578125 0.4609375 0.01015625 0.04375
2 0.4921875 0.4 0.01015625 0.0390625
2 0.79609375 0.44765625 0.0109375 0.046875
2 0.85234375 0.6546875 0.01796875 0.06015625
1 0.16015625 0.40390625 0.0125 0.03828125
2 0.44296875 0.66015625 0.015625 0.0515625
2 0.45078125 0.5390625 0.01640625 0.04140625
2 0.3234375 0.5265625 0.01328125 0.0484375
2 0.38671875 0.3921875 0.0125 0.0421875
2 0.5125 0.3328125 0.01328125 0.0390625
3 0.59375 0.5015625 0.0140625 0.04609375
0 0.49765625 0.69140625 0.00546875 0.01015625