3 0.10625 0.36640625 0.00859375 0.03984375
3 0.59375 0.4125 0.0109375 0.04140625
2 0.10703125 0.55078125 0.0140625 0.0546875
2 0.17421875 0.428125 0.01328125 0.046875
2 0.30859375 0.58515625 0.0109375 0.05625
2 0.3296875 0.49921875 0.01171875 0.046875
2 0.340625 0.41953125 0.01171875 0.04140625
2 0.4125 0.51875 0.01015625 0.04765625
2 0.48203125 0.38203125 0.00859375 0.0375
2 0.55234375 0.4625 0.01015625 0.0421875
2 0.53984375 0.3640625 0.009375 0.03359375
2 0.55703125 0.35625 0.0109375 0.034375
2 0.66640625 0.57109375 0.01171875 0.0453125
2 0.72734375 0.4578125 0.0109375 0.034375
2 0.7359375 0.4421875 0.01015625 0.03984375
2 0.71953125 0.41171875 0.01328125 0.03984375
2 0.7703125 0.44921875 0.025 0.01484375
2 0.7875 0.45703125 0.00859375 0.040625
2 0.79296875 0.43515625 0.0109375 0.03515625
2 0.79921875 0.41875 0.0078125 0.04296875
2 0.803125 0.4109375 0.009375 0.0359375
1 0.82890625 0.4375 0.01640625 0.0234375
2 0.87890625 0.4515625 0.0140625 0.04609375