2 0.11953125 0.540625 0.0140625 0.06484375
2 0.17578125 0.5140625 0.0125 0.0625
2 0.14375 0.45859375 0.0140625 0.05625
2 0.23671875 0.34609375 0.01015625 0.0484375
2 0.29140625 0.4609375 0.01796875 0.0671875
2 0.375 0.33828125 0.01328125 0.0359375
2 0.3984375 0.353125 0.021875 0.02578125
0 0.44375 0.346875 0.00703125 0.0140625
2 0.50078125 0.38046875 0.0125 0.0484375
2 0.51796875 0.40234375 0.01484375 0.05
2 0.4625 0.45390625 0.01015625 0.04765625
2 0.546875 0.45859375 0.01796875 0.05703125
2 0.5046875 0.68046875 0.01640625 0.0671875
2 0.47890625 0.7140625 0.01953125 0.07109375
2 0.61328125 0.359375 0.0125 0.04140625
2 0.71484375 0.3671875 0.01171875 0.0484375
2 0.70859375 0.5421875 0.01953125 0.06484375
2 0.784375 0.47890625 0.01015625 0.0578125
2 0.8875 0.434375 0.00859375 0.053125
2 0.865625 0.3703125 0.009375 0.05234375
2 0.8296875 0.6375 0.0125 0.06484375
3 0.41640625 0.4609375 0.01484375 0.05390625
3 0.17578125 0.32734375 0.01015625 0.0453125