3 0.92109375 0.95625 0.0203125 0.0875
3 0.70546875 0.42578125 0.01328125 0.04921875
2 0.84921875 0.490625 0.0171875 0.05625
2 0.85703125 0.65390625 0.01875 0.06953125
2 0.89296875 0.64296875 0.021875 0.07265625
2 0.840625 0.45234375 0.015625 0.04140625
2 0.85234375 0.4109375 0.0109375 0.05390625
2 0.83359375 0.3703125 0.0078125 0.05078125
2 0.77578125 0.35625 0.01015625 0.0453125
2 0.57421875 0.4875 0.0125 0.0515625
2 0.4375 0.49140625 0.009375 0.05078125
2 0.41640625 0.50390625 0.01171875 0.053125
2 0.33515625 0.60234375 0.0140625 0.0609375
2 0.25859375 0.75390625 0.01328125 0.0796875
2 0.2 0.553125 0.0125 0.06328125
2 0.25859375 0.43125 0.01328125 0.05234375
2 0.19296875 0.42734375 0.0109375 0.0515625
1 0.1265625 0.41875 0.01328125 0.05703125
0 0.19296875 0.50625 0.00546875 0.0109375
2 0.36015625 0.3359375 0.0109375 0.046875
2 0.459375 0.38046875 0.009375 0.04375
2 0.515625 0.384375 0.0078125 0.04765625
2 0.50859375 0.31015625 0.00703125 0.0421875
2 0.51015625 0.2671875 0.01171875 0.03671875
3 0.40390625 0.2203125 0.0078125 0.03359375