1 0.90546875 0.5125 0.01328125 0.03828125
2 0.58828125 0.49453125 0.0109375 0.03046875
2 0.54296875 0.43515625 0.01328125 0.02890625
2 0.52265625 0.571875 0.01796875 0.040625
2 0.44609375 0.60546875 0.0203125 0.040625
2 0.4546875 0.46640625 0.01484375 0.028125
2 0.4890625 0.415625 0.0078125 0.02890625
3 0.60859375 0.371875 0.01015625 0.0265625
3 0.4421875 0.52578125 0.01171875 0.0375
2 0.41953125 0.4796875 0.0109375 0.03125
2 0.39765625 0.50703125 0.0140625 0.034375
2 0.35703125 0.47265625 0.00859375 0.028125
2 0.35 0.44921875 0.0125 0.02734375
2 0.3703125 0.403125 0.01015625 0.02734375
2 0.29609375 0.5203125 0.01015625 0.0375
2 0.26328125 0.48046875 0.01484375 0.03671875
2 0.2421875 0.4734375 0.01171875 0.03359375
2 0.24765625 0.45546875 0.0109375 0.028125
2 0.17578125 0.4953125 0.0109375 0.03515625
1 0.1703125 0.47265625 0.00859375 0.03828125
2 0.1609375 0.5015625 0.00859375 0.0375
2 0.1453125 0.47578125 0.0140625 0.034375
2 0.1578125 0.4625 0.0140625 0.03359375
2 0.08203125 0.503125 0.0078125 0.03515625
0 0.4265625 0.49375 0.00390625 0.00703125