2 0.77734375 0.690625 0.0171875 0.06796875
2 0.82578125 0.7078125 0.01640625 0.05859375
2 0.56328125 0.5296875 0.009375 0.04921875
2 0.271875 0.6296875 0.01015625 0.059375
2 0.3375 0.571875 0.0109375 0.05
2 0.25625 0.40390625 0.009375 0.0421875
2 0.51171875 0.44296875 0.009375 0.04375
2 0.45390625 0.38984375 0.00859375 0.040625
2 0.06640625 0.62421875 0.01328125 0.05625
2 0.3734375 0.528125 0.0109375 0.0484375
2 0.83828125 0.58515625 0.01484375 0.0578125
2 0.41484375 0.475 0.01015625 0.04609375
2 0.8125 0.5734375 0.0125 0.053125
2 0.07734375 0.53046875 0.01015625 0.05
2 0.709375 0.4375 0.0125 0.0390625
2 0.546875 0.42421875 0.0078125 0.040625
3 0.59453125 0.48671875 0.009375 0.0484375
2 0.43515625 0.38046875 0.009375 0.0390625
1 0.15859375 0.40546875 0.01171875 0.04375
2 0.23828125 0.75234375 0.0125 0.0671875
2 0.309375 0.4484375 0.0078125 0.0421875
2 0.82421875 0.4875 0.0078125 0.0515625
0 0.1609375 0.425 0.00390625 0.00625