3 0.034375 0.54765625 0.04140625 0.1515625
2 0.66015625 0.57578125 0.053125 0.15
2 0.31953125 0.39375 0.02578125 0.11015625
2 0.16171875 0.41875 0.04609375 0.11640625
2 0.9203125 0.584375 0.03046875 0.1734375
2 0.8765625 0.634375 0.04453125 0.1734375
2 0.87734375 0.52265625 0.021875 0.11640625
2 0.75703125 0.609375 0.03984375 0.1796875
2 0.27734375 0.41875 0.02578125 0.09609375
2 0.13515625 0.6109375 0.0484375 0.17109375
0 0.15 0.4703125 0.01015625 0.01796875
2 0.27734375 0.46875 0.03828125 0.13046875
2 0.75625 0.55859375 0.04609375 0.1171875
2 0.98203125 0.59609375 0.0359375 0.17734375
2 0.95078125 0.5703125 0.03359375 0.16875
2 0.84140625 0.62578125 0.034375 0.16953125
2 0.81640625 0.52890625 0.0234375 0.16171875
2 0.82421875 0.52890625 0.0171875 0.0640625