1 0.13046875 0.453125 0.01328125 0.0515625
2 0.1453125 0.49140625 0.01171875 0.05078125
2 0.13515625 0.56875 0.01484375 0.05234375
0 0.134375 0.60234375 0.00859375 0.015625
2 0.20390625 0.59609375 0.015625 0.05390625
2 0.2421875 0.49296875 0.01171875 0.04765625
2 0.27578125 0.42421875 0.009375 0.03984375
2 0.25703125 0.3921875 0.0125 0.0421875
2 0.26640625 0.3875 0.009375 0.0375
2 0.29921875 0.37265625 0.01328125 0.0421875
2 0.31875 0.38046875 0.01171875 0.04375
2 0.346875 0.51953125 0.0140625 0.05078125
2 0.36875 0.41484375 0.01015625 0.04140625
2 0.39375 0.4265625 0.0109375 0.04140625
2 0.403125 0.3484375 0.01015625 0.0390625
2 0.6 0.434375 0.01171875 0.0421875
2 0.6390625 0.51328125 0.0109375 0.05234375
3 0.4875 0.44296875 0.01015625 0.0421875
3 0.38359375 0.2859375 0.009375 0.0359375
2 0.7859375 0.58984375 0.0125 0.0546875
2 0.81953125 0.453125 0.01015625 0.04296875
2 0.90234375 0.45546875 0.0125 0.04921875
2 0.925 0.58203125 0.01953125 0.0578125
2 0.73203125 0.6546875 0.0109375 0.059375