2 0.27109375 0.74375 0.015625 0.0609375
2 0.3109375 0.60390625 0.0109375 0.0546875
2 0.35234375 0.49140625 0.01015625 0.04765625
1 0.115625 0.5203125 0.0109375 0.0484375
2 0.35078125 0.4546875 0.00625 0.0421875
2 0.36328125 0.4359375 0.01015625 0.04140625
2 0.3890625 0.425 0.00546875 0.04296875
2 0.44921875 0.4828125 0.009375 0.04140625
2 0.45703125 0.49140625 0.01171875 0.0421875
2 0.5390625 0.59375 0.00859375 0.053125
3 0.41953125 0.38046875 0.009375 0.03671875
3 0.5421875 0.53203125 0.00859375 0.04609375
2 0.51953125 0.396875 0.00859375 0.040625
2 0.54296875 0.428125 0.009375 0.03828125
2 0.5640625 0.3953125 0.0078125 0.03515625
2 0.56953125 0.428125 0.0078125 0.0390625
2 0.578125 0.509375 0.01015625 0.04921875
2 0.63671875 0.4859375 0.00859375 0.04375
2 0.675 0.4890625 0.01171875 0.04140625
2 0.6671875 0.4203125 0.0078125 0.03828125
2 0.7 0.403125 0.00859375 0.03671875
2 0.8703125 0.578125 0.0140625 0.05703125
2 0.91875 0.45703125 0.009375 0.04765625