2 0.3625 0.5078125 0.0109375 0.05390625
2 0.33046875 0.33203125 0.0078125 0.0375
2 0.3078125 0.3734375 0.00859375 0.04140625
2 0.29296875 0.42734375 0.0125 0.04609375
2 0.2328125 0.49375 0.0078125 0.05390625
2 0.22265625 0.58515625 0.01328125 0.05859375
2 0.22109375 0.696875 0.01015625 0.065625
2 0.23125 0.72578125 0.0125 0.06484375
2 0.39609375 0.43203125 0.009375 0.04609375
2 0.36640625 0.53515625 0.01015625 0.06015625
3 0.3 0.31484375 0.00859375 0.03828125
3 0.44765625 0.46171875 0.0109375 0.05078125
2 0.50234375 0.47578125 0.01015625 0.04609375
2 0.50546875 0.396875 0.00859375 0.0453125
2 0.53203125 0.390625 0.0078125 0.04453125
2 0.57265625 0.4359375 0.009375 0.04609375
2 0.5375 0.56640625 0.0109375 0.06484375
2 0.56796875 0.6984375 0.0140625 0.06796875
2 0.6171875 0.4734375 0.01328125 0.0375
0 0.6125 0.48359375 0.00546875 0.01171875
2 0.61796875 0.3828125 0.00859375 0.04609375
2 0.7109375 0.471875 0.0078125 0.05546875
2 0.78046875 0.58046875 0.0125 0.05859375