2 0.33203125 0.64296875 0.0171875 0.05546875
2 0.25625 0.53125 0.0109375 0.04921875
3 0.0453125 0.81171875 0.01640625 0.06328125
2 0.47265625 0.64453125 0.0203125 0.0578125
2 0.6421875 0.64609375 0.015625 0.05
2 0.28046875 0.39765625 0.009375 0.03671875
2 0.7671875 0.59453125 0.01875 0.046875
2 0.27890625 0.5140625 0.01171875 0.04375
2 0.69296875 0.6484375 0.01953125 0.0515625
2 0.29765625 0.4484375 0.0125 0.04453125
2 0.51328125 0.5796875 0.0125 0.0484375
2 0.7125 0.69375 0.01484375 0.05390625
2 0.66953125 0.60546875 0.021875 0.0484375
2 0.31015625 0.4671875 0.01015625 0.03671875
2 0.2671875 0.44296875 0.01015625 0.0375
2 0.16640625 0.41484375 0.009375 0.0375
2 0.1421875 0.425 0.009375 0.03515625
0 0.72109375 0.7109375 0.00625 0.009375
3 0.62421875 0.5546875 0.01171875 0.03828125
2 0.6640625 0.54609375 0.0171875 0.0421875
2 0.69921875 0.4515625 0.01640625 0.0359375
2 0.634375 0.40390625 0.0109375 0.034375
2 0.58671875 0.40390625 0.0125 0.0328125