3 0.2375 0.29375 0.0078125 0.0296875
2 0.2875 0.3640625 0.00703125 0.0390625
2 0.20234375 0.4453125 0.0140625 0.03984375
2 0.27265625 0.4234375 0.01328125 0.04375
2 0.25546875 0.44765625 0.01015625 0.03984375
2 0.29765625 0.4578125 0.00703125 0.04140625
2 0.33203125 0.41875 0.00703125 0.04296875
2 0.4453125 0.4734375 0.01328125 0.03203125
2 0.43515625 0.47578125 0.0078125 0.0359375
2 0.43828125 0.5703125 0.0140625 0.0515625
2 0.35390625 0.6546875 0.0125 0.05234375
2 0.28359375 0.64453125 0.00859375 0.0546875
2 0.44765625 0.3296875 0.00703125 0.03671875
3 0.43203125 0.42734375 0.01015625 0.03984375
2 0.51796875 0.3578125 0.009375 0.0375
2 0.61484375 0.3875 0.0109375 0.040625
2 0.5546875 0.49453125 0.0078125 0.04765625
2 0.5859375 0.60078125 0.00859375 0.05625
2 0.65546875 0.409375 0.009375 0.0375
2 0.69296875 0.44921875 0.009375 0.0453125
2 0.73828125 0.5140625 0.01171875 0.0484375
2 0.728125 0.52734375 0.01015625 0.046875
1 0.88828125 0.4125 0.01015625 0.04453125
3 0.91640625 0.7265625 0.01796875 0.0578125