2 0.14765625 0.5859375 0.01328125 0.05703125
2 0.23203125 0.4984375 0.0109375 0.0546875
2 0.2984375 0.55 0.01484375 0.04765625
2 0.22109375 0.709375 0.0140625 0.059375
2 0.3265625 0.65703125 0.0171875 0.05625
3 0.1703125 0.28359375 0.009375 0.03828125
2 0.29296875 0.42578125 0.0125 0.04765625
2 0.35546875 0.46328125 0.01328125 0.04765625
2 0.4671875 0.4609375 0.0078125 0.05
2 0.48125 0.4875 0.00859375 0.04296875
2 0.52734375 0.40390625 0.00859375 0.0484375
2 0.38828125 0.6046875 0.01484375 0.05546875
2 0.5046875 0.63125 0.0125 0.059375
2 0.52421875 0.6109375 0.01796875 0.04609375
2 0.4375 0.771875 0.0296875 0.0640625
0 0.4109375 0.7859375 0.0078125 0.0171875
3 0.38984375 0.51875 0.009375 0.05390625
3 0.86015625 0.78984375 0.025 0.0625
2 0.621875 0.4484375 0.009375 0.0484375
2 0.6546875 0.51328125 0.0125 0.05078125
2 0.6890625 0.53203125 0.01328125 0.05078125
2 0.61484375 0.6625 0.0171875 0.0609375
2 0.59453125 0.6796875 0.01640625 0.06328125
2 0.590625 0.7078125 0.015625 0.05
1 0.909375 0.38984375 0.01328125 0.0453125