2 0.77265625 0.6328125 0.01484375 0.0703125
2 0.7640625 0.4875 0.01640625 0.05390625
2 0.74296875 0.37265625 0.01328125 0.04453125
2 0.71796875 0.3765625 0.015625 0.04765625
2 0.8453125 0.8578125 0.01875 0.08359375
2 0.63828125 0.26484375 0.015625 0.03203125
2 0.6453125 0.359375 0.0171875 0.0484375
2 0.628125 0.38984375 0.0109375 0.046875
2 0.58046875 0.42578125 0.01171875 0.0453125
2 0.56328125 0.3109375 0.01640625 0.040625
2 0.5875 0.25 0.01015625 0.03828125
2 0.58125 0.54765625 0.01171875 0.06171875
3 0.59921875 0.48125 0.01171875 0.0578125
3 0.7078125 0.24296875 0.009375 0.0390625
2 0.14921875 0.5765625 0.015625 0.0640625
2 0.271875 0.33671875 0.009375 0.0515625
2 0.409375 0.27890625 0.0125 0.03671875
2 0.44453125 0.2859375 0.01328125 0.03828125
2 0.47578125 0.31796875 0.0125 0.0421875
2 0.43203125 0.37421875 0.009375 0.0453125
2 0.46328125 0.40625 0.0125 0.05078125
2 0.440625 0.46796875 0.0140625 0.0609375