3 0.865625 0.90078125 0.021875 0.06640625
2 0.82734375 0.56640625 0.0109375 0.0453125
2 0.80703125 0.5484375 0.0109375 0.0421875
2 0.77734375 0.46015625 0.01015625 0.0453125
2 0.78046875 0.65859375 0.01640625 0.04765625
2 0.746875 0.6359375 0.01015625 0.05234375
2 0.7125 0.4546875 0.00625 0.03984375
2 0.71484375 0.4078125 0.0078125 0.0375
2 0.55625 0.33359375 0.00625 0.028125
2 0.55546875 0.55234375 0.009375 0.03984375
3 0.55546875 0.490625 0.01171875 0.04375
3 0.390625 0.30703125 0.00546875 0.0265625
2 0.45703125 0.375 0.00703125 0.0296875
2 0.34453125 0.37578125 0.01015625 0.03515625
2 0.403125 0.4640625 0.00625 0.03828125
2 0.4625 0.43359375 0.0078125 0.03046875
2 0.42578125 0.55234375 0.01015625 0.03515625
2 0.403125 0.55625 0.01015625 0.04375
2 0.38359375 0.65859375 0.01171875 0.05390625
2 0.271875 0.540625 0.0109375 0.03671875
2 0.25078125 0.746875 0.01328125 0.06171875
2 0.21796875 0.47890625 0.0078125 0.03984375
2 0.18984375 0.61015625 0.01796875 0.04921875
0 0.2046875 0.63515625 0.00625 0.01328125
1 0.17109375 0.43828125 0.01015625 0.03984375