2 0.1078125 0.534375 0.01328125 0.05
2 0.28515625 0.4921875 0.0109375 0.0421875
2 0.72578125 0.6078125 0.0171875 0.0578125
2 0.33203125 0.43359375 0.00703125 0.0421875
2 0.58203125 0.52890625 0.00859375 0.046875
2 0.34296875 0.46171875 0.01015625 0.04375
2 0.821875 0.40859375 0.0125 0.0421875
2 0.62890625 0.60703125 0.01015625 0.0546875
3 0.16796875 0.57734375 0.0109375 0.05
2 0.84375 0.453125 0.01171875 0.0375
1 0.1140625 0.4734375 0.0109375 0.03984375
2 0.1546875 0.48515625 0.01015625 0.0421875
2 0.171875 0.48515625 0.01015625 0.0421875
2 0.209375 0.4546875 0.01328125 0.0375
2 0.25234375 0.475 0.009375 0.040625
2 0.27734375 0.42421875 0.0078125 0.0375
2 0.0421875 0.5109375 0.01328125 0.0453125
2 0.3796875 0.47578125 0.01171875 0.0390625
2 0.3421875 0.49765625 0.01171875 0.0390625
2 0.49921875 0.6109375 0.0140625 0.05234375
2 0.82734375 0.53515625 0.01328125 0.0421875
2 0.82265625 0.48828125 0.01015625 0.04375