2 0.19375 0.6515625 0.01640625 0.0484375
2 0.22265625 0.565625 0.01640625 0.04765625
2 0.228125 0.65390625 0.015625 0.05390625
2 0.25390625 0.465625 0.0125 0.040625
2 0.3421875 0.5671875 0.0125 0.028125
2 0.4 0.465625 0.0109375 0.0328125
2 0.43828125 0.58046875 0.01484375 0.04140625
2 0.503125 0.39375 0.009375 0.0328125
3 0.44921875 0.5234375 0.009375 0.04296875
3 0.08515625 0.7953125 0.0171875 0.0578125
3 0.6453125 0.3203125 0.00546875 0.02578125
0 0.45390625 0.59453125 0.0046875 0.01171875
2 0.54609375 0.4703125 0.0078125 0.03203125
2 0.5734375 0.415625 0.01171875 0.034375
2 0.64765625 0.3859375 0.00859375 0.034375
2 0.6671875 0.42109375 0.0078125 0.0375
2 0.67578125 0.45625 0.00859375 0.03828125
2 0.59765625 0.50390625 0.01015625 0.03828125
2 0.54453125 0.56953125 0.01171875 0.03125
2 0.53046875 0.640625 0.01875 0.046875
2 0.64765625 0.65234375 0.01015625 0.05234375
2 0.7203125 0.64765625 0.01328125 0.04765625
2 0.77109375 0.54921875 0.01015625 0.04296875
2 0.74375 0.4796875 0.0078125 0.03984375
1 0.93046875 0.46171875 0.0171875 0.03359375