1 0.28671875 0.45234375 0.01171875 0.034375
2 0.26015625 0.5171875 0.00859375 0.03671875
2 0.171875 0.546875 0.0171875 0.03359375
2 0.16171875 0.54609375 0.01015625 0.03046875
2 0.11796875 0.74609375 0.01484375 0.05859375
2 0.19765625 0.78828125 0.01875 0.06484375
2 0.28828125 0.82109375 0.015625 0.06484375
2 0.3265625 0.553125 0.0140625 0.040625
2 0.315625 0.465625 0.00625 0.0328125
2 0.34765625 0.46484375 0.00625 0.0390625
0 0.1859375 0.56875 0.0046875 0.0109375
3 0.40390625 0.57265625 0.01015625 0.04609375
2 0.39921875 0.42265625 0.00625 0.034375
2 0.35546875 0.46796875 0.009375 0.0359375
2 0.35859375 0.49765625 0.0078125 0.03359375
2 0.3625 0.56484375 0.01328125 0.04296875
2 0.44375 0.4375 0.009375 0.03671875
2 0.53046875 0.5265625 0.01015625 0.04296875
2 0.490625 0.64765625 0.01484375 0.04921875
3 0.471875 0.31484375 0.00625 0.02734375
2 0.565625 0.434375 0.00625 0.03359375
2 0.69921875 0.4609375 0.01015625 0.040625
2 0.5640625 0.57734375 0.00859375 0.04765625
2 0.5828125 0.7203125 0.01328125 0.0625
2 0.63046875 0.725 0.0125 0.0609375
2 0.8484375 0.4828125 0.00546875 0.0421875
2 0.8625 0.62734375 0.01484375 0.0578125
3 0.9515625 0.95703125 0.01484375 0.075