2 0.79140625 0.59140625 0.01484375 0.0578125
1 0.89765625 0.33984375 0.0078125 0.03359375
0 0.903125 0.3625 0.0046875 0.00859375
2 0.78125 0.42109375 0.0125 0.046875
2 0.60078125 0.3265625 0.0078125 0.034375
2 0.6625 0.42578125 0.01171875 0.04375
2 0.5859375 0.34453125 0.00546875 0.03515625
2 0.47421875 0.35546875 0.00703125 0.03359375
2 0.48125 0.409375 0.00546875 0.04296875
2 0.396875 0.384375 0.00625 0.034375
2 0.38203125 0.328125 0.00546875 0.0359375
2 0.35078125 0.35390625 0.0078125 0.034375
2 0.41171875 0.43984375 0.0140625 0.04140625
2 0.4578125 0.58125 0.01171875 0.04921875
3 0.3796875 0.5 0.00625 0.04609375
3 0.29375 0.30234375 0.0109375 0.03203125
2 0.30390625 0.3609375 0.01015625 0.03671875
2 0.28671875 0.44296875 0.00625 0.04140625
2 0.28125 0.45390625 0.01171875 0.0421875
2 0.36328125 0.5671875 0.01328125 0.05
2 0.29609375 0.5375 0.0109375 0.05
2 0.29140625 0.64140625 0.015625 0.05703125
2 0.20703125 0.8 0.02109375 0.06171875
2 0.246875 0.3109375 0.00703125 0.0328125