2 0.36484375 0.66328125 0.01015625 0.05546875
2 0.340625 0.57890625 0.0109375 0.04921875
1 0.13671875 0.4859375 0.0109375 0.04765625
2 0.33046875 0.44921875 0.00859375 0.03984375
2 0.37578125 0.4515625 0.00859375 0.04140625
2 0.34375 0.39921875 0.00625 0.03515625
2 0.40703125 0.40625 0.00859375 0.0359375
2 0.41484375 0.39453125 0.00703125 0.0359375
2 0.42265625 0.46953125 0.009375 0.03828125
2 0.4609375 0.371875 0.009375 0.0328125
2 0.50625 0.41640625 0.009375 0.03515625
3 0.5484375 0.47734375 0.01171875 0.04296875
3 0.3875 0.3609375 0.0078125 0.03359375
2 0.55859375 0.36796875 0.00625 0.03203125
2 0.5828125 0.40078125 0.0078125 0.034375
2 0.65859375 0.49453125 0.009375 0.04375
2 0.634375 0.540625 0.0125 0.05
2 0.625 0.58828125 0.0140625 0.04765625
2 0.67890625 0.4 0.0078125 0.0375
2 0.740625 0.396875 0.00703125 0.03828125
2 0.78203125 0.4859375 0.0109375 0.04296875
2 0.87421875 0.5640625 0.0125 0.053125
2 0.8828125 0.4515625 0.0109375 0.0453125