3 0.07890625 0.95625 0.0203125 0.0875
3 0.29453125 0.42578125 0.01328125 0.04921875
2 0.15078125 0.490625 0.0171875 0.05625
2 0.14296875 0.65390625 0.01875 0.06953125
2 0.10703125 0.64296875 0.021875 0.07265625
2 0.159375 0.45234375 0.015625 0.04140625
2 0.14765625 0.4109375 0.0109375 0.05390625
2 0.16640625 0.3703125 0.0078125 0.05078125
2 0.22421875 0.35625 0.01015625 0.0453125
2 0.42578125 0.4875 0.0125 0.0515625
2 0.5625 0.49140625 0.009375 0.05078125
2 0.58359375 0.50390625 0.01171875 0.053125
2 0.66484375 0.60234375 0.0140625 0.0609375
2 0.74140625 0.75390625 0.01328125 0.0796875
2 0.8 0.553125 0.0125 0.06328125
2 0.74140625 0.43125 0.01328125 0.05234375
2 0.80703125 0.42734375 0.0109375 0.0515625
1 0.8734375 0.41875 0.01328125 0.05703125
0 0.80703125 0.50625 0.00546875 0.0109375
2 0.63984375 0.3359375 0.0109375 0.046875
2 0.540625 0.38046875 0.009375 0.04375
2 0.484375 0.384375 0.0078125 0.04765625
2 0.49140625 0.31015625 0.00703125 0.0421875
2 0.48984375 0.2671875 0.01171875 0.03671875
3 0.59609375 0.2203125 0.0078125 0.03359375