2 0.675 0.69765625 0.02265625 0.0609375
2 0.79609375 0.60625 0.0140625 0.0546875
2 0.83125 0.53671875 0.0125 0.04921875
2 0.740625 0.40234375 0.01015625 0.03984375
3 0.825 0.3515625 0.0109375 0.04921875
3 0.55703125 0.41171875 0.01015625 0.0421875
2 0.934375 0.5109375 0.015625 0.04921875
2 0.7125 0.44140625 0.0125 0.04453125
2 0.671875 0.46484375 0.0125 0.0515625
2 0.5578125 0.5703125 0.01015625 0.04921875
2 0.53359375 0.34921875 0.00703125 0.03671875
2 0.475 0.3796875 0.00859375 0.02890625
2 0.47265625 0.4109375 0.009375 0.04296875
2 0.40234375 0.47265625 0.0125 0.04921875
2 0.36953125 0.3875 0.009375 0.03125
2 0.378125 0.340625 0.0109375 0.03359375
2 0.3890625 0.33828125 0.01015625 0.0171875
2 0.4015625 0.33828125 0.0125 0.0171875
2 0.32890625 0.4140625 0.01171875 0.04375
2 0.27734375 0.46953125 0.01171875 0.0484375
2 0.2859375 0.50859375 0.0125 0.0453125
2 0.371875 0.56640625 0.01171875 0.0515625
1 0.06640625 0.44375 0.0140625 0.04609375