3 0.74453125 0.75234375 0.01796875 0.04375
3 0.53984375 0.52734375 0.00859375 0.03515625
3 0.34453125 0.36796875 0.00625 0.025
1 0.90703125 0.4953125 0.0109375 0.03359375
2 0.68671875 0.53125 0.01015625 0.0328125
2 0.6625 0.540625 0.01171875 0.03984375
2 0.64140625 0.4890625 0.01015625 0.03203125
2 0.58828125 0.4390625 0.00703125 0.02890625
2 0.57421875 0.4078125 0.0078125 0.025
2 0.60546875 0.6390625 0.00703125 0.0421875
2 0.52265625 0.58203125 0.0078125 0.040625
2 0.4859375 0.48203125 0.00859375 0.0328125
2 0.44140625 0.434375 0.0078125 0.0296875
2 0.4609375 0.51484375 0.00703125 0.03359375
2 0.45234375 0.56875 0.01015625 0.03515625
2 0.5078125 0.63359375 0.00859375 0.04765625
2 0.47265625 0.72421875 0.009375 0.04609375
2 0.43984375 0.60078125 0.0125 0.0375
2 0.3734375 0.5578125 0.009375 0.0375
2 0.39609375 0.6484375 0.0109375 0.040625
2 0.3390625 0.6 0.00703125 0.03984375
2 0.325 0.4359375 0.00859375 0.03203125
2 0.29921875 0.6515625 0.01015625 0.04375
0 0.31953125 0.621875 0.00546875 0.01015625
2 0.22109375 0.55390625 0.00625 0.03671875
1 0.11171875 0.48984375 0.00703125 0.03203125