2 0.35703125 0.4125 0.0078125 0.0375
2 0.334375 0.5671875 0.0109375 0.04609375
2 0.3890625 0.59453125 0.01015625 0.04765625
2 0.24296875 0.41640625 0.00546875 0.03984375
2 0.2578125 0.59375 0.00859375 0.04921875
2 0.1671875 0.57890625 0.0125 0.05
2 0.175 0.6953125 0.01171875 0.05234375
3 0.2390625 0.2953125 0.00546875 0.02890625
3 0.4890625 0.46953125 0.01015625 0.0390625
2 0.43671875 0.325 0.00859375 0.03125
2 0.4859375 0.49375 0.01484375 0.03828125
2 0.4859375 0.725 0.01484375 0.04921875
2 0.46484375 0.73828125 0.01484375 0.05
0 0.4703125 0.76640625 0.00546875 0.01171875
2 0.546875 0.48359375 0.0203125 0.04296875
2 0.5875 0.62890625 0.0203125 0.0515625
2 0.565625 0.3828125 0.0109375 0.03359375
2 0.74296875 0.53203125 0.0125 0.04375
2 0.70703125 0.49765625 0.01328125 0.03984375
2 0.6734375 0.44765625 0.01796875 0.0390625
2 0.7359375 0.60078125 0.028125 0.04375
2 0.728125 0.665625 0.0296875 0.04609375
2 0.6734375 0.6765625 0.0125 0.065625
3 0.85859375 0.73515625 0.01953125 0.05234375
1 0.91484375 0.42734375 0.01171875 0.04140625