2 0.29609375 0.784375 0.01015625 0.06875
1 0.1546875 0.45234375 0.01015625 0.05
2 0.31953125 0.6546875 0.01171875 0.0609375
2 0.45 0.603125 0.01328125 0.053125
2 0.415625 0.4734375 0.00625 0.05
2 0.43984375 0.475 0.0109375 0.0515625
2 0.49609375 0.40078125 0.01015625 0.0453125
2 0.49609375 0.3578125 0.0078125 0.03984375
2 0.57578125 0.384375 0.01328125 0.0390625
2 0.5578125 0.43046875 0.01015625 0.04375
2 0.575 0.3171875 0.009375 0.03828125
3 0.55078125 0.52421875 0.0109375 0.053125
3 0.5125 0.30703125 0.009375 0.03671875
2 0.6453125 0.50625 0.009375 0.05078125
2 0.65 0.6890625 0.01640625 0.06484375
2 0.6515625 0.50625 0.009375 0.05078125
2 0.68125 0.46484375 0.0125 0.046875
2 0.71484375 0.4671875 0.0109375 0.05
2 0.7171875 0.35546875 0.0109375 0.0421875
2 0.73828125 0.4109375 0.015625 0.0375
2 0.7296875 0.5140625 0.01640625 0.05234375
2 0.76484375 0.4984375 0.0140625 0.05390625
2 0.86484375 0.43984375 0.01796875 0.05