3 0.53359375 0.52109375 0.0109375 0.0484375
3 0.20703125 0.86171875 0.02734375 0.06484375
3 0.665625 0.275 0.00859375 0.02890625
0 0.58046875 0.690625 0.0078125 0.01796875
2 0.56171875 0.6734375 0.02109375 0.0484375
2 0.53203125 0.6703125 0.01796875 0.06640625
2 0.39765625 0.76015625 0.0296875 0.02890625
2 0.39296875 0.76796875 0.034375 0.0421875
2 0.26640625 0.69453125 0.01171875 0.06484375
2 0.2796875 0.515625 0.0125 0.05390625
2 0.415625 0.6328125 0.015625 0.05859375
2 0.4765625 0.5265625 0.01875 0.0421875
2 0.44296875 0.4546875 0.01171875 0.0421875
2 0.4109375 0.38359375 0.00625 0.03984375
2 0.31875 0.4109375 0.00859375 0.04609375
2 0.50390625 0.39296875 0.01171875 0.0375
2 0.5 0.3234375 0.009375 0.03046875
2 0.68046875 0.3953125 0.0109375 0.0421875
2 0.56171875 0.5484375 0.015625 0.04609375
2 0.60859375 0.59921875 0.01484375 0.04765625
2 0.62890625 0.61796875 0.021875 0.04296875
2 0.61484375 0.77421875 0.02265625 0.07109375
2 0.72890625 0.64140625 0.01953125 0.0578125
2 0.803125 0.48828125 0.0140625 0.0390625