1 0.0828125 0.453125 0.015625 0.0375
2 0.16640625 0.45 0.0109375 0.03515625
2 0.30859375 0.41328125 0.00703125 0.0359375
2 0.41875 0.36875 0.01015625 0.03125
2 0.3765625 0.47890625 0.01015625 0.0375
2 0.390625 0.48359375 0.0078125 0.040625
2 0.31171875 0.63125 0.01171875 0.053125
3 0.50546875 0.415625 0.009375 0.0359375
2 0.52578125 0.31640625 0.00546875 0.028125
2 0.525 0.4015625 0.00859375 0.0296875
2 0.55078125 0.3859375 0.01015625 0.0328125
2 0.56015625 0.35703125 0.0078125 0.0328125
2 0.57890625 0.39140625 0.01015625 0.03125
2 0.596875 0.428125 0.0109375 0.03515625
2 0.575 0.4640625 0.01171875 0.03828125
2 0.5453125 0.52890625 0.0125 0.04296875
2 0.4953125 0.6078125 0.01484375 0.04375
2 0.6015625 0.5140625 0.0125 0.04296875
2 0.6203125 0.4453125 0.0125 0.03828125
2 0.634375 0.49765625 0.01328125 0.0390625
1 0.9015625 0.4078125 0.0109375 0.0390625
2 0.6921875 0.44375 0.00859375 0.0375
2 0.6859375 0.53515625 0.0140625 0.04765625
3 0.77265625 0.75625 0.0203125 0.05
3 0.29609375 0.3046875 0.00859375 0.028125