3 0.5265625 0.43984375 0.0109375 0.05078125
1 0.15703125 0.40703125 0.01171875 0.05234375
2 0.5375 0.303125 0.0078125 0.0421875
2 0.50390625 0.321875 0.00703125 0.040625
2 0.4 0.36875 0.00859375 0.04765625
2 0.3453125 0.3984375 0.0078125 0.04765625
2 0.34765625 0.4078125 0.009375 0.04609375
2 0.346875 0.45078125 0.01171875 0.05390625
2 0.3171875 0.4453125 0.01171875 0.0515625
2 0.2984375 0.515625 0.01171875 0.0546875
2 0.25078125 0.4984375 0.009375 0.05546875
2 0.1953125 0.58984375 0.01171875 0.0640625
2 0.52109375 0.5015625 0.01171875 0.04921875
2 0.47109375 0.43359375 0.009375 0.04921875
2 0.6171875 0.35 0.0109375 0.0453125
2 0.59140625 0.3640625 0.01015625 0.0390625
2 0.58515625 0.4234375 0.01328125 0.03359375
2 0.540625 0.54609375 0.015625 0.05625
2 0.659375 0.46015625 0.0203125 0.05
2 0.72578125 0.39375 0.009375 0.04921875
2 0.8875 0.5671875 0.0109375 0.06171875
2 0.63984375 0.64765625 0.015625 0.06953125
0 0.628125 0.4484375 0.00703125 0.0125