1 0.16640625 0.37890625 0.00625 0.04296875
2 0.2578125 0.43828125 0.0078125 0.0421875
2 0.2046875 0.54296875 0.009375 0.04765625
2 0.1703125 0.5609375 0.0109375 0.05234375
2 0.265625 0.4390625 0.009375 0.0375
2 0.29453125 0.41640625 0.009375 0.034375
2 0.3640625 0.36875 0.01015625 0.0359375
2 0.440625 0.33359375 0.01171875 0.0296875
2 0.41171875 0.38984375 0.009375 0.0390625
2 0.33515625 0.4359375 0.00703125 0.03671875
2 0.325 0.4609375 0.0125 0.03515625
2 0.309375 0.490625 0.009375 0.04453125
2 0.29921875 0.46953125 0.009375 0.0453125
2 0.378125 0.540625 0.009375 0.0484375
2 0.49140625 0.5171875 0.01015625 0.0453125
2 0.5578125 0.4125 0.0140625 0.0390625
2 0.55625 0.5234375 0.009375 0.04765625
2 0.5421875 0.68984375 0.0125 0.0609375
3 0.47890625 0.45703125 0.01015625 0.03984375
3 0.840625 0.32109375 0.00859375 0.0328125
2 0.725 0.4390625 0.0140625 0.04609375
2 0.86484375 0.58671875 0.0171875 0.053125
2 0.5828125 0.70390625 0.0109375 0.06328125