2 0.01484375 0.640625 0.02890625 0.13515625
2 0.67109375 0.6296875 0.04375 0.1546875
2 0.4953125 0.5921875 0.040625 0.1625
2 0.11953125 0.61640625 0.04375 0.165625
2 0.3171875 0.5703125 0.03046875 0.1671875
2 0.209375 0.54765625 0.03828125 0.15546875
2 0.35234375 0.58125 0.02265625 0.16328125
2 0.440625 0.5921875 0.03046875 0.15703125
2 0.715625 0.72578125 0.06484375 0.171875
0 0.74609375 0.77578125 0.0140625 0.02890625
2 0.59609375 0.6953125 0.03125 0.1578125
2 0.571875 0.62734375 0.03515625 0.15078125
1 0.61640625 0.60390625 0.06328125 0.1078125