2 0.925 0.55703125 0.01328125 0.0640625
2 0.853125 0.44453125 0.01328125 0.0546875
2 0.7453125 0.740625 0.01875 0.07578125
2 0.69453125 0.4140625 0.0109375 0.04609375
2 0.6390625 0.29296875 0.009375 0.04140625
2 0.63203125 0.384375 0.009375 0.04609375
2 0.60625 0.54609375 0.01640625 0.05859375
2 0.5859375 0.56484375 0.01328125 0.0609375
2 0.6109375 0.73125 0.0140625 0.06953125
2 0.43984375 0.725 0.01796875 0.07578125
3 0.50625 0.234375 0.01015625 0.034375
3 0.525 0.5109375 0.0109375 0.05625
1 0.228125 0.3875 0.009375 0.04765625
0 0.315625 0.59765625 0.0109375 0.02109375
2 0.51796875 0.321875 0.00859375 0.03984375
2 0.45234375 0.403125 0.01015625 0.04921875
2 0.33359375 0.44609375 0.01171875 0.0515625
2 0.384375 0.48828125 0.01015625 0.04921875
2 0.36640625 0.49921875 0.01015625 0.05390625
2 0.2375 0.6484375 0.0171875 0.0671875
2 0.20703125 0.67109375 0.01640625 0.06484375
2 0.184375 0.59140625 0.0109375 0.06015625
2 0.1640625 0.54609375 0.01484375 0.04609375
2 0.15 0.5640625 0.01015625 0.05625