3 0.0421875 0.85 0.028125 0.08125
3 0.57890625 0.4375 0.01015625 0.05078125
3 0.8625 0.29609375 0.01328125 0.0421875
1 0.13125 0.3953125 0.015625 0.05625
2 0.246875 0.54296875 0.01640625 0.06015625
2 0.31953125 0.54921875 0.0140625 0.05234375
2 0.32734375 0.73359375 0.01484375 0.07421875
2 0.48671875 0.571875 0.01484375 0.05390625
2 0.45234375 0.4828125 0.015625 0.05703125
2 0.40390625 0.4515625 0.01171875 0.0546875
2 0.421875 0.39453125 0.0125 0.0453125
2 0.43671875 0.41484375 0.009375 0.0421875
2 0.50625 0.4171875 0.01171875 0.04453125
2 0.4640625 0.3359375 0.0125 0.0390625
2 0.521875 0.3 0.0109375 0.034375
2 0.546875 0.26953125 0.00703125 0.0390625
2 0.5734375 0.33046875 0.01015625 0.04609375
2 0.62421875 0.3546875 0.01015625 0.03359375
2 0.67109375 0.378125 0.01015625 0.0421875
2 0.6703125 0.44296875 0.0109375 0.0484375
2 0.78359375 0.37734375 0.0140625 0.04375
2 0.80078125 0.3703125 0.009375 0.04765625
2 0.78515625 0.6546875 0.0140625 0.0640625
2 0.89921875 0.5046875 0.01015625 0.06484375