2 0.090625 0.64296875 0.01015625 0.05234375
2 0.08828125 0.54609375 0.01484375 0.04765625
2 0.109375 0.53125 0.015625 0.04609375
2 0.1453125 0.60625 0.0109375 0.05234375
2 0.21640625 0.4671875 0.00859375 0.04296875
2 0.24765625 0.41484375 0.01171875 0.04140625
3 0.1671875 0.35703125 0.009375 0.0328125
3 0.61953125 0.4359375 0.01015625 0.03828125
0 0.71640625 0.4 0.00546875 0.0078125
1 0.8765625 0.4171875 0.009375 0.0375
2 0.73125 0.39453125 0.00859375 0.0296875
2 0.7390625 0.3984375 0.01171875 0.0296875
2 0.68203125 0.39609375 0.009375 0.0359375
2 0.6765625 0.4234375 0.01171875 0.04296875
2 0.58671875 0.34140625 0.0109375 0.03046875
2 0.5828125 0.4078125 0.01484375 0.03515625
2 0.5703125 0.44765625 0.00859375 0.03984375
2 0.5359375 0.40625 0.0125 0.0359375
2 0.509375 0.4046875 0.00859375 0.0359375
2 0.51484375 0.55859375 0.01171875 0.0390625
2 0.46484375 0.5546875 0.0125 0.04375
2 0.440625 0.68671875 0.02109375 0.05703125
2 0.4484375 0.42578125 0.0109375 0.0390625
2 0.4140625 0.3765625 0.0078125 0.0359375