2 0.6578125 0.77890625 0.0234375 0.0578125
2 0.77109375 0.77265625 0.021875 0.06328125
2 0.82265625 0.59609375 0.0109375 0.04921875
2 0.75390625 0.47265625 0.0125 0.046875
2 0.62890625 0.5421875 0.0140625 0.04453125
2 0.6296875 0.59140625 0.01484375 0.046875
2 0.50546875 0.55234375 0.015625 0.04375
2 0.4859375 0.63515625 0.01328125 0.05
2 0.45703125 0.50625 0.01640625 0.046875
2 0.47265625 0.45703125 0.01328125 0.04375
2 0.55625 0.39140625 0.0109375 0.03828125
2 0.45 0.40859375 0.009375 0.0390625
2 0.4375 0.475 0.01484375 0.046875
2 0.40625 0.49765625 0.01328125 0.040625
2 0.38671875 0.45859375 0.0125 0.04296875
2 0.3625 0.42578125 0.01015625 0.0390625
2 0.31015625 0.5 0.01015625 0.04453125
2 0.2703125 0.5765625 0.015625 0.04921875
2 0.215625 0.53359375 0.01328125 0.03828125
2 0.0984375 0.5890625 0.01640625 0.05546875
1 0.23125 0.41328125 0.01328125 0.0453125
3 0.00546875 0.73046875 0.01015625 0.05625
3 0.525 0.51796875 0.01640625 0.04140625
3 0.921875 0.34921875 0.01171875 0.0359375
0 0.51796875 0.56953125 0.00546875 0.0109375