2 0.66015625 0.73359375 0.01796875 0.0625
3 0.79140625 0.93984375 0.025 0.06875
2 0.60390625 0.590625 0.0109375 0.05546875
2 0.784375 0.64765625 0.01328125 0.05546875
2 0.1765625 0.53515625 0.0140625 0.053125
2 0.29140625 0.66953125 0.01640625 0.053125
2 0.7453125 0.72578125 0.0140625 0.06953125
2 0.73203125 0.5078125 0.01015625 0.05
2 0.14140625 0.68203125 0.01484375 0.0609375
2 0.21171875 0.4921875 0.01171875 0.04296875
2 0.6796875 0.4328125 0.0125 0.0390625
2 0.40859375 0.815625 0.0203125 0.06953125
3 0.59765625 0.51484375 0.0109375 0.04609375
2 0.44609375 0.40546875 0.00859375 0.0390625
2 0.3875 0.63828125 0.01328125 0.05390625
2 0.74609375 0.5734375 0.0109375 0.05234375
0 0.21875 0.45859375 0.00625 0.0140625
1 0.2015625 0.43984375 0.01328125 0.0390625
2 0.61796875 0.45 0.00859375 0.04140625
2 0.34921875 0.609375 0.01171875 0.0515625
2 0.35078125 0.553125 0.01484375 0.04765625
2 0.3765625 0.55546875 0.0125 0.04609375
2 0.31875 0.38515625 0.009375 0.03984375