1 0.84375 0.4640625 0.0203125 0.025
3 0.6640625 0.5 0.0125 0.040625
3 0.60234375 0.30234375 0.00859375 0.03984375
3 0.09296875 0.94765625 0.01875 0.07578125
2 0.2125 0.75546875 0.015625 0.0640625
2 0.2328125 0.63828125 0.00859375 0.06015625
2 0.25390625 0.740625 0.01015625 0.059375
2 0.2 0.559375 0.0140625 0.0515625
2 0.25703125 0.471875 0.0109375 0.0453125
2 0.30234375 0.45625 0.0125 0.03984375
2 0.4390625 0.565625 0.01015625 0.05234375
2 0.571875 0.5921875 0.009375 0.05234375
2 0.603125 0.4578125 0.00859375 0.04140625
2 0.67734375 0.43046875 0.00703125 0.0359375
2 0.72578125 0.4359375 0.00546875 0.03515625
2 0.75703125 0.4734375 0.009375 0.0390625
2 0.73125 0.48125 0.00625 0.0421875
2 0.76171875 0.4609375 0.0078125 0.03671875
2 0.771875 0.44296875 0.0109375 0.0390625
2 0.79375 0.459375 0.0109375 0.040625
2 0.82734375 0.48203125 0.01015625 0.03515625
2 0.83671875 0.48828125 0.00703125 0.0453125
2 0.86171875 0.48359375 0.01328125 0.03984375
2 0.91171875 0.4875 0.0140625 0.040625