2 0.371875 0.68671875 0.015625 0.0625
2 0.353125 0.6296875 0.0140625 0.06171875
2 0.8671875 0.5375 0.0109375 0.059375
2 0.640625 0.64140625 0.0125 0.06484375
2 0.61953125 0.4671875 0.00859375 0.0484375
2 0.46171875 0.46953125 0.0125 0.06015625
2 0.54765625 0.44453125 0.0109375 0.0484375
2 0.4953125 0.5359375 0.01015625 0.0515625
2 0.684375 0.4734375 0.0125 0.06015625
2 0.4734375 0.4609375 0.01015625 0.04921875
0 0.084375 0.73203125 0.00625 0.0109375
2 0.09453125 0.740625 0.015625 0.0671875
2 0.49921875 0.46328125 0.0078125 0.046875
1 0.4921875 0.44609375 0.01171875 0.0515625
2 0.5296875 0.45859375 0.00859375 0.04765625
2 0.53671875 0.4640625 0.00859375 0.046875
2 0.53828125 0.44140625 0.009375 0.0421875
3 0.653125 0.52265625 0.01015625 0.05546875
2 0.728125 0.478125 0.0109375 0.05078125
2 0.71796875 0.47578125 0.01328125 0.053125
2 0.84921875 0.43984375 0.01015625 0.05078125