3 0.95859375 0.79296875 0.02265625 0.0625
3 0.73125 0.4625 0.0078125 0.0421875
2 0.8078125 0.528125 0.0109375 0.0453125
2 0.828125 0.5515625 0.021875 0.046875
2 0.875 0.68515625 0.015625 0.05546875
2 0.89609375 0.74609375 0.0125 0.0703125
2 0.7375 0.66953125 0.01328125 0.0546875
2 0.69921875 0.66640625 0.01796875 0.05859375
2 0.74609375 0.578125 0.01328125 0.053125
2 0.7125 0.57578125 0.0125 0.04609375
2 0.64140625 0.57890625 0.01484375 0.0484375
2 0.57265625 0.546875 0.0109375 0.04375
2 0.734375 0.40234375 0.01015625 0.0375
2 0.7546875 0.4328125 0.0109375 0.040625
2 0.78828125 0.4625 0.0109375 0.04609375
2 0.70078125 0.4265625 0.00859375 0.03828125
2 0.62578125 0.34375 0.00703125 0.0328125
2 0.6 0.396875 0.0078125 0.0375
2 0.51875 0.40703125 0.0078125 0.040625
3 0.4515625 0.2765625 0.00546875 0.02890625
1 0.1078125 0.4796875 0.0109375 0.04453125
2 0.2171875 0.696875 0.0109375 0.05
2 0.44921875 0.51640625 0.01484375 0.0453125
2 0.46796875 0.53828125 0.01171875 0.0484375
0 0.275 0.75546875 0.00859375 0.01640625