3 0.61328125 0.26640625 0.00859375 0.02890625
3 0.45546875 0.48046875 0.01328125 0.04296875
3 0.13125 0.865625 0.01328125 0.06953125
2 0.25546875 0.6765625 0.01328125 0.06015625
2 0.13203125 0.6390625 0.0140625 0.06796875
2 0.22109375 0.575 0.0109375 0.059375
2 0.21875 0.4890625 0.0140625 0.0515625
2 0.2921875 0.39296875 0.0078125 0.04296875
2 0.3625 0.62265625 0.01171875 0.05546875
2 0.45 0.40234375 0.0125 0.04296875
2 0.4953125 0.5125 0.0109375 0.04765625
2 0.5078125 0.50546875 0.01328125 0.04375
2 0.525 0.459375 0.01328125 0.046875
2 0.5890625 0.515625 0.0171875 0.046875
2 0.6078125 0.49921875 0.015625 0.0453125
2 0.62578125 0.72890625 0.01875 0.0609375
2 0.68203125 0.6625 0.0171875 0.059375
2 0.6328125 0.46953125 0.01171875 0.04921875
2 0.61015625 0.3609375 0.0109375 0.034375
2 0.62421875 0.35234375 0.0125 0.0359375
2 0.6890625 0.39453125 0.015625 0.04140625
0 0.5328125 0.47109375 0.00546875 0.009375
2 0.784375 0.571875 0.0140625 0.0546875
2 0.76953125 0.64921875 0.01484375 0.05859375
1 0.95546875 0.41484375 0.0203125 0.04296875