2 0.8609375 0.5703125 0.01171875 0.0546875
2 0.48359375 0.58125 0.0125 0.0546875
2 0.47109375 0.61171875 0.01171875 0.05625
2 0.54453125 0.46484375 0.0109375 0.0453125
2 0.678125 0.41796875 0.01015625 0.04140625
2 0.6015625 0.36328125 0.0078125 0.0421875
2 0.52421875 0.4 0.00859375 0.03671875
2 0.50390625 0.41015625 0.01015625 0.040625
3 0.5921875 0.31171875 0.009375 0.0359375
1 0.896875 0.478125 0.01328125 0.0515625
2 0.3875 0.33203125 0.01015625 0.03671875
2 0.42890625 0.36484375 0.00703125 0.04140625
2 0.4203125 0.4078125 0.01015625 0.03515625
2 0.37890625 0.47421875 0.01015625 0.04375
2 0.30703125 0.4125 0.01015625 0.0390625
2 0.28125 0.4078125 0.0125 0.04296875
2 0.22734375 0.3859375 0.009375 0.04140625
2 0.1640625 0.4546875 0.0109375 0.0484375
2 0.20546875 0.54375 0.01328125 0.05703125
2 0.24921875 0.53203125 0.01640625 0.05546875
2 0.18125 0.68125 0.0140625 0.06171875
2 0.225 0.76875 0.01640625 0.06640625
3 0.30234375 0.465625 0.009375 0.04765625