3 0.26484375 0.56875 0.01875 0.0765625
2 0.2890625 0.46328125 0.02109375 0.0578125
2 0.35234375 0.5046875 0.02109375 0.06015625
2 0.51953125 0.56875 0.0203125 0.08359375
2 0.4125 0.47421875 0.01953125 0.06328125
2 0.26171875 0.6640625 0.0359375 0.08984375
2 0.10859375 0.5734375 0.0203125 0.08125
2 0.65078125 0.5625 0.01796875 0.0796875
2 0.2546875 0.43984375 0.0125 0.053125
2 0.5828125 0.52578125 0.01875 0.0703125
2 0.1984375 0.52421875 0.02578125 0.0671875
1 0.878125 0.47890625 0.0171875 0.07421875
2 0.215625 0.5140625 0.0171875 0.065625
2 0.27109375 0.475 0.015625 0.05625
2 0.36796875 0.45078125 0.01484375 0.0515625
0 0.22734375 0.53984375 0.0046875 0.01015625