1 0.05234375 0.50390625 0.01640625 0.03828125
2 0.15 0.66328125 0.009375 0.04609375
2 0.215625 0.6328125 0.01328125 0.0375
2 0.25859375 0.63046875 0.0125 0.0375
2 0.28203125 0.63046875 0.0109375 0.03671875
2 0.2703125 0.70078125 0.009375 0.05078125
2 0.2484375 0.72265625 0.01484375 0.04765625
2 0.19453125 0.496875 0.00859375 0.0328125
2 0.2671875 0.525 0.01171875 0.03671875
2 0.38203125 0.63125 0.009375 0.03828125
2 0.325 0.409375 0.00625 0.0296875
2 0.396875 0.4171875 0.0078125 0.02734375
2 0.390625 0.63203125 0.0125 0.0421875
0 0.25625 0.6671875 0.00390625 0.01015625
3 0.30703125 0.34140625 0.00625 0.02421875
3 0.62890625 0.7328125 0.0109375 0.04765625
3 0.475 0.4984375 0.00703125 0.03359375
1 0.90703125 0.47265625 0.01015625 0.034375
2 0.4609375 0.3578125 0.00625 0.02265625
2 0.49921875 0.715625 0.01875 0.04921875
2 0.53671875 0.68359375 0.0125 0.046875
2 0.59375 0.571875 0.0171875 0.03359375
2 0.57265625 0.5234375 0.0078125 0.03515625
2 0.57734375 0.4875 0.009375 0.034375
2 0.5109375 0.415625 0.00703125 0.02890625
2 0.46796875 0.43046875 0.00625 0.02578125