3 0.47421875 0.37734375 0.01015625 0.05
3 0.275 0.2671875 0.0109375 0.04453125
2 0.25703125 0.821875 0.01640625 0.078125
2 0.2984375 0.565625 0.0171875 0.06484375
2 0.24921875 0.4421875 0.0140625 0.05234375
2 0.2546875 0.35234375 0.00859375 0.0515625
2 0.36796875 0.3984375 0.01484375 0.05390625
2 0.40390625 0.3890625 0.00859375 0.0484375
2 0.4671875 0.5046875 0.01171875 0.0609375
2 0.36328125 0.284375 0.00859375 0.046875
2 0.41640625 0.3125 0.01328125 0.05234375
2 0.4265625 0.32265625 0.01484375 0.04609375
2 0.44296875 0.32109375 0.01328125 0.0453125
2 0.45625 0.26328125 0.01015625 0.04140625
2 0.8484375 0.4671875 0.0109375 0.06015625
2 0.7890625 0.34375 0.009375 0.05234375
2 0.6640625 0.26015625 0.01171875 0.03515625
2 0.61171875 0.27890625 0.009375 0.03671875
2 0.60703125 0.275 0.00859375 0.04140625
2 0.5796875 0.334375 0.01171875 0.04375
2 0.57578125 0.3640625 0.0109375 0.04609375
2 0.590625 0.4078125 0.01328125 0.0578125