2 0.5265625 0.60390625 0.03828125 0.1359375
2 0.57734375 0.57265625 0.03359375 0.15625
2 0.4421875 0.640625 0.028125 0.12578125
2 0.8046875 0.55 0.0359375 0.14921875
2 0.6640625 0.59140625 0.0390625 0.1546875
2 0.9125 0.59765625 0.03203125 0.16875
2 0.81328125 0.6734375 0.0296875 0.15078125
2 0.86953125 0.62109375 0.0328125 0.17265625
2 0.2875 0.69375 0.04140625 0.1421875
0 0.41875 0.77890625 0.015625 0.02890625
2 0.63125 0.6046875 0.03984375 0.1421875
2 0.33828125 0.71171875 0.08125 0.15703125
2 0.3453125 0.62109375 0.04453125 0.14375
1 0.371875 0.61171875 0.0375 0.1265625