2 0.1265625 0.73984375 0.02578125 0.059375
2 0.2953125 0.6953125 0.015625 0.05234375
2 0.33828125 0.6234375 0.01953125 0.04453125
2 0.47734375 0.590625 0.01328125 0.0453125
1 0.865625 0.44765625 0.01015625 0.04453125
3 0.7484375 0.8265625 0.02109375 0.05234375
2 0.23828125 0.57734375 0.0140625 0.04140625
2 0.56875 0.48203125 0.0125 0.04453125
2 0.31328125 0.42890625 0.00859375 0.03984375
2 0.59453125 0.51796875 0.01328125 0.04609375
2 0.6296875 0.6265625 0.0125 0.05390625
2 0.61484375 0.565625 0.01015625 0.05
2 0.51875 0.4 0.00859375 0.03828125
2 0.43984375 0.41328125 0.009375 0.03828125
2 0.4359375 0.47109375 0.0125 0.03359375
2 0.43203125 0.33671875 0.00859375 0.03359375
3 0.53515625 0.47421875 0.009375 0.040625
2 0.1625 0.58828125 0.0125 0.05078125
2 0.4046875 0.6578125 0.00859375 0.05
2 0.390625 0.8328125 0.0109375 0.06640625
2 0.3703125 0.56484375 0.015625 0.0453125
2 0.18203125 0.45625 0.0125 0.04375
0 0.1671875 0.6140625 0.00625 0.009375
2 0.63046875 0.59453125 0.0125 0.05234375