2 0.29609375 0.684375 0.03515625 0.07265625
2 0.44375 0.684375 0.02578125 0.07421875
2 0.61484375 0.65859375 0.01640625 0.07890625
3 0.728125 0.63359375 0.0234375 0.07734375
2 0.8484375 0.5453125 0.0140625 0.0609375
2 0.49453125 0.69296875 0.01953125 0.0828125
2 0.890625 0.59375 0.01640625 0.07421875
2 0.9078125 0.703125 0.01484375 0.09296875
2 0.584375 0.565625 0.0140625 0.07109375
2 0.78984375 0.55546875 0.015625 0.065625
3 0.91953125 0.4609375 0.01484375 0.05
2 0.83125 0.559375 0.0140625 0.065625
2 0.703125 0.52421875 0.015625 0.05546875
2 0.66328125 0.55546875 0.01328125 0.06640625
2 0.76640625 0.55546875 0.01328125 0.07109375
2 0.68515625 0.546875 0.01171875 0.05546875
0 0.325 0.715625 0.00703125 0.01328125
2 0.88671875 0.45625 0.01328125 0.05
2 0.75078125 0.5453125 0.0125 0.0671875
2 0.65390625 0.5546875 0.01328125 0.065625
2 0.70546875 0.56953125 0.01171875 0.06953125
2 0.69296875 0.57421875 0.015625 0.07265625
2 0.69453125 0.5234375 0.01171875 0.0421875
1 0.59296875 0.5359375 0.015625 0.06953125