1 0.8765625 0.48359375 0.00859375 0.03125
2 0.78203125 0.50546875 0.009375 0.03046875
2 0.77421875 0.48125 0.00703125 0.02890625
2 0.75625 0.46015625 0.009375 0.028125
2 0.7296875 0.4734375 0.00625 0.03046875
2 0.72109375 0.46953125 0.00625 0.02890625
2 0.725 0.465625 0.0046875 0.03046875
2 0.71796875 0.50625 0.00703125 0.0328125
2 0.6765625 0.44453125 0.00546875 0.02734375
2 0.66328125 0.428125 0.01015625 0.02578125
2 0.6453125 0.4078125 0.00859375 0.0203125
3 0.63515625 0.47578125 0.00703125 0.0265625
3 0.675 0.38203125 0.00703125 0.02109375
0 0.634375 0.41640625 0.003125 0.00625
2 0.5984375 0.4515625 0.00625 0.03125
2 0.59296875 0.4203125 0.00625 0.0234375
2 0.55078125 0.43046875 0.00625 0.02734375
2 0.50859375 0.47734375 0.00625 0.03046875
2 0.46953125 0.56796875 0.0140625 0.040625
2 0.46953125 0.54921875 0.00625 0.03203125
2 0.37890625 0.528125 0.01015625 0.0390625
2 0.39296875 0.45390625 0.00546875 0.0328125
2 0.36484375 0.47421875 0.00625 0.03359375
2 0.1875 0.56875 0.01015625 0.034375
1 0.046875 0.50234375 0.0078125 0.0375
3 0.2984375 0.82109375 0.01640625 0.05