3 0.909375 0.975 0.0234375 0.05
2 0.81484375 0.6765625 0.01484375 0.0765625
2 0.8375 0.41640625 0.01484375 0.05625
2 0.82890625 0.34140625 0.00703125 0.04765625
0 0.82421875 0.36015625 0.00546875 0.01015625
2 0.73984375 0.3203125 0.00859375 0.034375
2 0.69453125 0.2828125 0.00703125 0.0359375
2 0.7078125 0.39453125 0.0125 0.04921875
2 0.675 0.496875 0.0109375 0.0625
2 0.6296875 0.43515625 0.009375 0.05
2 0.596875 0.30390625 0.01015625 0.04453125
2 0.58125 0.3609375 0.009375 0.03984375
3 0.54140625 0.4765625 0.0078125 0.05703125
3 0.5234375 0.2484375 0.00859375 0.03203125
2 0.52109375 0.3 0.00859375 0.04140625
2 0.5140625 0.29921875 0.00859375 0.04140625
2 0.51328125 0.340625 0.01015625 0.03515625
2 0.4734375 0.35078125 0.01328125 0.03984375
2 0.4828125 0.4296875 0.0125 0.05234375
2 0.5046875 0.45 0.009375 0.05234375
2 0.5484375 0.53828125 0.01015625 0.059375
2 0.45390625 0.42734375 0.009375 0.053125
2 0.38359375 0.621875 0.01328125 0.071875
2 0.26484375 0.809375 0.01328125 0.07421875
1 0.1640625 0.39453125 0.009375 0.053125
2 0.025 0.89453125 0.02734375 0.08203125