2 0.15703125 0.76171875 0.02421875 0.06484375
2 0.121875 0.63671875 0.015625 0.0625
2 0.7140625 0.67421875 0.0171875 0.06171875
2 0.39921875 0.77265625 0.0171875 0.0640625
2 0.634375 0.5453125 0.01171875 0.0546875
2 0.38515625 0.73984375 0.01328125 0.065625
2 0.3375 0.55078125 0.01328125 0.05078125
2 0.59609375 0.7 0.0203125 0.065625
2 0.26796875 0.43359375 0.01484375 0.04375
1 0.85234375 0.42265625 0.01171875 0.0515625
3 0.77890625 0.76015625 0.01015625 0.06171875
2 0.3203125 0.7765625 0.0140625 0.059375
2 0.49453125 0.38828125 0.01015625 0.0421875
2 0.425 0.5921875 0.0109375 0.053125
2 0.37734375 0.32890625 0.0125 0.03125
3 0.44296875 0.68984375 0.01328125 0.04765625
2 0.3140625 0.65703125 0.015625 0.03671875
0 0.39140625 0.79453125 0.0078125 0.01640625
3 0.41484375 0.47890625 0.0140625 0.05078125
2 0.5921875 0.4828125 0.0109375 0.03984375
2 0.590625 0.45234375 0.009375 0.034375
2 0.4328125 0.42109375 0.0109375 0.04140625
2 0.25078125 0.734375 0.01171875 0.06484375
2 0.16875 0.459375 0.0171875 0.04765625