1 0.88671875 0.4796875 0.00625 0.03203125
2 0.78046875 0.5703125 0.0109375 0.0375
2 0.7546875 0.5078125 0.009375 0.02734375
2 0.75625 0.4890625 0.00625 0.0234375
2 0.7421875 0.475 0.00703125 0.02421875
3 0.68203125 0.51484375 0.00703125 0.0296875
2 0.65859375 0.4828125 0.0109375 0.0296875
2 0.66328125 0.4375 0.009375 0.021875
2 0.67109375 0.42734375 0.00703125 0.0234375
2 0.65703125 0.42265625 0.01015625 0.01875
2 0.62421875 0.4515625 0.00703125 0.02578125
2 0.59140625 0.4609375 0.01015625 0.02890625
2 0.53828125 0.4578125 0.009375 0.028125
3 0.67109375 0.38203125 0.00703125 0.02265625
0 0.678125 0.43984375 0.003125 0.00546875
2 0.096875 0.540625 0.00703125 0.034375
2 0.121875 0.49609375 0.0078125 0.03515625
3 0.16640625 0.7921875 0.0125 0.0515625
2 0.2890625 0.465625 0.0109375 0.03125
2 0.3 0.47265625 0.01015625 0.0296875
2 0.3296875 0.5171875 0.0125 0.0328125
2 0.38359375 0.52578125 0.0109375 0.03671875
2 0.37890625 0.4984375 0.01015625 0.03203125
2 0.4234375 0.45234375 0.0078125 0.0265625
2 0.47734375 0.53203125 0.0078125 0.034375
2 0.48359375 0.46796875 0.00703125 0.03046875