2 0.82265625 0.56796875 0.0234375 0.05078125
2 0.71875 0.44921875 0.01953125 0.0359375
2 0.75234375 0.7109375 0.015625 0.06875
2 0.48359375 0.54140625 0.009375 0.05
2 0.23125 0.696875 0.0140625 0.0671875
2 0.803125 0.61875 0.0140625 0.0609375
2 0.2890625 0.3953125 0.0109375 0.04453125
2 0.2109375 0.4828125 0.0125 0.0515625
3 0.53203125 0.49296875 0.0125 0.05234375
2 0.53359375 0.54609375 0.0125 0.05703125
2 0.684375 0.55234375 0.01171875 0.05078125
2 0.33125 0.58203125 0.01328125 0.0546875
2 0.49375 0.39765625 0.009375 0.04453125
2 0.49609375 0.30703125 0.01015625 0.0375
2 0.6234375 0.37734375 0.01328125 0.04453125
2 0.65078125 0.53125 0.01328125 0.05234375
3 0.1765625 0.80078125 0.0171875 0.0609375
2 0.409375 0.43359375 0.01015625 0.0453125
2 0.775 0.628125 0.0109375 0.065625
2 0.57265625 0.3046875 0.00859375 0.034375
2 0.66953125 0.47109375 0.015625 0.0453125
2 0.7453125 0.44453125 0.0125 0.0421875
0 0.74609375 0.6796875 0.00625 0.0109375
1 0.84765625 0.3671875 0.01484375 0.04296875