2 0.86328125 0.4765625 0.01015625 0.04375
2 0.83515625 0.49375 0.0125 0.05078125
1 0.803125 0.4265625 0.01171875 0.04453125
2 0.728125 0.421875 0.015625 0.046875
2 0.6984375 0.4359375 0.00859375 0.04609375
2 0.70234375 0.52890625 0.0140625 0.04765625
2 0.65078125 0.47578125 0.009375 0.040625
2 0.6359375 0.4296875 0.0078125 0.040625
2 0.62578125 0.384375 0.0109375 0.03984375
2 0.6375 0.59609375 0.01171875 0.0546875
2 0.5578125 0.39375 0.00625 0.0390625
2 0.5203125 0.43046875 0.00703125 0.04140625
2 0.42109375 0.421875 0.009375 0.03203125
2 0.37734375 0.3671875 0.01171875 0.03828125
3 0.47578125 0.50625 0.0109375 0.05
2 0.35390625 0.396875 0.00625 0.040625
2 0.33359375 0.5 0.0109375 0.04609375
2 0.296875 0.50859375 0.01328125 0.03984375
2 0.23203125 0.6140625 0.01171875 0.05234375
2 0.19453125 0.6359375 0.0171875 0.0609375
2 0.16875 0.44765625 0.01015625 0.0484375
2 0.0875 0.55859375 0.00859375 0.05390625
3 0.05625 0.359375 0.01015625 0.0390625