3 0.834375 0.2671875 0.00859375 0.03203125
2 0.778125 0.440625 0.01171875 0.05078125
2 0.91171875 0.6 0.01328125 0.06171875
2 0.78828125 0.60390625 0.01640625 0.05859375
2 0.778125 0.7765625 0.01484375 0.06953125
2 0.7609375 0.784375 0.02421875 0.06875
2 0.5296875 0.4609375 0.00859375 0.04453125
2 0.49609375 0.6484375 0.01328125 0.05625
2 0.4921875 0.6671875 0.01328125 0.0578125
2 0.64765625 0.5609375 0.01171875 0.0578125
2 0.63828125 0.67109375 0.01171875 0.06171875
2 0.6140625 0.78125 0.0171875 0.06484375
2 0.5828125 0.79375 0.0140625 0.07890625
2 0.65078125 0.33203125 0.009375 0.03828125
3 0.5671875 0.4828125 0.01015625 0.05
2 0.4515625 0.384375 0.00859375 0.04296875
2 0.396875 0.44296875 0.01015625 0.0484375
2 0.4375 0.44375 0.00859375 0.046875
2 0.33515625 0.37734375 0.00859375 0.03671875
2 0.33671875 0.51875 0.02421875 0.03984375
2 0.30078125 0.659375 0.02109375 0.0546875
2 0.3609375 0.684375 0.0265625 0.06328125
1 0.12109375 0.38984375 0.0140625 0.046875
3 0.16328125 0.734375 0.02265625 0.06015625