3 0.98828125 0.5390625 0.0234375 0.1453125
2 0.88671875 0.6125 0.05390625 0.171875
2 0.70234375 0.3953125 0.040625 0.10078125
2 0.80703125 0.46484375 0.04140625 0.12265625
2 0.3671875 0.5796875 0.03828125 0.15234375
2 0.73046875 0.428125 0.040625 0.1140625
2 0.29921875 0.58984375 0.0328125 0.15703125
2 0.334375 0.62578125 0.03515625 0.16953125
2 0.1390625 0.59375 0.02890625 0.17578125
2 0.84453125 0.4109375 0.03515625 0.10859375
2 0.20703125 0.5140625 0.0296875 0.10859375
0 0.88203125 0.46484375 0.01015625 0.01953125
2 0.02734375 0.61015625 0.028125 0.1859375
2 0.07421875 0.596875 0.040625 0.1703125
2 0.11328125 0.56953125 0.03359375 0.1703125
2 0.175 0.54609375 0.03359375 0.171875
2 0.21484375 0.628125 0.04375 0.1703125
2 0.24375 0.56953125 0.03203125 0.171875
2 0.278125 0.65 0.040625 0.1796875