3 0.9796875 0.55078125 0.0390625 0.15546875
2 0.903125 0.615625 0.04921875 0.17265625
0 0.828125 0.475 0.01171875 0.02421875
2 0.84296875 0.421875 0.03359375 0.11953125
2 0.7546875 0.44765625 0.03125 0.09140625
2 0.253125 0.55859375 0.04296875 0.153125
2 0.69375 0.4078125 0.0359375 0.09765625
2 0.6796875 0.46640625 0.03125 0.13046875
2 0.39296875 0.5671875 0.0421875 0.1578125
2 0.1765625 0.55625 0.02421875 0.121875
2 0.03046875 0.6328125 0.0453125 0.16484375
2 0.0140625 0.584375 0.028125 0.1375
2 0.03515625 0.52578125 0.0296875 0.08984375
2 0.06953125 0.5671875 0.02890625 0.175
2 0.09140625 0.61171875 0.0328125 0.1671875
2 0.11953125 0.54921875 0.03359375 0.16484375
2 0.14296875 0.61171875 0.0390625 0.16640625
2 0.196875 0.49375 0.0265625 0.08515625
2 0.196875 0.59375 0.04609375 0.16171875