2 0.43046875 0.44140625 0.0109375 0.05234375
2 0.48671875 0.5296875 0.01328125 0.0609375
2 0.52890625 0.31328125 0.01328125 0.03828125
2 0.45234375 0.3109375 0.0125 0.040625
2 0.4296875 0.31875 0.01171875 0.0359375
2 0.471875 0.38828125 0.01484375 0.04921875
2 0.378125 0.4375 0.01328125 0.0546875
2 0.33671875 0.59140625 0.01484375 0.06484375
2 0.24609375 0.78203125 0.01640625 0.075
2 0.5515625 0.275 0.0109375 0.04453125
2 0.5875 0.2515625 0.01484375 0.03515625
2 0.63046875 0.2609375 0.00703125 0.0375
2 0.63828125 0.2671875 0.0125 0.040625
2 0.621875 0.4921875 0.0125 0.06484375
2 0.69921875 0.3421875 0.00859375 0.03984375
2 0.70234375 0.37109375 0.01484375 0.04765625
2 0.834375 0.3109375 0.00703125 0.05
2 0.86484375 0.43828125 0.0125 0.05859375
2 0.88984375 0.60234375 0.0171875 0.07265625
3 0.58984375 0.4375 0.01171875 0.05234375
3 0.4921875 0.228125 0.01328125 0.0359375
0 0.6484375 0.26953125 0.0046875 0.0125
1 0.1265625 0.36640625 0.01171875 0.0515625