0 0.27265625 0.7078125 0.01171875 0.02890625
2 0.575 0.6125 0.0203125 0.12578125
2 0.93515625 0.62109375 0.02734375 0.16796875
2 0.4078125 0.62265625 0.025 0.1578125
2 0.31640625 0.63515625 0.0421875 0.16484375
2 0.625 0.57578125 0.02578125 0.1609375
2 0.70234375 0.55390625 0.02734375 0.134375
2 0.73515625 0.60390625 0.03828125 0.15390625
2 0.57421875 0.55703125 0.028125 0.1125
1 0.284375 0.64296875 0.0328125 0.08046875
2 0.92890625 0.54765625 0.02890625 0.0890625
2 0.49140625 0.6015625 0.028125 0.16328125
2 0.45625 0.609375 0.0359375 0.15859375
2 0.38984375 0.678125 0.0421875 0.16484375
2 0.23671875 0.7203125 0.04140625 0.1921875