1 0.83359375 0.37890625 0.00625 0.04296875
2 0.7421875 0.43828125 0.0078125 0.0421875
2 0.7953125 0.54296875 0.009375 0.04765625
2 0.8296875 0.5609375 0.0109375 0.05234375
2 0.734375 0.4390625 0.009375 0.0375
2 0.70546875 0.41640625 0.009375 0.034375
2 0.6359375 0.36875 0.01015625 0.0359375
2 0.559375 0.33359375 0.01171875 0.0296875
2 0.58828125 0.38984375 0.009375 0.0390625
2 0.66484375 0.4359375 0.00703125 0.03671875
2 0.675 0.4609375 0.0125 0.03515625
2 0.690625 0.490625 0.009375 0.04453125
2 0.70078125 0.46953125 0.009375 0.0453125
2 0.621875 0.540625 0.009375 0.0484375
2 0.50859375 0.5171875 0.01015625 0.0453125
2 0.4421875 0.4125 0.0140625 0.0390625
2 0.44375 0.5234375 0.009375 0.04765625
2 0.4578125 0.68984375 0.0125 0.0609375
3 0.52109375 0.45703125 0.01015625 0.03984375
3 0.159375 0.32109375 0.00859375 0.0328125
2 0.275 0.4390625 0.0140625 0.04609375
2 0.13515625 0.58671875 0.0171875 0.053125
2 0.4171875 0.70390625 0.0109375 0.06328125