2 0.91015625 0.64921875 0.021875 0.0578125
2 0.7984375 0.471875 0.01015625 0.05
2 0.60234375 0.61953125 0.01328125 0.05078125
2 0.6734375 0.36796875 0.0078125 0.03671875
2 0.6296875 0.4578125 0.01328125 0.04140625
3 0.59765625 0.49921875 0.0140625 0.04375
2 0.5734375 0.625 0.01796875 0.053125
2 0.475 0.7703125 0.01640625 0.0640625
2 0.4265625 0.7171875 0.015625 0.05546875
2 0.4328125 0.634375 0.01796875 0.053125
2 0.52265625 0.49921875 0.01328125 0.0421875
2 0.51015625 0.41796875 0.0125 0.04140625
2 0.4578125 0.46875 0.01171875 0.0421875
2 0.44375 0.46640625 0.01171875 0.04296875
2 0.40546875 0.525 0.0109375 0.05
2 0.41796875 0.63828125 0.0125 0.06015625
2 0.33984375 0.64609375 0.01328125 0.06171875
2 0.35 0.71171875 0.0125 0.0453125
2 0.3515625 0.7375 0.0140625 0.0578125
2 0.29609375 0.63671875 0.0140625 0.05546875
2 0.221875 0.52890625 0.01328125 0.0484375
3 0.1734375 0.6890625 0.01640625 0.0546875
1 0.35546875 0.396875 0.01015625 0.040625
0 0.4515625 0.7734375 0.00859375 0.015625