2 0.23671875 0.57890625 0.01171875 0.0328125
2 0.2515625 0.51171875 0.01015625 0.03046875
1 0.11484375 0.48046875 0.00703125 0.03125
2 0.2640625 0.49296875 0.01171875 0.0265625
2 0.26796875 0.48046875 0.00703125 0.02578125
3 0.328125 0.5234375 0.01171875 0.03125
3 0.3328125 0.38125 0.00625 0.0234375
2 0.34140625 0.4234375 0.00703125 0.02734375
2 0.35390625 0.44296875 0.00625 0.0265625
2 0.36875 0.4828125 0.015625 0.0265625
2 0.3859375 0.45625 0.0078125 0.02578125
2 0.42890625 0.46328125 0.0078125 0.02734375
2 0.4796875 0.45625 0.0078125 0.028125
2 0.5328125 0.5296875 0.0125 0.0328125
2 0.5359375 0.46796875 0.01015625 0.0328125
2 0.590625 0.45703125 0.0078125 0.02734375
2 0.63359375 0.49765625 0.00703125 0.03046875
2 0.63515625 0.528125 0.0140625 0.02890625
2 0.6828125 0.51640625 0.00703125 0.034375
2 0.709375 0.4734375 0.00703125 0.03125
2 0.7234375 0.46796875 0.0109375 0.03046875
1 0.86875 0.49296875 0.00859375 0.0328125
2 0.903125 0.53671875 0.009375 0.03359375
3 0.8578125 0.784375 0.01875 0.0484375