2 0.77421875 0.7109375 0.01953125 0.059375
2 0.43359375 0.64765625 0.0171875 0.05234375
2 0.83671875 0.615625 0.015625 0.05
2 0.81328125 0.5203125 0.0125 0.0484375
2 0.66328125 0.44375 0.00859375 0.0421875
2 0.48828125 0.553125 0.01484375 0.04609375
2 0.184375 0.56015625 0.01484375 0.05
2 0.38671875 0.55078125 0.01328125 0.0453125
2 0.2171875 0.4953125 0.01484375 0.04140625
2 0.87890625 0.646875 0.01953125 0.04375
2 0.7390625 0.70234375 0.01796875 0.0640625
2 0.53046875 0.44453125 0.0125 0.040625
3 0.4359375 0.54296875 0.0125 0.0453125
2 0.5390625 0.47578125 0.0140625 0.0421875
2 0.21171875 0.56484375 0.01796875 0.03828125
1 0.115625 0.471875 0.015625 0.02421875
3 0.93203125 0.93828125 0.028125 0.0671875
0 0.18984375 0.575 0.00390625 0.00703125
2 0.2984375 0.48359375 0.01171875 0.03828125
2 0.27265625 0.46953125 0.009375 0.0375
2 0.24375 0.51796875 0.01171875 0.03359375
2 0.2328125 0.51796875 0.01171875 0.03671875
2 0.18671875 0.54296875 0.0125 0.03359375
0 0.371875 0.409375 0.009375 0.03125