2 0.62578125 0.64921875 0.0203125 0.05
2 0.559375 0.61015625 0.01640625 0.04921875
2 0.44140625 0.63671875 0.01796875 0.05078125
2 0.44296875 0.54765625 0.0125 0.04609375
2 0.47890625 0.64296875 0.01875 0.04765625
2 0.73515625 0.60859375 0.0296875 0.046875
2 0.3171875 0.728125 0.01640625 0.05546875
2 0.39453125 0.56953125 0.0140625 0.05
2 0.21484375 0.63359375 0.01484375 0.04921875
2 0.58203125 0.64921875 0.01484375 0.05234375
2 0.39921875 0.69375 0.01484375 0.05546875
3 0.7796875 0.78125 0.0203125 0.040625
2 0.29609375 0.52109375 0.015625 0.04296875
2 0.24765625 0.6671875 0.01171875 0.05625
2 0.62578125 0.4140625 0.01640625 0.0359375
0 0.725 0.6390625 0.00625 0.01171875
2 0.7546875 0.58203125 0.0203125 0.0578125
2 0.63828125 0.4546875 0.01328125 0.0390625
3 0.4984375 0.49296875 0.01640625 0.0453125
2 0.4453125 0.375 0.01171875 0.03671875
2 0.50546875 0.325 0.01171875 0.0296875
2 0.3671875 0.38359375 0.01171875 0.0375
2 0.240625 0.465625 0.01171875 0.03828125