2 0.4734375 0.60390625 0.03828125 0.1359375
2 0.42265625 0.57265625 0.03359375 0.15625
2 0.5578125 0.640625 0.028125 0.12578125
2 0.1953125 0.55 0.0359375 0.14921875
2 0.3359375 0.59140625 0.0390625 0.1546875
2 0.0875 0.59765625 0.03203125 0.16875
2 0.18671875 0.6734375 0.0296875 0.15078125
2 0.13046875 0.62109375 0.0328125 0.17265625
2 0.7125 0.69375 0.04140625 0.1421875
0 0.58125 0.77890625 0.015625 0.02890625
2 0.36875 0.6046875 0.03984375 0.1421875
2 0.66171875 0.71171875 0.08125 0.15703125
2 0.6546875 0.62109375 0.04453125 0.14375
1 0.628125 0.61171875 0.0375 0.1265625