1 0.8671875 0.45 0.0078125 0.04765625
2 0.9203125 0.51796875 0.01015625 0.0453125
2 0.84921875 0.4859375 0.009375 0.025
2 0.840625 0.4859375 0.0109375 0.03203125
2 0.78515625 0.43671875 0.0125 0.04453125
2 0.72578125 0.40625 0.0078125 0.04375
2 0.696875 0.4609375 0.0109375 0.04453125
2 0.7265625 0.590625 0.01484375 0.053125
2 0.65 0.396875 0.0078125 0.0375
2 0.6421875 0.39453125 0.0078125 0.03984375
2 0.5875 0.371875 0.0078125 0.03515625
2 0.56484375 0.40625 0.00859375 0.03828125
2 0.51640625 0.353125 0.0078125 0.03515625
2 0.46484375 0.4359375 0.0109375 0.04140625
2 0.4515625 0.3984375 0.01171875 0.040625
3 0.53359375 0.46640625 0.01015625 0.04375
3 0.0609375 0.3640625 0.009375 0.03828125
2 0.08125 0.56484375 0.01015625 0.053125
2 0.21484375 0.45390625 0.00859375 0.04765625
2 0.2890625 0.5078125 0.01328125 0.03125
2 0.3 0.5015625 0.01171875 0.046875
2 0.28125 0.615625 0.00859375 0.05546875
2 0.259375 0.62890625 0.01171875 0.053125