3 0.5140625 0.409375 0.009375 0.04921875
3 0.803125 0.31484375 0.01015625 0.0421875
2 0.71796875 0.56640625 0.01015625 0.06015625
2 0.859375 0.4484375 0.01171875 0.05
2 0.78046875 0.3640625 0.01015625 0.046875
2 0.6640625 0.3859375 0.009375 0.04296875
2 0.60859375 0.40703125 0.009375 0.046875
2 0.578125 0.45546875 0.0125 0.0421875
2 0.5609375 0.4421875 0.0109375 0.04921875
2 0.48203125 0.3875 0.0078125 0.046875
2 0.5203125 0.3109375 0.00859375 0.040625
2 0.49140625 0.3421875 0.00859375 0.04296875
2 0.50078125 0.3703125 0.0109375 0.04140625
2 0.4515625 0.58671875 0.0140625 0.0609375
2 0.3703125 0.48125 0.01171875 0.05625
2 0.41484375 0.75546875 0.0171875 0.07578125
2 0.40546875 0.4015625 0.00703125 0.04453125
2 0.2953125 0.50390625 0.0140625 0.05234375
2 0.253125 0.353125 0.00859375 0.04375
2 0.28828125 0.4140625 0.0140625 0.05234375
2 0.278125 0.45234375 0.0109375 0.05625
2 0.1890625 0.3125 0.009375 0.0453125
1 0.1328125 0.390625 0.01328125 0.0515625