3 0.73515625 0.56875 0.01875 0.0765625
2 0.7109375 0.46328125 0.02109375 0.0578125
2 0.64765625 0.5046875 0.02109375 0.06015625
2 0.48046875 0.56875 0.0203125 0.08359375
2 0.5875 0.47421875 0.01953125 0.06328125
2 0.73828125 0.6640625 0.0359375 0.08984375
2 0.89140625 0.5734375 0.0203125 0.08125
2 0.34921875 0.5625 0.01796875 0.0796875
2 0.7453125 0.43984375 0.0125 0.053125
2 0.4171875 0.52578125 0.01875 0.0703125
2 0.8015625 0.52421875 0.02578125 0.0671875
1 0.121875 0.47890625 0.0171875 0.07421875
2 0.784375 0.5140625 0.0171875 0.065625
2 0.72890625 0.475 0.015625 0.05625
2 0.63203125 0.45078125 0.01484375 0.0515625
0 0.77265625 0.53984375 0.0046875 0.01015625