3 0.94140625 0.95703125 0.021875 0.0546875
1 0.14609375 0.35234375 0.0125 0.05078125
3 0.5484375 0.43984375 0.0125 0.05546875
3 0.5125 0.20234375 0.0125 0.0375
2 0.78515625 0.31953125 0.01640625 0.0453125
2 0.68515625 0.21640625 0.0078125 0.03984375
2 0.6015625 0.21796875 0.0109375 0.040625
2 0.63125 0.2625 0.00859375 0.0484375
2 0.72265625 0.25078125 0.00859375 0.04140625
2 0.83046875 0.3328125 0.0140625 0.053125
2 0.865625 0.40703125 0.01953125 0.06015625
2 0.8234375 0.65703125 0.01796875 0.07890625
2 0.721875 0.42265625 0.01484375 0.05703125
2 0.67734375 0.3734375 0.0109375 0.0484375
2 0.68828125 0.4890625 0.01171875 0.0609375
2 0.52734375 0.2953125 0.0125 0.03984375
2 0.51953125 0.30703125 0.00703125 0.04296875
2 0.53828125 0.3859375 0.01015625 0.05546875
2 0.44765625 0.4015625 0.0109375 0.053125
2 0.41640625 0.42734375 0.0140625 0.0546875
2 0.50859375 0.509375 0.01171875 0.0578125
2 0.309375 0.59375 0.01875 0.0671875
2 0.19453125 0.7859375 0.02109375 0.075
2 0.4296875 0.3484375 0.01015625 0.04765625