2 0.196875 0.47265625 0.0234375 0.04375
2 0.17734375 0.62109375 0.01484375 0.0625
2 0.15 0.8 0.01875 0.078125
2 0.3140625 0.43359375 0.01171875 0.05234375
2 0.2765625 0.38203125 0.01015625 0.046875
2 0.33671875 0.3453125 0.015625 0.046875
2 0.34765625 0.29296875 0.009375 0.040625
2 0.3921875 0.35546875 0.0125 0.04765625
2 0.446875 0.34453125 0.009375 0.0390625
2 0.4 0.28359375 0.00859375 0.04453125
2 0.390625 0.415625 0.0109375 0.046875
2 0.4734375 0.52421875 0.01328125 0.05390625
3 0.265625 0.2734375 0.0140625 0.0390625
3 0.440625 0.40390625 0.01484375 0.0515625
2 0.89921875 0.5484375 0.01484375 0.0671875
2 0.53984375 0.39296875 0.01484375 0.05078125
2 0.6046875 0.35078125 0.01171875 0.040625
2 0.60234375 0.4546875 0.0125 0.0609375
2 0.59140625 0.29921875 0.00859375 0.0421875
2 0.625 0.28671875 0.0109375 0.034375
2 0.640625 0.26796875 0.0078125 0.04375
2 0.83125 0.353125 0.01484375 0.04921875
0 0.78984375 0.33984375 0.00625 0.0125