2 0.70390625 0.696875 0.01484375 0.05703125
2 0.6953125 0.59375 0.01328125 0.05234375
2 0.4671875 0.66015625 0.01640625 0.05078125
2 0.38203125 0.46015625 0.01171875 0.03828125
2 0.6671875 0.621875 0.0140625 0.046875
2 0.6265625 0.4859375 0.0109375 0.04375
2 0.38671875 0.7421875 0.01796875 0.05546875
2 0.68203125 0.80703125 0.015625 0.065625
2 0.3578125 0.5640625 0.0171875 0.04375
2 0.534375 0.5046875 0.009375 0.03984375
2 0.64140625 0.578125 0.0109375 0.05390625
2 0.1703125 0.6625 0.01171875 0.06015625
2 0.36953125 0.396875 0.0078125 0.0328125
2 0.60546875 0.440625 0.00859375 0.040625
3 0.9140625 0.78203125 0.01640625 0.06328125
1 0.81484375 0.45234375 0.009375 0.0421875
2 0.625 0.696875 0.0109375 0.05
2 0.4203125 0.5875 0.01328125 0.0515625
3 0.55625 0.50625 0.009375 0.04453125
2 0.60859375 0.48515625 0.009375 0.03984375
2 0.57265625 0.59453125 0.01328125 0.0546875
2 0.5171875 0.409375 0.01171875 0.03515625
2 0.1859375 0.46328125 0.0109375 0.05
0 0.39375 0.7546875 0.0046875 0.0078125