3 0.01171875 0.5390625 0.0234375 0.1453125
2 0.11328125 0.6125 0.05390625 0.171875
2 0.29765625 0.3953125 0.040625 0.10078125
2 0.19296875 0.46484375 0.04140625 0.12265625
2 0.6328125 0.5796875 0.03828125 0.15234375
2 0.26953125 0.428125 0.040625 0.1140625
2 0.70078125 0.58984375 0.0328125 0.15703125
2 0.665625 0.62578125 0.03515625 0.16953125
2 0.8609375 0.59375 0.02890625 0.17578125
2 0.15546875 0.4109375 0.03515625 0.10859375
2 0.79296875 0.5140625 0.0296875 0.10859375
0 0.11796875 0.46484375 0.01015625 0.01953125
2 0.97265625 0.61015625 0.028125 0.1859375
2 0.92578125 0.596875 0.040625 0.1703125
2 0.88671875 0.56953125 0.03359375 0.1703125
2 0.825 0.54609375 0.03359375 0.171875
2 0.78515625 0.628125 0.04375 0.1703125
2 0.75625 0.56953125 0.03203125 0.171875
2 0.721875 0.65 0.040625 0.1796875