2 0.87109375 0.69296875 0.0265625 0.084375
3 0.34375 0.62421875 0.015625 0.08671875
2 0.49140625 0.57265625 0.0140625 0.0765625
2 0.45390625 0.49296875 0.015625 0.0625
2 0.6265625 0.5609375 0.01953125 0.065625
2 0.115625 0.57421875 0.01953125 0.08359375
2 0.72265625 0.67265625 0.02109375 0.09921875
2 0.4328125 0.60390625 0.02265625 0.07890625
2 0.9109375 0.709375 0.02734375 0.09609375
2 0.5578125 0.51796875 0.01484375 0.06328125
2 0.79375 0.66328125 0.02109375 0.0890625
2 0.2234375 0.65703125 0.02421875 0.10078125
2 0.4359375 0.5234375 0.0140625 0.065625
2 0.80859375 0.71015625 0.025 0.1
2 0.05234375 0.475 0.01328125 0.05546875
3 0.3171875 0.43046875 0.0109375 0.05
2 0.421875 0.56171875 0.02109375 0.07109375
2 0.278125 0.51796875 0.01171875 0.0640625
0 0.80390625 0.746875 0.0078125 0.0140625
1 0.78125 0.50703125 0.0203125 0.07109375