3 0.05078125 0.79609375 0.01640625 0.0640625
3 0.26640625 0.42265625 0.01171875 0.04375
2 0.19765625 0.42578125 0.009375 0.04921875
2 0.18046875 0.46953125 0.01015625 0.04765625
2 0.175 0.49609375 0.01015625 0.05234375
2 0.128125 0.65625 0.0125 0.06171875
2 0.121875 0.7109375 0.01484375 0.071875
2 0.2375 0.375 0.01015625 0.040625
2 0.278125 0.40859375 0.01171875 0.0453125
2 0.30625 0.51796875 0.0140625 0.05
2 0.31171875 0.6328125 0.0109375 0.05546875
2 0.3296875 0.6796875 0.0109375 0.06484375
2 0.34609375 0.43359375 0.0109375 0.04453125
2 0.3640625 0.525 0.0078125 0.04609375
2 0.359375 0.36171875 0.009375 0.04140625
2 0.3890625 0.309375 0.0078125 0.0375
2 0.4484375 0.45546875 0.01171875 0.04609375
2 0.4109375 0.540625 0.01640625 0.04921875
2 0.52421875 0.56640625 0.01875 0.05546875
2 0.4828125 0.36875 0.01015625 0.04453125
3 0.5046875 0.22109375 0.00703125 0.03046875
2 0.553125 0.45703125 0.0125 0.046875
2 0.5640625 0.44375 0.0125 0.04375
1 0.909375 0.47109375 0.0125 0.05546875
0 0.84296875 0.52578125 0.00625 0.0140625