1 0.9296875 0.42578125 0.0171875 0.053125
0 0.81796875 0.5203125 0.00546875 0.009375
2 0.66015625 0.53515625 0.0171875 0.05390625
2 0.6203125 0.43046875 0.0140625 0.04921875
2 0.61484375 0.440625 0.0171875 0.04765625
2 0.52421875 0.33828125 0.00703125 0.04609375
2 0.48984375 0.4359375 0.01171875 0.05
2 0.47890625 0.5375 0.01875 0.053125
2 0.41484375 0.50625 0.0125 0.05234375
2 0.3953125 0.41796875 0.0125 0.04765625
2 0.3859375 0.33046875 0.0125 0.0453125
2 0.3875 0.27265625 0.0109375 0.03984375
2 0.42265625 0.67109375 0.009375 0.0671875
2 0.403125 0.6390625 0.02109375 0.06015625
2 0.34296875 0.51796875 0.01796875 0.05546875
2 0.29609375 0.38671875 0.01171875 0.046875
2 0.23125 0.35625 0.01328125 0.046875
2 0.17421875 0.41796875 0.0140625 0.053125
2 0.14765625 0.4578125 0.01328125 0.05546875
2 0.15 0.475 0.01328125 0.05625
2 0.11953125 0.66328125 0.01875 0.06640625
2 0.0890625 0.74453125 0.01875 0.08203125
3 0.25703125 0.41015625 0.01328125 0.05078125
3 0.5234375 0.2 0.00625 0.034375
3 0.03515625 0.83828125 0.025 0.07421875