2 0.89296875 0.52421875 0.0140625 0.0625
2 0.73125 0.2984375 0.01171875 0.04296875
0 0.71953125 0.31875 0.00546875 0.0109375
2 0.58828125 0.371875 0.01171875 0.04765625
2 0.5953125 0.43671875 0.01171875 0.0546875
2 0.6234375 0.465625 0.0109375 0.05859375
2 0.56875 0.28359375 0.01015625 0.040625
2 0.56640625 0.2546875 0.009375 0.03828125
2 0.496875 0.34453125 0.01015625 0.040625
2 0.49453125 0.54453125 0.01015625 0.06328125
3 0.42109375 0.4046875 0.0109375 0.05078125
3 0.28203125 0.25390625 0.01171875 0.0390625
2 0.32578125 0.38515625 0.0109375 0.04609375
2 0.2625 0.3734375 0.01171875 0.04609375
2 0.3921875 0.4234375 0.01484375 0.0484375
2 0.26875 0.515625 0.0109375 0.059375
2 0.2703125 0.6515625 0.01328125 0.06875
2 0.23359375 0.83515625 0.01796875 0.078125
2 0.3921875 0.2984375 0.01015625 0.0390625
2 0.38515625 0.25 0.01015625 0.0390625
2 0.33125 0.265625 0.009375 0.040625
2 0.41640625 0.30703125 0.00859375 0.03515625
2 0.4703125 0.3453125 0.01015625 0.04609375