3 0.48671875 0.4890625 0.0109375 0.05078125
3 0.55546875 0.21171875 0.0078125 0.03046875
1 0.2734375 0.35390625 0.0125 0.0421875
2 0.3015625 0.47734375 0.0125 0.05078125
2 0.3640625 0.4140625 0.0109375 0.046875
2 0.3546875 0.45 0.00703125 0.04921875
2 0.4046875 0.47734375 0.009375 0.04765625
2 0.43984375 0.375 0.01015625 0.04453125
2 0.515625 0.29453125 0.00625 0.040625
2 0.6171875 0.2640625 0.00703125 0.0375
2 0.478125 0.471875 0.009375 0.0484375
2 0.42421875 0.5734375 0.009375 0.06171875
2 0.44765625 0.6171875 0.0171875 0.05078125
2 0.2921875 0.5953125 0.02109375 0.053125
2 0.24296875 0.63359375 0.01640625 0.065625
2 0.19296875 0.621875 0.01484375 0.0609375
2 0.23125 0.66640625 0.0140625 0.0515625
2 0.22109375 0.70859375 0.01484375 0.0671875
0 0.359375 0.6875 0.0109375 0.01640625
3 0.98359375 0.93125 0.0328125 0.090625
2 0.7 0.76171875 0.01484375 0.08125
2 0.8859375 0.60078125 0.01484375 0.0671875
2 0.80859375 0.47109375 0.0125 0.05390625
2 0.66328125 0.39140625 0.0140625 0.04296875
2 0.63515625 0.44765625 0.0125 0.0515625