3 0.946875 0.76171875 0.0203125 0.06328125
3 0.71953125 0.4015625 0.009375 0.03984375
2 0.8234375 0.48828125 0.01484375 0.053125
2 0.86484375 0.6359375 0.0171875 0.06796875
2 0.765625 0.3703125 0.009375 0.0421875
2 0.75 0.3953125 0.00859375 0.046875
2 0.72578125 0.4359375 0.01015625 0.04453125
2 0.753125 0.515625 0.015625 0.0515625
2 0.79453125 0.4140625 0.0109375 0.04765625
2 0.81796875 0.4515625 0.01171875 0.0453125
2 0.8796875 0.61796875 0.01171875 0.0578125
2 0.7875 0.60546875 0.01171875 0.05546875
2 0.75546875 0.67421875 0.0140625 0.06640625
2 0.70234375 0.52109375 0.0140625 0.04765625
2 0.67421875 0.5484375 0.009375 0.0515625
2 0.67421875 0.36328125 0.0078125 0.04375
2 0.6390625 0.31953125 0.01015625 0.03984375
2 0.5609375 0.36875 0.01015625 0.046875
2 0.603125 0.459375 0.0125 0.04609375
2 0.57109375 0.5546875 0.0109375 0.05390625
2 0.50703125 0.46171875 0.009375 0.0453125
2 0.48828125 0.446875 0.00859375 0.04921875
3 0.52265625 0.20703125 0.00625 0.03359375
0 0.128125 0.5140625 0.00625 0.01328125
1 0.0796875 0.46796875 0.0109375 0.05390625