1 0.15625 0.3984375 0.0078125 0.046875
2 0.2328125 0.428125 0.00703125 0.0453125
2 0.18515625 0.52265625 0.01015625 0.053125
2 0.25234375 0.49296875 0.009375 0.046875
2 0.25078125 0.42578125 0.01171875 0.046875
2 0.24765625 0.39765625 0.00546875 0.0328125
2 0.2625 0.40625 0.00859375 0.040625
2 0.2703125 0.3890625 0.0109375 0.04453125
2 0.3296875 0.35703125 0.0078125 0.0390625
2 0.39296875 0.34453125 0.0078125 0.0359375
2 0.34765625 0.4140625 0.0109375 0.04453125
2 0.45 0.31484375 0.00859375 0.03359375
2 0.45546875 0.35390625 0.00703125 0.03671875
2 0.4703125 0.34296875 0.0109375 0.034375
2 0.41328125 0.45078125 0.0078125 0.04375
3 0.4515625 0.4171875 0.00859375 0.04453125
3 0.90546875 0.3375 0.009375 0.0390625
2 0.66640625 0.40078125 0.009375 0.04375
2 0.5671875 0.44765625 0.01328125 0.053125
2 0.48515625 0.44765625 0.01015625 0.04375
2 0.56640625 0.6421875 0.01171875 0.05625
2 0.6375 0.65234375 0.0109375 0.06171875
2 0.8578125 0.58203125 0.0109375 0.053125