1 0.175 0.40546875 0.02421875 0.04453125
2 0.09375 0.6171875 0.01484375 0.07109375
2 0.53671875 0.6109375 0.0125 0.0625
2 0.24296875 0.36484375 0.009375 0.0515625
2 0.81953125 0.784375 0.0171875 0.06875
2 0.8390625 0.74375 0.0125 0.0765625
2 0.6125 0.484375 0.0140625 0.0578125
2 0.2875 0.528125 0.01328125 0.0671875
2 0.60390625 0.3375 0.009375 0.040625
3 0.63203125 0.5359375 0.01484375 0.0578125
2 0.6375 0.44375 0.00859375 0.05546875
2 0.7828125 0.57578125 0.01171875 0.0625
3 0.70234375 0.3578125 0.01328125 0.04765625
2 0.578125 0.53671875 0.01015625 0.05546875
2 0.51640625 0.28203125 0.00625 0.0453125
2 0.7265625 0.2859375 0.01328125 0.0390625
2 0.39765625 0.46015625 0.01015625 0.05546875
2 0.4328125 0.42421875 0.01015625 0.05234375
2 0.40703125 0.34609375 0.0109375 0.04609375
2 0.75 0.4234375 0.01171875 0.05078125
2 0.7765625 0.43203125 0.01171875 0.04921875
2 0.7734375 0.33046875 0.0109375 0.040625
0 0.1796875 0.42578125 0.0046875 0.0109375