2 0.3515625 0.68359375 0.01796875 0.0515625
2 0.303125 0.6171875 0.0140625 0.03828125
1 0.0640625 0.50390625 0.01484375 0.0390625
2 0.3546875 0.575 0.0109375 0.0390625
2 0.58515625 0.71328125 0.0109375 0.04140625
2 0.70390625 0.71875 0.0125 0.046875
2 0.47265625 0.6578125 0.015625 0.046875
3 0.259375 0.759375 0.01484375 0.04375
2 0.459375 0.45625 0.00859375 0.03203125
2 0.48359375 0.534375 0.0109375 0.03828125
2 0.41640625 0.4453125 0.00859375 0.03203125
2 0.56015625 0.65859375 0.009375 0.0421875
3 0.7203125 0.8828125 0.0171875 0.0484375
2 0.60859375 0.61875 0.01171875 0.03984375
2 0.56875 0.45703125 0.00703125 0.0296875
2 0.340625 0.54140625 0.0109375 0.0359375
2 0.62265625 0.75625 0.01171875 0.05078125
2 0.73203125 0.734375 0.0203125 0.04453125
2 0.7 0.58359375 0.009375 0.03828125
2 0.77109375 0.54375 0.0125 0.03671875
1 0.94609375 0.5296875 0.01328125 0.03828125
2 0.61640625 0.446875 0.0078125 0.03046875
2 0.51171875 0.38125 0.0078125 0.02265625
3 0.48359375 0.49609375 0.01015625 0.03046875