2 0.1765625 0.875 0.0234375 0.0765625
2 0.35 0.51328125 0.01640625 0.0546875
3 0.89375 0.9078125 0.025 0.07734375
2 0.77109375 0.72109375 0.015625 0.06484375
2 0.56015625 0.54375 0.015625 0.0625
2 0.2375 0.7125 0.01796875 0.0703125
2 0.4375 0.57578125 0.01640625 0.0546875
2 0.35703125 0.4453125 0.015625 0.05078125
2 0.61171875 0.4 0.01328125 0.046875
2 0.671875 0.47265625 0.01484375 0.05
2 0.2953125 0.4578125 0.0140625 0.05390625
2 0.2859375 0.54375 0.0125 0.0609375
2 0.4046875 0.4234375 0.0109375 0.04375
2 0.50703125 0.34765625 0.0125 0.040625
2 0.38828125 0.2765625 0.01328125 0.04921875
2 0.3328125 0.31640625 0.01015625 0.04296875
2 0.35546875 0.36875 0.01484375 0.04453125
2 0.4265625 0.51640625 0.01484375 0.0546875
2 0.428125 0.340625 0.0109375 0.040625
2 0.571875 0.31015625 0.01015625 0.040625
0 0.659375 0.4953125 0.00703125 0.0125
3 0.42421875 0.47578125 0.01171875 0.05078125
2 0.57421875 0.4171875 0.01328125 0.04765625