2 0.796875 0.553125 0.0125 0.07265625
2 0.43515625 0.69375 0.034375 0.07734375
2 0.82890625 0.5546875 0.01015625 0.06796875
2 0.8890625 0.6921875 0.0171875 0.090625
3 0.69296875 0.63125 0.0171875 0.078125
2 0.7359375 0.6578125 0.01484375 0.08203125
2 0.23203125 0.6828125 0.01484375 0.08359375
2 0.775 0.540625 0.0140625 0.0625
2 0.6078125 0.5609375 0.01484375 0.06953125
2 0.45 0.709375 0.02421875 0.08671875
2 0.659375 0.5453125 0.01640625 0.05859375
2 0.90234375 0.59609375 0.01171875 0.0703125
2 0.7265625 0.5671875 0.015625 0.05390625
2 0.90390625 0.5546875 0.01640625 0.06015625
2 0.88984375 0.5625 0.0140625 0.07265625
2 0.7046875 0.52890625 0.0109375 0.06953125
0 0.43203125 0.73828125 0.0078125 0.01328125
1 0.6125 0.534375 0.01328125 0.06796875
2 0.6734375 0.54765625 0.01171875 0.06328125
2 0.69140625 0.5546875 0.015625 0.0625
2 0.7140625 0.51953125 0.01171875 0.0484375
2 0.71015625 0.57109375 0.01328125 0.075
3 0.9140625 0.459375 0.01328125 0.04765625
2 0.94140625 0.459375 0.0140625 0.053125