3 0.15703125 0.88984375 0.0203125 0.06953125
3 0.59765625 0.5421875 0.0109375 0.046875
3 0.56015625 0.31015625 0.01015625 0.028125
1 0.83671875 0.4515625 0.01953125 0.03515625
2 0.759375 0.48984375 0.0171875 0.03984375
2 0.14921875 0.47734375 0.01328125 0.04609375
2 0.1390625 0.56796875 0.009375 0.05390625
2 0.2453125 0.45 0.009375 0.0421875
2 0.18046875 0.68046875 0.009375 0.0625
2 0.15234375 0.81953125 0.0234375 0.05859375
2 0.21171875 0.79375 0.0140625 0.06328125
2 0.33671875 0.62109375 0.0125 0.0546875
2 0.521875 0.603125 0.01015625 0.05390625
2 0.48046875 0.4734375 0.00859375 0.04140625
2 0.63515625 0.4078125 0.0109375 0.03046875
2 0.63984375 0.4203125 0.009375 0.03671875
2 0.71015625 0.4578125 0.0109375 0.03671875
2 0.69375 0.46796875 0.009375 0.02734375
2 0.68828125 0.48828125 0.0109375 0.03828125
2 0.64296875 0.4984375 0.0109375 0.0390625
2 0.69765625 0.5421875 0.01171875 0.0421875
2 0.7328125 0.5640625 0.01015625 0.04609375
2 0.75078125 0.521875 0.00859375 0.04140625
2 0.85625 0.55625 0.01953125 0.04765625