1 0.23359375 0.353125 0.01484375 0.03984375
2 0.12734375 0.6109375 0.03046875 0.0546875
2 0.13671875 0.66796875 0.0234375 0.04609375
2 0.1328125 0.6578125 0.02421875 0.0375
0 0.13984375 0.6984375 0.00625 0.0140625
2 0.259375 0.5921875 0.0125 0.05703125
2 0.26796875 0.48828125 0.01015625 0.0515625
2 0.32421875 0.48671875 0.01328125 0.05
2 0.28671875 0.625 0.0140625 0.0609375
2 0.38125 0.49609375 0.01875 0.04765625
2 0.33046875 0.42578125 0.00859375 0.04765625
2 0.421875 0.37890625 0.0125 0.04453125
2 0.6234375 0.2515625 0.00625 0.03828125
2 0.49375 0.29296875 0.0078125 0.03984375
2 0.503125 0.4703125 0.01328125 0.053125
2 0.48515625 0.63359375 0.01328125 0.059375
2 0.58984375 0.659375 0.0171875 0.06484375
2 0.65625 0.4640625 0.00859375 0.05390625
2 0.646875 0.36953125 0.0078125 0.0421875
2 0.85 0.475 0.01484375 0.0515625
2 0.86953125 0.58203125 0.02109375 0.06640625
2 0.7265625 0.71171875 0.02890625 0.065625
3 0.94140625 0.90625 0.015625 0.0734375
3 0.521875 0.20546875 0.00625 0.03203125
3 0.5234375 0.49765625 0.01328125 0.05234375