2 0.115625 0.5390625 0.0109375 0.04140625
2 0.26015625 0.4328125 0.0078125 0.034375
3 0.22734375 0.34375 0.00546875 0.02734375
3 0.44609375 0.50078125 0.01171875 0.0390625
2 0.3328125 0.54453125 0.01484375 0.04140625
2 0.2125 0.6421875 0.015625 0.0484375
2 0.35859375 0.5453125 0.015625 0.03984375
2 0.39296875 0.66171875 0.01875 0.04921875
2 0.4203125 0.584375 0.01015625 0.0375
3 0.784375 0.7546875 0.01953125 0.05
2 0.509375 0.5109375 0.00859375 0.034375
2 0.45 0.43828125 0.0078125 0.0328125
2 0.48046875 0.440625 0.009375 0.03359375
2 0.53828125 0.43671875 0.009375 0.03125
2 0.49921875 0.375 0.01015625 0.02890625
2 0.53359375 0.64296875 0.015625 0.05
2 0.49453125 0.6609375 0.0140625 0.046875
2 0.55 0.75 0.02109375 0.05390625
2 0.63671875 0.653125 0.0109375 0.04375
2 0.5984375 0.609375 0.01171875 0.046875
2 0.66015625 0.55546875 0.01171875 0.0359375
2 0.68828125 0.58515625 0.01640625 0.0421875
2 0.66171875 0.528125 0.01015625 0.0375
0 0.5390625 0.71015625 0.00703125 0.01484375
1 0.86484375 0.46875 0.01171875 0.03828125