2 0.73203125 0.58671875 0.01484375 0.06015625
3 0.946875 0.76640625 0.01875 0.06640625
1 0.91015625 0.38203125 0.01640625 0.053125
2 0.10546875 0.8921875 0.0171875 0.0765625
2 0.4328125 0.61640625 0.01875 0.0609375
2 0.1859375 0.696875 0.01484375 0.071875
2 0.6953125 0.409375 0.01171875 0.0484375
0 0.71953125 0.61484375 0.00703125 0.0125
2 0.54296875 0.56328125 0.01171875 0.06015625
2 0.190625 0.578125 0.01484375 0.05546875
2 0.2859375 0.303125 0.01015625 0.0375
2 0.553125 0.44140625 0.0109375 0.05078125
2 0.390625 0.546875 0.0109375 0.05625
2 0.490625 0.4171875 0.009375 0.04921875
2 0.35703125 0.47890625 0.0125 0.04765625
2 0.19375 0.4875 0.0140625 0.05234375
2 0.178125 0.47265625 0.01328125 0.0484375
2 0.24296875 0.37421875 0.0109375 0.04765625
3 0.26484375 0.4890625 0.0125 0.0515625
2 0.35703125 0.2640625 0.0109375 0.0375
2 0.3796875 0.3453125 0.01015625 0.0375
2 0.359375 0.43671875 0.01015625 0.0359375
2 0.44921875 0.34375 0.01015625 0.03984375
2 0.53359375 0.28203125 0.01015625 0.03671875