2 0.325 0.69765625 0.02265625 0.0609375
2 0.20390625 0.60625 0.0140625 0.0546875
2 0.16875 0.53671875 0.0125 0.04921875
2 0.259375 0.40234375 0.01015625 0.03984375
3 0.175 0.3515625 0.0109375 0.04921875
3 0.44296875 0.41171875 0.01015625 0.0421875
2 0.065625 0.5109375 0.015625 0.04921875
2 0.2875 0.44140625 0.0125 0.04453125
2 0.328125 0.46484375 0.0125 0.0515625
2 0.4421875 0.5703125 0.01015625 0.04921875
2 0.46640625 0.34921875 0.00703125 0.03671875
2 0.525 0.3796875 0.00859375 0.02890625
2 0.52734375 0.4109375 0.009375 0.04296875
2 0.59765625 0.47265625 0.0125 0.04921875
2 0.63046875 0.3875 0.009375 0.03125
2 0.621875 0.340625 0.0109375 0.03359375
2 0.6109375 0.33828125 0.01015625 0.0171875
2 0.5984375 0.33828125 0.0125 0.0171875
2 0.67109375 0.4140625 0.01171875 0.04375
2 0.72265625 0.46953125 0.01171875 0.0484375
2 0.7140625 0.50859375 0.0125 0.0453125
2 0.628125 0.56640625 0.01171875 0.0515625
1 0.93359375 0.44375 0.0140625 0.04609375