3 0.3390625 0.75390625 0.03984375 0.18359375
2 0.88125 0.6546875 0.046875 0.16875
2 0.76484375 0.68671875 0.03515625 0.175
2 0.346875 0.4765625 0.02734375 0.10703125
2 0.11640625 0.57734375 0.0671875 0.1234375
2 0.553125 0.7515625 0.02734375 0.178125
2 0.596875 0.6140625 0.0265625 0.1640625
2 0.790625 0.621875 0.0375 0.15234375
2 0.534375 0.51328125 0.025 0.09453125
2 0.521875 0.57421875 0.0296875 0.14765625
2 0.99453125 0.63359375 0.01015625 0.13828125
0 0.30234375 0.53046875 0.01328125 0.02109375
2 0.34921875 0.56328125 0.04765625 0.14609375