0 0.47109375 0.29765625 0.00546875 0.009375
2 0.321875 0.32734375 0.00859375 0.0421875
2 0.26484375 0.334375 0.00703125 0.04140625
2 0.328125 0.3890625 0.0109375 0.0484375
2 0.38359375 0.41015625 0.009375 0.04453125
2 0.440625 0.38828125 0.00859375 0.0390625
2 0.38671875 0.553125 0.01328125 0.05546875
2 0.471875 0.6828125 0.0109375 0.0625
2 0.4828125 0.290625 0.01328125 0.03359375
2 0.49375 0.2953125 0.00703125 0.03828125
2 0.503125 0.32109375 0.00859375 0.03515625
2 0.52578125 0.32265625 0.00859375 0.03984375
3 0.5234375 0.48515625 0.01015625 0.05
2 0.15390625 0.4015625 0.009375 0.0484375
2 0.14140625 0.5890625 0.01328125 0.0609375
3 0.65 0.28125 0.0125 0.0328125
2 0.590625 0.40859375 0.0109375 0.04375
2 0.60390625 0.39140625 0.01171875 0.040625
2 0.66484375 0.390625 0.009375 0.03828125
2 0.6875 0.4890625 0.01171875 0.05390625
2 0.70234375 0.48046875 0.01171875 0.04765625
2 0.71171875 0.65078125 0.01328125 0.06484375
2 0.76484375 0.80546875 0.015625 0.071875