2 0.60703125 0.6984375 0.01484375 0.06328125
2 0.846875 0.59453125 0.0125 0.0609375
2 0.8875 0.49765625 0.009375 0.0546875
2 0.625 0.5796875 0.01484375 0.05
2 0.684375 0.4671875 0.009375 0.046875
2 0.7171875 0.5203125 0.00859375 0.05
2 0.7765625 0.4796875 0.009375 0.0484375
2 0.75625 0.40234375 0.00703125 0.04375
2 0.6828125 0.3625 0.009375 0.040625
2 0.5515625 0.5015625 0.009375 0.04609375
3 0.9046875 0.34765625 0.0125 0.03984375
3 0.571875 0.42734375 0.0078125 0.04609375
1 0.1671875 0.38828125 0.009375 0.0453125
2 0.50234375 0.31953125 0.00703125 0.03671875
2 0.48828125 0.36171875 0.009375 0.03828125
2 0.45390625 0.35078125 0.00859375 0.03828125
2 0.36875 0.38046875 0.00859375 0.03828125
2 0.42734375 0.34921875 0.00703125 0.040625
2 0.46328125 0.4453125 0.0125 0.0390625
2 0.365625 0.49921875 0.0140625 0.05234375
2 0.3453125 0.43828125 0.00859375 0.04296875
2 0.26015625 0.46171875 0.009375 0.04921875
2 0.3703125 0.55859375 0.01015625 0.05390625