2 0.36875 0.37421875 0.0140625 0.06171875
2 0.34765625 0.24765625 0.009375 0.04375
2 0.134375 0.359375 0.009375 0.059375
2 0.09921875 0.58046875 0.02265625 0.07734375
2 0.3734375 0.296875 0.009375 0.0484375
2 0.4171875 0.27578125 0.01015625 0.040625
2 0.4203125 0.27109375 0.0078125 0.0453125
2 0.490625 0.2609375 0.009375 0.046875
2 0.46015625 0.309375 0.00859375 0.04296875
2 0.48359375 0.47890625 0.0140625 0.06015625
2 0.5578125 0.5796875 0.01484375 0.06796875
2 0.578125 0.26015625 0.00703125 0.0453125
2 0.625 0.340625 0.0078125 0.0546875
3 0.5609375 0.38125 0.0140625 0.05078125
3 0.7625 0.23046875 0.0125 0.0453125
2 0.6390625 0.2765625 0.00859375 0.046875
2 0.62578125 0.30546875 0.01015625 0.04765625
2 0.77265625 0.33671875 0.009375 0.05390625
2 0.8125 0.4265625 0.01171875 0.05859375
2 0.75234375 0.446875 0.0125 0.0625
2 0.78359375 0.6109375 0.01640625 0.07421875
2 0.8359375 0.8359375 0.01875 0.084375