3 0.4890625 0.51796875 0.0125 0.03984375
3 0.39609375 0.296875 0.00859375 0.03125
3 0.89765625 0.95703125 0.01640625 0.075
1 0.11328125 0.4359375 0.0078125 0.04453125
2 0.19921875 0.52890625 0.0109375 0.05078125
2 0.1125 0.60546875 0.01640625 0.05234375
2 0.29921875 0.38359375 0.01171875 0.0390625
2 0.31171875 0.503125 0.01171875 0.04453125
2 0.290625 0.57734375 0.015625 0.05390625
2 0.3078125 0.715625 0.0125 0.059375
2 0.38828125 0.634375 0.0078125 0.053125
2 0.41484375 0.56171875 0.01015625 0.0453125
2 0.35625 0.4703125 0.01015625 0.04296875
2 0.4515625 0.465625 0.00859375 0.04140625
2 0.496875 0.39453125 0.00859375 0.04140625
2 0.578125 0.3296875 0.00859375 0.03359375
2 0.49140625 0.54296875 0.01171875 0.046875
2 0.653125 0.3765625 0.00859375 0.03671875
2 0.6671875 0.39296875 0.01328125 0.03671875
2 0.77890625 0.56796875 0.0125 0.05625
2 0.81328125 0.50234375 0.0140625 0.04765625
2 0.8234375 0.58125 0.0125 0.053125
2 0.865625 0.68515625 0.0140625 0.06015625
2 0.82734375 0.71875 0.01171875 0.05703125