2 0.45859375 0.53984375 0.05390625 0.16171875
2 0.84921875 0.35390625 0.040625 0.13515625
2 0.35390625 0.609375 0.08828125 0.171875
2 0.87734375 0.55859375 0.0953125 0.1921875
3 0.8109375 0.60859375 0.0375 0.18515625
2 0.76171875 0.30390625 0.0296875 0.128125
0 0.6625 0.7421875 0.01875 0.03828125
2 0.66796875 0.5140625 0.04375 0.171875
2 0.60625 0.41640625 0.0359375 0.15546875
2 0.70625 0.66171875 0.059375 0.20625
2 0.55078125 0.47890625 0.04765625 0.16875
2 0.51796875 0.46953125 0.040625 0.171875
2 0.7671875 0.4890625 0.0484375 0.17890625
2 0.53984375 0.37890625 0.02734375 0.071875