2 0.40546875 0.55546875 0.0203125 0.075
2 0.278125 0.653125 0.02109375 0.08359375
3 0.671875 0.6125 0.015625 0.08125
2 0.634375 0.5609375 0.0171875 0.0703125
2 0.29609375 0.73828125 0.02421875 0.09453125
2 0.8125 0.6421875 0.01640625 0.09921875
2 0.7421875 0.51640625 0.01015625 0.06328125
2 0.99296875 0.5203125 0.0125 0.06953125
2 0.41171875 0.678125 0.02578125 0.10234375
2 0.56796875 0.4875 0.0109375 0.0625
2 0.93046875 0.5796875 0.021875 0.084375
1 0.225 0.49921875 0.01953125 0.08046875
2 0.47890625 0.51484375 0.01328125 0.0609375
2 0.5765625 0.5625 0.0125 0.0671875
2 0.60234375 0.525 0.0109375 0.0765625
2 0.2296875 0.70859375 0.03671875 0.0859375
2 0.21796875 0.73671875 0.02421875 0.10390625
0 0.21953125 0.77578125 0.00859375 0.0140625
2 0.62578125 0.60859375 0.01953125 0.0859375
2 0.96328125 0.46953125 0.0109375 0.05703125
3 0.70078125 0.428125 0.009375 0.05078125