2 0.2859375 0.54296875 0.0265625 0.07734375
3 0.2265625 0.61328125 0.02890625 0.08515625
2 0.62265625 0.559375 0.015625 0.07890625
2 0.478125 0.490625 0.0203125 0.06796875
2 0.02890625 0.5109375 0.01328125 0.06171875
2 0.38046875 0.47578125 0.015625 0.06171875
2 0.59609375 0.60703125 0.0265625 0.08828125
2 0.421875 0.4671875 0.01640625 0.0609375
2 0.32734375 0.521875 0.01328125 0.06796875
2 0.240625 0.43984375 0.015625 0.059375
2 0.4109375 0.5671875 0.03046875 0.08125
2 0.45390625 0.5421875 0.0203125 0.0671875
3 0.29140625 0.4078125 0.009375 0.05078125
2 0.33984375 0.509375 0.01640625 0.0640625
2 0.43828125 0.5296875 0.01953125 0.0578125
2 0.38359375 0.54296875 0.0171875 0.0796875
1 0.79140625 0.4828125 0.01796875 0.07265625
0 0.39765625 0.575 0.00625 0.0109375