2 0.7625 0.43828125 0.009375 0.05234375
2 0.77421875 0.528125 0.0109375 0.05859375
2 0.803125 0.6640625 0.01640625 0.0703125
2 0.87265625 0.775 0.01875 0.07578125
2 0.68828125 0.2953125 0.00703125 0.04453125
2 0.65234375 0.35546875 0.01015625 0.04921875
2 0.66484375 0.5109375 0.0109375 0.05859375
2 0.62109375 0.44921875 0.00859375 0.053125
2 0.634375 0.26484375 0.0109375 0.0421875
3 0.69140625 0.25390625 0.00859375 0.0421875
3 0.56171875 0.4171875 0.01171875 0.0484375
2 0.55859375 0.39140625 0.00859375 0.0453125
2 0.52890625 0.36328125 0.01015625 0.0484375
2 0.4515625 0.39609375 0.00859375 0.05234375
2 0.4421875 0.33984375 0.009375 0.046875
2 0.378125 0.43359375 0.0125 0.0578125
2 0.43046875 0.52265625 0.01484375 0.065625
2 0.46171875 0.7203125 0.0109375 0.07421875
2 0.3578125 0.3296875 0.0078125 0.0484375
2 0.3640625 0.346875 0.00546875 0.04375
0 0.35546875 0.365625 0.0046875 0.0125
2 0.2203125 0.38515625 0.009375 0.053125
2 0.1453125 0.5875 0.0125 0.06953125