3 0.91875 0.9046875 0.01640625 0.0703125
2 0.56484375 0.76640625 0.01875 0.06640625
2 0.575 0.5703125 0.0109375 0.04921875
2 0.73828125 0.57890625 0.009375 0.05234375
2 0.75078125 0.440625 0.01015625 0.0390625
2 0.7296875 0.4953125 0.009375 0.04921875
2 0.70703125 0.5046875 0.01328125 0.0484375
2 0.70625 0.42734375 0.009375 0.04375
2 0.66875 0.38515625 0.009375 0.0390625
2 0.6015625 0.42265625 0.00859375 0.03984375
2 0.54296875 0.48671875 0.00859375 0.04296875
2 0.553125 0.39375 0.00703125 0.03515625
2 0.54296875 0.3625 0.00625 0.03671875
2 0.5015625 0.3328125 0.00703125 0.0296875
2 0.49765625 0.40859375 0.00703125 0.040625
2 0.50234375 0.434375 0.00703125 0.04296875
2 0.58828125 0.403125 0.009375 0.03828125
3 0.590625 0.4109375 0.00859375 0.03671875
3 0.4171875 0.32734375 0.00625 0.03359375
2 0.39609375 0.375 0.0078125 0.03984375
2 0.37578125 0.5640625 0.01015625 0.046875
2 0.5328125 0.478125 0.009375 0.03984375
2 0.2046875 0.38359375 0.009375 0.03046875
1 0.0828125 0.46640625 0.0109375 0.04765625