2 0.23671875 0.59140625 0.0125 0.05625
2 0.35234375 0.5640625 0.01171875 0.04921875
2 0.3171875 0.50078125 0.0125 0.0484375
2 0.31875 0.37578125 0.0140625 0.0375
2 0.37734375 0.36875 0.009375 0.03984375
2 0.32734375 0.47578125 0.009375 0.05
2 0.453125 0.47109375 0.01484375 0.04296875
2 0.46953125 0.48671875 0.01484375 0.04296875
2 0.5609375 0.56484375 0.015625 0.053125
2 0.584375 0.425 0.01015625 0.04140625
2 0.51484375 0.3609375 0.00859375 0.0359375
3 0.4296875 0.46171875 0.01015625 0.0421875
2 0.1875 0.40546875 0.0125 0.04453125
2 0.6828125 0.40625 0.0109375 0.0375
2 0.69296875 0.38046875 0.01171875 0.04296875
2 0.70390625 0.42421875 0.009375 0.046875
1 0.69140625 0.44375 0.01328125 0.04765625
2 0.7296875 0.47265625 0.01171875 0.0453125
2 0.75 0.484375 0.0109375 0.04921875
2 0.7609375 0.45234375 0.0109375 0.04609375
2 0.77890625 0.50390625 0.0171875 0.05390625
2 0.15390625 0.528125 0.015625 0.05546875
3 0.0796875 0.35234375 0.0109375 0.04140625