2 0.38828125 0.6921875 0.01328125 0.05390625
2 0.36015625 0.5265625 0.0109375 0.046875
2 0.69921875 0.55625 0.0125 0.04296875
2 0.27890625 0.56796875 0.0109375 0.04453125
2 0.284375 0.51015625 0.0125 0.03984375
2 0.80625 0.60078125 0.0140625 0.04921875
2 0.38125 0.46015625 0.009375 0.0359375
2 0.19140625 0.70625 0.01171875 0.05234375
2 0.50703125 0.48984375 0.01015625 0.0390625
1 0.25703125 0.46328125 0.01171875 0.0328125
2 0.478125 0.6078125 0.009375 0.05078125
2 0.2546875 0.54296875 0.00859375 0.040625
2 0.80390625 0.50078125 0.01015625 0.04375
2 0.584375 0.71796875 0.0140625 0.05390625
2 0.0234375 0.7234375 0.02109375 0.05
2 0.5015625 0.59453125 0.01015625 0.0484375
2 0.50234375 0.42265625 0.0109375 0.03515625
2 0.1625 0.6421875 0.0140625 0.05
2 0.16484375 0.628125 0.01484375 0.0421875
2 0.225 0.5765625 0.01328125 0.0453125
0 0.221875 0.50703125 0.00546875 0.01015625
2 0.4265625 0.4609375 0.0125 0.03515625
3 0.52265625 0.54921875 0.01328125 0.0375