2 0.41484375 0.56640625 0.01796875 0.08203125
2 0.52265625 0.53359375 0.01953125 0.07421875
3 0.20390625 0.5921875 0.0234375 0.0796875
2 0.33359375 0.46875 0.015625 0.06015625
2 0.61171875 0.5640625 0.01484375 0.084375
2 0.26328125 0.5234375 0.01796875 0.06953125
2 0.19375 0.55234375 0.02734375 0.0703125
2 0.29140625 0.4984375 0.0125 0.0640625
2 0.43984375 0.6328125 0.0265625 0.0921875
2 0.3015625 0.54140625 0.01875 0.07734375
2 0.434375 0.48359375 0.01796875 0.06796875
2 0.38984375 0.5171875 0.01796875 0.065625
2 0.38046875 0.45859375 0.01796875 0.05625
2 0.23046875 0.4390625 0.01875 0.05859375
1 0.81953125 0.48203125 0.0125 0.06640625
0 0.31484375 0.56640625 0.00625 0.01328125