2 0.21796875 0.73046875 0.0140625 0.07109375
2 0.2625 0.6375 0.01640625 0.0703125
1 0.175 0.38046875 0.01015625 0.05390625
2 0.34140625 0.5125 0.0140625 0.05859375
2 0.39375 0.43203125 0.0109375 0.05625
2 0.43125 0.48125 0.009375 0.0546875
2 0.45234375 0.47890625 0.01328125 0.04765625
2 0.45390625 0.596875 0.01484375 0.0640625
2 0.56015625 0.65859375 0.0125 0.0765625
2 0.65546875 0.70546875 0.01640625 0.07421875
2 0.6359375 0.56796875 0.01328125 0.0609375
2 0.63203125 0.484375 0.0109375 0.05625
2 0.59921875 0.4328125 0.0109375 0.04765625
2 0.525 0.40390625 0.0109375 0.053125
2 0.46328125 0.3765625 0.0109375 0.0484375
2 0.540625 0.3609375 0.0109375 0.04453125
2 0.528125 0.28984375 0.0109375 0.0421875
2 0.60078125 0.26953125 0.01640625 0.0359375
2 0.6265625 0.3625 0.01015625 0.046875
2 0.784375 0.3734375 0.01484375 0.04765625
2 0.89765625 0.5921875 0.01796875 0.06796875
3 0.53125 0.24140625 0.01015625 0.03984375
3 0.64140625 0.45390625 0.0109375 0.05234375