3 0.65859375 0.621875 0.02109375 0.08515625
2 0.2515625 0.665625 0.03203125 0.084375
2 0.4625 0.51796875 0.01875 0.0640625
2 0.39375 0.553125 0.01640625 0.075
2 0.90859375 0.57890625 0.02109375 0.08359375
2 0.3578125 0.67578125 0.0171875 0.0953125
2 0.8046875 0.6484375 0.01484375 0.10078125
2 0.5875 0.52578125 0.0125 0.071875
2 0.5515625 0.5640625 0.01328125 0.07109375
2 0.5609375 0.49140625 0.0125 0.06484375
2 0.99453125 0.52109375 0.009375 0.0703125
2 0.61171875 0.559375 0.01953125 0.07109375
2 0.73828125 0.52109375 0.01875 0.0625
2 0.60390625 0.60546875 0.01484375 0.0765625
1 0.22109375 0.50546875 0.0140625 0.07109375
2 0.2234375 0.7359375 0.03046875 0.1078125
2 0.20546875 0.7234375 0.02578125 0.0984375
2 0.19609375 0.67734375 0.0203125 0.03671875
0 0.20703125 0.76484375 0.00859375 0.01328125
2 0.96015625 0.47421875 0.01171875 0.059375
3 0.69609375 0.42890625 0.01328125 0.04921875