2 0.66171875 0.5296875 0.01171875 0.04921875
2 0.57734375 0.50234375 0.0109375 0.040625
2 0.41484375 0.5578125 0.0125 0.0484375
2 0.23046875 0.60625 0.0140625 0.04296875
2 0.8765625 0.478125 0.0109375 0.046875
3 0.4640625 0.54140625 0.009375 0.03984375
2 0.58125 0.45546875 0.01171875 0.0421875
2 0.42890625 0.54453125 0.009375 0.0453125
2 0.38359375 0.4671875 0.01171875 0.0359375
2 0.4140625 0.44921875 0.0078125 0.03671875
2 0.4234375 0.46015625 0.00859375 0.0328125
2 0.43515625 0.48359375 0.00703125 0.040625
2 0.45390625 0.4546875 0.0078125 0.03671875
2 0.44453125 0.44765625 0.009375 0.0375
2 0.409375 0.48203125 0.0078125 0.03046875
2 0.4078125 0.51796875 0.00859375 0.0328125
1 0.3890625 0.44375 0.009375 0.0375
2 0.62109375 0.459375 0.0125 0.0375
2 0.6484375 0.50625 0.009375 0.040625
2 0.65859375 0.4921875 0.0078125 0.0359375