2 0.125 0.534375 0.01640625 0.06015625
2 0.85546875 0.71640625 0.01171875 0.06328125
2 0.3828125 0.64921875 0.01171875 0.06640625
2 0.49609375 0.44921875 0.009375 0.04765625
2 0.6109375 0.50625 0.0125 0.04453125
2 0.72421875 0.6203125 0.01328125 0.05703125
2 0.640625 0.4546875 0.01171875 0.04140625
2 0.55234375 0.53671875 0.009375 0.053125
2 0.76171875 0.5671875 0.0109375 0.05703125
2 0.32734375 0.4484375 0.0109375 0.0484375
2 0.1921875 0.51875 0.01328125 0.06015625
2 0.54765625 0.3953125 0.0109375 0.04140625
2 0.59765625 0.396875 0.009375 0.046875
3 0.09140625 0.96328125 0.015625 0.0734375
2 0.66640625 0.47890625 0.0171875 0.05078125
2 0.515625 0.59375 0.0140625 0.06328125
2 0.7296875 0.51484375 0.0109375 0.04921875
2 0.65625 0.4390625 0.0078125 0.05078125
2 0.690625 0.51796875 0.0125 0.05234375
3 0.49609375 0.49765625 0.0109375 0.05
2 0.64765625 0.53125 0.01484375 0.040625
2 0.6796875 0.50546875 0.00859375 0.05078125
1 0.81015625 0.41875 0.0140625 0.03984375
0 0.6046875 0.52421875 0.0046875 0.00859375