3 0.06015625 0.8859375 0.03125 0.07734375
3 0.40234375 0.440625 0.01171875 0.053125
2 0.66953125 0.75234375 0.01484375 0.06328125
2 0.88828125 0.621875 0.0171875 0.0703125
2 0.7125 0.6828125 0.015625 0.05390625
2 0.61953125 0.684375 0.02109375 0.059375
2 0.59375 0.75078125 0.021875 0.0625
2 0.31171875 0.734375 0.01953125 0.0671875
2 0.25 0.71328125 0.02109375 0.0625
2 0.17890625 0.50078125 0.0140625 0.053125
2 0.15703125 0.509375 0.0140625 0.0609375
2 0.271875 0.36953125 0.01015625 0.04140625
2 0.25 0.33046875 0.01015625 0.04609375
2 0.34609375 0.57578125 0.0140625 0.06796875
2 0.47109375 0.4453125 0.009375 0.04765625
2 0.54375 0.47890625 0.00859375 0.046875
2 0.5 0.32578125 0.00859375 0.03984375
2 0.43515625 0.23984375 0.0078125 0.03125
2 0.5875 0.32109375 0.00859375 0.0453125
2 0.6859375 0.5046875 0.0140625 0.05546875
2 0.73828125 0.4015625 0.0109375 0.04609375
2 0.60859375 0.675 0.01640625 0.06015625
3 0.6390625 0.209375 0.00859375 0.0328125