2 0.7015625 0.66484375 0.0140625 0.059375
2 0.7546875 0.4796875 0.0125 0.04609375
2 0.371875 0.5875 0.0078125 0.0515625
2 0.25703125 0.6125 0.01328125 0.0546875
2 0.17578125 0.65625 0.0140625 0.05625
2 0.36796875 0.6796875 0.009375 0.05625
2 0.6203125 0.62890625 0.01015625 0.0609375
2 0.18515625 0.6375 0.01875 0.0375
2 0.43125 0.41015625 0.00859375 0.03671875
2 0.8515625 0.553125 0.0109375 0.05234375
2 0.36171875 0.42421875 0.01015625 0.03984375
2 0.409375 0.5484375 0.0109375 0.04765625
2 0.29375 0.490625 0.0078125 0.03984375
2 0.3171875 0.53515625 0.01015625 0.04609375
2 0.48125 0.459375 0.00625 0.0375
2 0.5734375 0.4703125 0.00859375 0.0453125
3 0.84296875 0.93515625 0.01640625 0.0796875
2 0.86640625 0.55703125 0.0125 0.0515625
2 0.42734375 0.51484375 0.0109375 0.0421875
2 0.34921875 0.503125 0.009375 0.0421875
2 0.33984375 0.4609375 0.01015625 0.0421875
2 0.3328125 0.5 0.01171875 0.04296875
1 0.2125 0.4640625 0.01328125 0.03984375
0 0.1796875 0.6734375 0.00625 0.009375