2 0.43359375 0.66796875 0.021875 0.04921875
2 0.27578125 0.6078125 0.0109375 0.04609375
2 0.3 0.4734375 0.01328125 0.03984375
2 0.33125 0.421875 0.00859375 0.03203125
2 0.21875 0.425 0.00859375 0.0375
3 0.22109375 0.375 0.00703125 0.0296875
3 0.53203125 0.42578125 0.00859375 0.03203125
2 0.38515625 0.53359375 0.01328125 0.03984375
2 0.140625 0.52890625 0.01015625 0.040625
2 0.5109375 0.38203125 0.00625 0.0265625
2 0.4703125 0.446875 0.01171875 0.03203125
2 0.5234375 0.40625 0.0109375 0.0296875
2 0.55703125 0.45703125 0.0109375 0.034375
2 0.55078125 0.37890625 0.009375 0.02421875
2 0.5484375 0.36875 0.00859375 0.02578125
2 0.56875 0.3546875 0.01171875 0.02890625
2 0.578125 0.35859375 0.0078125 0.0265625
2 0.56640625 0.38984375 0.009375 0.02421875
2 0.58046875 0.3890625 0.00859375 0.03203125
2 0.634375 0.471875 0.01328125 0.04375
2 0.66171875 0.48125 0.009375 0.03515625
2 0.68125 0.459375 0.009375 0.03984375
1 0.8203125 0.4421875 0.00859375 0.0390625
3 0.97109375 0.76953125 0.025 0.05390625