2 0.453125 0.39375 0.009375 0.04375
2 0.9296875 0.54453125 0.01328125 0.06328125
2 0.37578125 0.575 0.01328125 0.05703125
2 0.1953125 0.47421875 0.0109375 0.05234375
2 0.3375 0.4453125 0.0109375 0.04453125
2 0.903125 0.45625 0.01015625 0.0546875
2 0.58203125 0.4421875 0.009375 0.046875
2 0.60859375 0.38828125 0.009375 0.0453125
2 0.74140625 0.59140625 0.01171875 0.0625
2 0.56796875 0.359375 0.0109375 0.03671875
0 0.16875 0.521875 0.00703125 0.0140625
2 0.421875 0.42265625 0.01015625 0.04609375
2 0.12890625 0.54375 0.0109375 0.05234375
1 0.1484375 0.50859375 0.01484375 0.05859375
2 0.39609375 0.475 0.01015625 0.04765625
2 0.3328125 0.34765625 0.009375 0.0421875
2 0.3203125 0.34609375 0.009375 0.0421875
3 0.56640625 0.4015625 0.009375 0.04140625
2 0.721875 0.41484375 0.0125 0.0453125
2 0.65 0.4859375 0.0109375 0.05234375
2 0.71796875 0.55390625 0.01015625 0.05390625
2 0.7171875 0.50546875 0.0140625 0.04140625