2 0.13359375 0.528125 0.0125 0.05703125
2 0.28125 0.60234375 0.0125 0.06171875
2 0.52109375 0.659375 0.01328125 0.06171875
2 0.16484375 0.43359375 0.0125 0.04921875
2 0.30625 0.4765625 0.01171875 0.0546875
2 0.3703125 0.46171875 0.009375 0.05390625
2 0.4703125 0.50625 0.01015625 0.04921875
2 0.5609375 0.61484375 0.01171875 0.06171875
0 0.91328125 0.72890625 0.00546875 0.0109375
2 0.90234375 0.734375 0.01640625 0.06328125
2 0.5265625 0.46875 0.01328125 0.053125
2 0.446875 0.43828125 0.0125 0.05
2 0.46328125 0.4546875 0.009375 0.05234375
2 0.475 0.4625 0.01171875 0.04609375
2 0.4796875 0.45 0.00859375 0.04453125
2 0.48984375 0.47734375 0.0140625 0.04609375
2 0.49921875 0.4703125 0.00703125 0.04296875
2 0.48984375 0.446875 0.0078125 0.02265625
1 0.4984375 0.43671875 0.0203125 0.04296875
2 0.3453125 0.47109375 0.0125 0.05
2 0.35703125 0.46640625 0.0078125 0.053125
2 0.3515625 0.46640625 0.009375 0.04296875
3 0.3265625 0.52265625 0.01328125 0.05625