2 0.22578125 0.66328125 0.01875 0.0609375
2 0.2796875 0.6640625 0.01171875 0.059375
2 0.3375 0.51484375 0.01171875 0.046875
2 0.3171875 0.4734375 0.009375 0.04296875
1 0.034375 0.4546875 0.01796875 0.0421875
2 0.40625 0.71171875 0.009375 0.05859375
2 0.53828125 0.59375 0.01328125 0.046875
2 0.5234375 0.6046875 0.01015625 0.05234375
2 0.45234375 0.725 0.015625 0.06796875
2 0.45 0.3765625 0.009375 0.04140625
2 0.5 0.3734375 0.009375 0.0375
3 0.57421875 0.465625 0.0109375 0.04453125
2 0.54765625 0.3109375 0.00625 0.03203125
2 0.61875 0.39296875 0.00859375 0.03828125
2 0.69609375 0.36796875 0.0125 0.04375
2 0.653125 0.60625 0.01484375 0.05625
2 0.70859375 0.7078125 0.01328125 0.0578125
2 0.78203125 0.61796875 0.0171875 0.05078125
2 0.83046875 0.62265625 0.01015625 0.06015625
2 0.8203125 0.50859375 0.01171875 0.05234375
2 0.8859375 0.65703125 0.0296875 0.03984375
2 0.86875 0.72890625 0.01328125 0.06796875
3 0.95859375 0.8109375 0.021875 0.090625