1 0.9015625 0.4203125 0.01640625 0.0453125
2 0.71015625 0.67109375 0.009375 0.05703125
2 0.52109375 0.675 0.0171875 0.059375
2 0.26328125 0.7265625 0.01796875 0.0734375
2 0.43984375 0.67421875 0.015625 0.05234375
2 0.60625 0.54609375 0.01015625 0.04765625
2 0.5671875 0.39453125 0.0109375 0.0390625
2 0.22734375 0.690625 0.01875 0.05625
2 0.14765625 0.4578125 0.01328125 0.04296875
2 0.24140625 0.40625 0.009375 0.03828125
2 0.3484375 0.56796875 0.0125 0.05078125
3 0.33203125 0.51640625 0.00859375 0.04375
2 0.13671875 0.58046875 0.01171875 0.05078125
3 0.72578125 0.759375 0.0109375 0.05078125
2 0.2765625 0.4921875 0.0109375 0.04140625
2 0.21328125 0.75234375 0.015625 0.05859375
2 0.26015625 0.37734375 0.009375 0.034375
2 0.4953125 0.42421875 0.009375 0.03828125
2 0.12734375 0.73671875 0.01640625 0.05703125
2 0.6109375 0.49140625 0.009375 0.04140625
2 0.23203125 0.7328125 0.0140625 0.040625
2 0.61484375 0.453125 0.0078125 0.03984375
2 0.325 0.66328125 0.0109375 0.05234375