3 0.5109375 0.51796875 0.0125 0.03984375
3 0.60390625 0.296875 0.00859375 0.03125
3 0.10234375 0.95703125 0.01640625 0.075
1 0.88671875 0.4359375 0.0078125 0.04453125
2 0.80078125 0.52890625 0.0109375 0.05078125
2 0.8875 0.60546875 0.01640625 0.05234375
2 0.70078125 0.38359375 0.01171875 0.0390625
2 0.68828125 0.503125 0.01171875 0.04453125
2 0.709375 0.57734375 0.015625 0.05390625
2 0.6921875 0.715625 0.0125 0.059375
2 0.61171875 0.634375 0.0078125 0.053125
2 0.58515625 0.56171875 0.01015625 0.0453125
2 0.64375 0.4703125 0.01015625 0.04296875
2 0.5484375 0.465625 0.00859375 0.04140625
2 0.503125 0.39453125 0.00859375 0.04140625
2 0.421875 0.3296875 0.00859375 0.03359375
2 0.50859375 0.54296875 0.01171875 0.046875
2 0.346875 0.3765625 0.00859375 0.03671875
2 0.3328125 0.39296875 0.01328125 0.03671875
2 0.22109375 0.56796875 0.0125 0.05625
2 0.18671875 0.50234375 0.0140625 0.04765625
2 0.1765625 0.58125 0.0125 0.053125
2 0.134375 0.68515625 0.0140625 0.06015625
2 0.17265625 0.71875 0.01171875 0.05703125