2 0.13125 0.67265625 0.01953125 0.05390625
2 0.31875 0.69296875 0.01640625 0.0484375
2 0.4203125 0.80859375 0.0203125 0.05859375
2 0.67421875 0.50859375 0.01640625 0.03984375
3 0.76875 0.9578125 0.02109375 0.06640625
2 0.678125 0.61328125 0.01640625 0.05
2 0.61796875 0.434375 0.01015625 0.03203125
2 0.5578125 0.5109375 0.01171875 0.03984375
2 0.690625 0.62890625 0.01328125 0.046875
2 0.26015625 0.503125 0.01171875 0.03984375
3 0.53515625 0.534375 0.0125 0.0390625
2 0.29140625 0.47421875 0.01171875 0.03828125
2 0.2796875 0.4234375 0.0109375 0.0359375
2 0.396875 0.50859375 0.01015625 0.0359375
2 0.35703125 0.5015625 0.0109375 0.0359375
2 0.34921875 0.56953125 0.01328125 0.04375
2 0.425 0.43515625 0.01171875 0.028125
2 0.4859375 0.4171875 0.0109375 0.0265625
2 0.42421875 0.59375 0.01484375 0.04140625
2 0.64375 0.5 0.0125 0.0375
0 0.55234375 0.43359375 0.003125 0.00625
2 0.5640625 0.42734375 0.00859375 0.0265625
2 0.5703125 0.4078125 0.01015625 0.0265625
1 0.0765625 0.51015625 0.009375 0.04453125