3 0.90078125 0.65390625 0.015625 0.040625
2 0.84453125 0.56875 0.0140625 0.0375
2 0.8078125 0.5765625 0.01640625 0.04140625
2 0.7734375 0.53515625 0.0109375 0.03984375
1 0.7203125 0.43046875 0.009375 0.0328125
2 0.67265625 0.48125 0.0125 0.034375
2 0.6578125 0.5203125 0.0125 0.0375
2 0.6609375 0.6515625 0.01171875 0.046875
2 0.63828125 0.5546875 0.009375 0.03828125
2 0.59296875 0.4328125 0.01171875 0.02734375
2 0.56015625 0.4125 0.0125 0.03125
2 0.56015625 0.446875 0.00703125 0.02734375
2 0.5734375 0.49375 0.0125 0.0328125
3 0.51484375 0.509375 0.009375 0.0390625
2 0.51484375 0.6234375 0.009375 0.040625
2 0.57890625 0.65234375 0.0140625 0.04375
2 0.4890625 0.58203125 0.0109375 0.04296875
2 0.48125 0.44609375 0.01171875 0.0296875
2 0.40625 0.5421875 0.009375 0.03984375
2 0.3828125 0.534375 0.0109375 0.03984375
2 0.303125 0.67265625 0.0140625 0.05078125
2 0.22578125 0.47109375 0.00546875 0.034375
2 0.09140625 0.58359375 0.01640625 0.04375
3 0.11875 0.384375 0.00703125 0.028125