2 0.35703125 0.40703125 0.015625 0.04921875
2 0.3046875 0.49609375 0.01875 0.0546875
2 0.65234375 0.721875 0.015625 0.0640625
2 0.19296875 0.63828125 0.01484375 0.06640625
2 0.39609375 0.36328125 0.01328125 0.046875
1 0.1234375 0.3671875 0.015625 0.0484375
2 0.484375 0.45078125 0.01328125 0.04609375
2 0.56796875 0.5 0.0125 0.05234375
2 0.38203125 0.57265625 0.0125 0.059375
2 0.87421875 0.53125 0.015625 0.05625
2 0.5796875 0.521875 0.01328125 0.0484375
3 0.0765625 0.75078125 0.025 0.06171875
2 0.59609375 0.38515625 0.0125 0.04375
2 0.15625 0.746875 0.021875 0.059375
2 0.49921875 0.60078125 0.0125 0.0625
2 0.271875 0.4734375 0.015625 0.0515625
2 0.50703125 0.28046875 0.00859375 0.03828125
0 0.8296875 0.55546875 0.00703125 0.01328125
2 0.76640625 0.38671875 0.0140625 0.0484375
2 0.4703125 0.3890625 0.01015625 0.0453125
3 0.48515625 0.4296875 0.01171875 0.04375
2 0.38359375 0.53515625 0.00859375 0.02890625
2 0.38671875 0.71328125 0.0171875 0.06484375
2 0.3828125 0.67109375 0.0171875 0.05390625