2 0.3171875 0.60703125 0.0140625 0.05390625
2 0.24921875 0.5140625 0.01953125 0.0515625
2 0.5984375 0.7921875 0.0140625 0.0703125
3 0.55625 0.4953125 0.01875 0.0421875
2 0.7859375 0.42109375 0.015625 0.04453125
2 0.51484375 0.38359375 0.009375 0.03984375
2 0.73046875 0.4109375 0.009375 0.04140625
2 0.71171875 0.60859375 0.0109375 0.0546875
2 0.740625 0.49453125 0.0125 0.04765625
3 0.0125 0.9703125 0.02421875 0.05859375
2 0.65703125 0.46328125 0.01015625 0.040625
2 0.63984375 0.43671875 0.0125 0.04140625
2 0.51796875 0.46640625 0.0140625 0.0453125
2 0.30703125 0.5234375 0.02109375 0.053125
2 0.3375 0.3828125 0.0125 0.03984375
2 0.9234375 0.51015625 0.0125 0.05
2 0.9484375 0.63359375 0.01640625 0.05859375
2 0.246875 0.43203125 0.01328125 0.03671875
2 0.41640625 0.43515625 0.009375 0.0421875
2 0.58671875 0.39765625 0.0125 0.040625
2 0.54140625 0.35234375 0.0078125 0.03359375
2 0.27421875 0.40078125 0.01640625 0.0359375