2 0.2265625 0.784375 0.015625 0.0734375
2 0.17109375 0.65703125 0.01484375 0.07109375
3 0.12890625 0.253125 0.0125 0.03828125
3 0.35625 0.45 0.0125 0.053125
1 0.86328125 0.375 0.0140625 0.06171875
2 0.11015625 0.28046875 0.009375 0.04375
2 0.1484375 0.296875 0.00859375 0.04453125
2 0.15703125 0.33671875 0.0078125 0.0453125
2 0.1625 0.40546875 0.0109375 0.04921875
2 0.12734375 0.4171875 0.01015625 0.05546875
2 0.14921875 0.5078125 0.01640625 0.06015625
2 0.21015625 0.44765625 0.01171875 0.0546875
2 0.29140625 0.40234375 0.0109375 0.04921875
2 0.40078125 0.49453125 0.01328125 0.053125
2 0.43984375 0.57890625 0.009375 0.05859375
2 0.3875 0.33046875 0.0078125 0.04375
2 0.440625 0.25625 0.009375 0.03828125
2 0.434375 0.3171875 0.009375 0.04375
2 0.54453125 0.365625 0.009375 0.04609375
2 0.56015625 0.4234375 0.0109375 0.05390625
2 0.64375 0.49765625 0.01640625 0.0625
2 0.715625 0.3046875 0.01015625 0.046875
2 0.91484375 0.55078125 0.01171875 0.065625