3 0.38359375 0.471875 0.00859375 0.0296875
3 0.328125 0.38046875 0.00546875 0.025
3 0.703125 0.828125 0.01484375 0.05390625
2 0.96328125 0.5015625 0.01171875 0.03828125
2 0.7984375 0.57578125 0.00859375 0.0375
2 0.625 0.5265625 0.00703125 0.0390625
2 0.63359375 0.4734375 0.00703125 0.03359375
2 0.60390625 0.45078125 0.0078125 0.03125
2 0.546875 0.553125 0.01015625 0.03515625
2 0.53125 0.57578125 0.009375 0.04140625
2 0.48828125 0.47109375 0.00859375 0.03203125
2 0.44609375 0.428125 0.00625 0.025
2 0.41015625 0.4203125 0.00703125 0.02578125
2 0.39140625 0.4484375 0.00625 0.03203125
0 0.3890625 0.4125 0.00390625 0.00625
2 0.37578125 0.40390625 0.0078125 0.025
2 0.35625 0.42421875 0.00859375 0.02265625
2 0.34453125 0.44296875 0.00859375 0.02421875
2 0.3015625 0.5 0.0109375 0.0328125
2 0.29375 0.4640625 0.0109375 0.0296875
2 0.28046875 0.4671875 0.009375 0.02890625
2 0.2625 0.47578125 0.0078125 0.03046875
2 0.24921875 0.46171875 0.009375 0.02890625
2 0.23046875 0.50859375 0.00859375 0.03359375
2 0.225 0.4875 0.00625 0.03359375
1 0.12421875 0.48359375 0.00859375 0.0359375