2 0.2640625 0.4484375 0.0109375 0.05390625
1 0.06328125 0.41875 0.01796875 0.0515625
2 0.4640625 0.30859375 0.00859375 0.0421875
2 0.51484375 0.484375 0.0109375 0.05390625
2 0.36171875 0.55234375 0.01015625 0.0578125
2 0.35078125 0.69609375 0.01875 0.065625
2 0.50078125 0.73125 0.01796875 0.06796875
2 0.55 0.6921875 0.01875 0.06328125
2 0.55390625 0.53359375 0.01171875 0.05390625
2 0.65390625 0.62734375 0.01171875 0.05859375
2 0.703125 0.5875 0.01171875 0.059375
2 0.6578125 0.42421875 0.009375 0.046875
2 0.62109375 0.328125 0.0109375 0.04296875
2 0.66953125 0.24375 0.01015625 0.0375
2 0.7984375 0.34453125 0.01171875 0.04453125
2 0.8140625 0.3671875 0.0140625 0.0390625
3 0.45078125 0.19765625 0.00703125 0.03203125
3 0.5734375 0.67578125 0.01796875 0.065625
0 0.40546875 0.72578125 0.00703125 0.01640625
2 0.8953125 0.465625 0.0109375 0.05390625
2 0.87578125 0.46171875 0.01171875 0.05234375
2 0.9265625 0.65234375 0.01640625 0.07421875
2 0.9203125 0.715625 0.015625 0.0703125
2 0.89375 0.746875 0.01796875 0.07578125
3 0.95625 0.8546875 0.021875 0.07421875