2 0.58828125 0.80078125 0.034375 0.0828125
2 0.91328125 0.50625 0.0140625 0.0671875
2 0.775 0.40078125 0.0140625 0.04765625
2 0.6671875 0.52265625 0.0140625 0.05390625
2 0.66015625 0.3859375 0.0171875 0.05234375
2 0.52578125 0.471875 0.02109375 0.05703125
2 0.6203125 0.3046875 0.0078125 0.04765625
3 0.62734375 0.20546875 0.01171875 0.04140625
3 0.26171875 0.38203125 0.0125 0.05234375
2 0.51484375 0.4609375 0.01796875 0.046875
2 0.55390625 0.309375 0.01015625 0.04453125
2 0.5046875 0.36015625 0.0109375 0.05
2 0.46640625 0.34453125 0.01015625 0.04609375
2 0.35234375 0.4234375 0.01171875 0.053125
2 0.36640625 0.21875 0.0109375 0.03671875
2 0.23203125 0.33671875 0.00859375 0.05078125
2 0.215625 0.2828125 0.01015625 0.0484375
2 0.16171875 0.35078125 0.01171875 0.04921875
2 0.1359375 0.41015625 0.0109375 0.053125
2 0.13984375 0.45390625 0.0171875 0.05390625
2 0.18046875 0.5296875 0.015625 0.0671875
2 0.1796875 0.584375 0.0140625 0.05859375