3 0.75625 0.84296875 0.02109375 0.07109375
3 0.44765625 0.4375 0.00859375 0.04453125
3 0.1640625 0.3015625 0.00859375 0.0359375
2 0.159375 0.4828125 0.0171875 0.05
2 0.14296875 0.64921875 0.01796875 0.065625
2 0.25 0.3875 0.0109375 0.04609375
2 0.30390625 0.546875 0.0125 0.05703125
2 0.31640625 0.48984375 0.01171875 0.05078125
2 0.35234375 0.54765625 0.01328125 0.05234375
2 0.353125 0.6109375 0.01484375 0.05546875
2 0.3421875 0.37890625 0.00859375 0.04140625
2 0.41640625 0.77578125 0.015625 0.07421875
2 0.446875 0.30390625 0.01015625 0.03203125
2 0.4375 0.37890625 0.00546875 0.040625
2 0.509375 0.37421875 0.0078125 0.0421875
2 0.46875 0.4671875 0.01015625 0.0453125
2 0.44453125 0.41953125 0.0078125 0.03828125
2 0.47265625 0.51796875 0.01015625 0.05390625
2 0.53984375 0.453125 0.0125 0.0515625
2 0.57890625 0.54609375 0.0109375 0.05859375
2 0.584375 0.6140625 0.0125 0.06328125
2 0.62109375 0.49296875 0.0078125 0.0484375
2 0.59765625 0.61640625 0.0109375 0.0609375
1 0.87109375 0.40546875 0.01171875 0.04765625