2 0.49375 0.59765625 0.05078125 0.1421875
2 0.08203125 0.66484375 0.05546875 0.1546875
2 0.584375 0.62734375 0.04375 0.14375
0 0.67265625 0.7796875 0.01640625 0.03125
2 0.0296875 0.59296875 0.02890625 0.16640625
2 0.72265625 0.7203125 0.06953125 0.1578125
2 0.32734375 0.5765625 0.028125 0.15859375
2 0.20234375 0.54921875 0.03984375 0.1546875
2 0.1234375 0.61953125 0.03203125 0.17734375
2 0.3859375 0.60625 0.04296875 0.1265625
2 0.38125 0.534375 0.02890625 0.1
2 0.678125 0.61953125 0.03359375 0.159375
1 0.65234375 0.62265625 0.0328125 0.125