2 0.159375 0.64921875 0.0140625 0.06328125
2 0.4546875 0.621875 0.01328125 0.05703125
2 0.5328125 0.48046875 0.00859375 0.046875
2 0.90625 0.54140625 0.0109375 0.05859375
2 0.86796875 0.5390625 0.01015625 0.05703125
2 0.44375 0.52734375 0.009375 0.0484375
2 0.79609375 0.6171875 0.0109375 0.06640625
2 0.72109375 0.4390625 0.01171875 0.04765625
2 0.30703125 0.4609375 0.0125 0.03828125
1 0.08203125 0.5203125 0.0109375 0.0546875
2 0.4203125 0.72109375 0.01640625 0.0703125
2 0.8734375 0.4625 0.00859375 0.05546875
2 0.46953125 0.4796875 0.0078125 0.04921875
2 0.84765625 0.6390625 0.0109375 0.06015625
2 0.64609375 0.4171875 0.0078125 0.0484375
2 0.2734375 0.44140625 0.00859375 0.04453125
2 0.2828125 0.4140625 0.0109375 0.04140625
2 0.46484375 0.55625 0.0109375 0.05546875
3 0.32734375 0.3984375 0.0109375 0.0421875
3 0.6109375 0.46875 0.01015625 0.046875
2 0.609375 0.4359375 0.00859375 0.03046875
2 0.6484375 0.5265625 0.0109375 0.0546875
2 0.8125 0.48125 0.0109375 0.05546875