2 0.54765625 0.66328125 0.01484375 0.05859375
1 0.10625 0.4421875 0.01328125 0.05234375
2 0.33671875 0.421875 0.01171875 0.04921875
3 0.27109375 0.61015625 0.0171875 0.0609375
2 0.29296875 0.484375 0.01171875 0.04921875
2 0.64296875 0.42109375 0.0125 0.04296875
2 0.4171875 0.59140625 0.01796875 0.046875
2 0.5671875 0.38125 0.0109375 0.0421875
2 0.25625 0.425 0.009375 0.05
2 0.2265625 0.36171875 0.01015625 0.04375
2 0.471875 0.55546875 0.0125 0.05390625
0 0.51875 0.54609375 0.00625 0.01328125
2 0.74296875 0.4484375 0.0125 0.05
2 0.47890625 0.5609375 0.01015625 0.053125
3 0.9109375 0.35625 0.01328125 0.04453125
2 0.83984375 0.63125 0.021875 0.06640625
3 0.58203125 0.5 0.01640625 0.059375
2 0.4921875 0.5546875 0.0171875 0.05234375
2 0.534375 0.66171875 0.0171875 0.06015625
2 0.36171875 0.54765625 0.01171875 0.04453125
2 0.37578125 0.45390625 0.0125 0.0484375
2 0.36640625 0.4390625 0.01171875 0.040625
2 0.375 0.40625 0.0109375 0.04140625
2 0.22421875 0.5796875 0.01328125 0.05078125
2 0.28359375 0.4953125 0.01015625 0.0515625