2 0.2859375 0.6046875 0.03671875 0.1859375
2 0.91875 0.37421875 0.02734375 0.14609375
2 0.734375 0.521875 0.0328125 0.1828125
2 0.57109375 0.63671875 0.03125 0.1984375
2 0.7890625 0.56875 0.034375 0.20546875
2 0.53359375 0.46015625 0.0421875 0.1671875
2 0.63984375 0.4546875 0.0296875 0.16484375
2 0.684375 0.4359375 0.04296875 0.16640625
2 0.5625 0.42421875 0.03203125 0.165625
2 0.7609375 0.65703125 0.0453125 0.20234375
2 0.12421875 0.68125 0.0484375 0.21796875
0 0.32890625 0.44453125 0.0109375 0.02109375
2 0.78671875 0.41015625 0.0390625 0.15390625
1 0.271875 0.44453125 0.1015625 0.1421875