2 0.09296875 0.62578125 0.0171875 0.07109375
2 0.36171875 0.5265625 0.01640625 0.071875
2 0.5546875 0.3 0.0109375 0.05
2 0.56015625 0.440625 0.0109375 0.0640625
2 0.47421875 0.56953125 0.0125 0.071875
2 0.59921875 0.65 0.015625 0.07109375
2 0.60625 0.5609375 0.01171875 0.07109375
2 0.66015625 0.57109375 0.0203125 0.07890625
2 0.70078125 0.56484375 0.0171875 0.075
2 0.71640625 0.57578125 0.015625 0.0765625
2 0.74375 0.565625 0.01328125 0.075
2 0.72265625 0.55234375 0.01171875 0.0671875
2 0.6953125 0.5234375 0.0140625 0.065625
2 0.6734375 0.4578125 0.0140625 0.06171875
2 0.715625 0.48125 0.0125 0.06796875
2 0.759375 0.484375 0.0125 0.0703125
2 0.77890625 0.46328125 0.0125 0.06640625
2 0.7890625 0.51015625 0.01953125 0.07109375
2 0.821875 0.5296875 0.01484375 0.071875
2 0.84140625 0.5140625 0.0140625 0.065625
1 0.84921875 0.49375 0.015625 0.0703125
3 0.48359375 0.50703125 0.01796875 0.0640625
0 0.54765625 0.31953125 0.00546875 0.01171875