3 0.29609375 0.39375 0.01171875 0.0546875
3 0.2078125 0.19765625 0.00859375 0.03984375
2 0.29765625 0.278125 0.009375 0.046875
2 0.3046875 0.23828125 0.0109375 0.04453125
2 0.31484375 0.30078125 0.00859375 0.05078125
2 0.35546875 0.33984375 0.0109375 0.04609375
2 0.221875 0.45 0.01328125 0.0640625
2 0.178125 0.44453125 0.01328125 0.0609375
2 0.1625 0.61953125 0.0140625 0.0734375
2 0.1703125 0.33359375 0.009375 0.05078125
2 0.43984375 0.50078125 0.01484375 0.06640625
2 0.38203125 0.2234375 0.01015625 0.04140625
2 0.4671875 0.2828125 0.009375 0.0421875
2 0.51953125 0.26171875 0.01484375 0.04609375
2 0.578125 0.4828125 0.01328125 0.05859375
2 0.08046875 0.87734375 0.01953125 0.08671875
2 0.55703125 0.22265625 0.00859375 0.04453125
2 0.65546875 0.3078125 0.0109375 0.04140625
2 0.6671875 0.29921875 0.009375 0.04921875
2 0.69765625 0.36171875 0.021875 0.0515625
2 0.83515625 0.35625 0.01875 0.04921875
2 0.91015625 0.565625 0.01953125 0.071875
0 0.7890625 0.37265625 0.00703125 0.01484375