3 0.37265625 0.3421875 0.00546875 0.02734375
2 0.2671875 0.39609375 0.0078125 0.03359375
2 0.1796875 0.51484375 0.009375 0.04609375
2 0.284375 0.4953125 0.0078125 0.03984375
2 0.37578125 0.45 0.0078125 0.040625
1 0.16328125 0.4609375 0.0109375 0.03984375
2 0.26328125 0.73828125 0.01171875 0.059375
2 0.09921875 0.62421875 0.01484375 0.0484375
2 0.0421875 0.85859375 0.01796875 0.0703125
2 0.49765625 0.359375 0.009375 0.034375
2 0.45234375 0.425 0.0078125 0.03515625
2 0.390625 0.39296875 0.00859375 0.0359375
2 0.3859375 0.53828125 0.00859375 0.04375
2 0.39765625 0.5453125 0.00859375 0.04140625
2 0.41796875 0.6671875 0.0078125 0.053125
3 0.50546875 0.52109375 0.01171875 0.04453125
2 0.70625 0.45859375 0.01015625 0.04140625
2 0.53515625 0.52265625 0.00859375 0.0453125
2 0.71171875 0.478125 0.0078125 0.040625
2 0.746875 0.64375 0.0125 0.06015625
2 0.76953125 0.49140625 0.0109375 0.0453125
2 0.81015625 0.58671875 0.01171875 0.053125
2 0.7828125 0.58828125 0.0125 0.05
2 0.76953125 0.66328125 0.01015625 0.053125
3 0.85 0.9640625 0.0171875 0.07109375