2 0.35546875 0.26875 0.01015625 0.03984375
2 0.3609375 0.3328125 0.0109375 0.046875
2 0.42109375 0.3703125 0.00859375 0.0421875
2 0.43125 0.34453125 0.0140625 0.040625
2 0.4265625 0.23515625 0.00859375 0.040625
3 0.34609375 0.2265625 0.009375 0.0375
3 0.42890625 0.42890625 0.01015625 0.0515625
2 0.4140625 0.47578125 0.0078125 0.0546875
2 0.26875 0.4265625 0.01015625 0.0515625
2 0.271875 0.54140625 0.0109375 0.059375
2 0.2296875 0.675 0.01484375 0.0734375
2 0.40390625 0.53828125 0.0171875 0.0609375
2 0.11796875 0.821875 0.01875 0.0765625
2 0.55078125 0.315625 0.01328125 0.04375
2 0.58671875 0.32265625 0.01015625 0.04609375
2 0.659375 0.29765625 0.00859375 0.04609375
2 0.60078125 0.4109375 0.0125 0.0453125
2 0.7 0.4453125 0.0140625 0.05625
2 0.62421875 0.528125 0.01171875 0.0640625
2 0.55 0.74609375 0.0140625 0.08125
2 0.7734375 0.39375 0.01171875 0.0578125
2 0.86484375 0.57890625 0.01171875 0.06640625