2 0.74296875 0.678125 0.02265625 0.059375
1 0.8984375 0.4515625 0.0109375 0.04765625
2 0.790625 0.54375 0.01171875 0.05390625
2 0.7796875 0.53046875 0.015625 0.0546875
2 0.75703125 0.49921875 0.00859375 0.0515625
2 0.7015625 0.4515625 0.01171875 0.0484375
2 0.67109375 0.4515625 0.009375 0.0453125
2 0.64296875 0.4140625 0.00859375 0.0453125
2 0.6125 0.4625 0.01484375 0.04140625
3 0.56328125 0.303125 0.0109375 0.0328125
2 0.54921875 0.375 0.0109375 0.03671875
2 0.53984375 0.44140625 0.01015625 0.04609375
2 0.51796875 0.42421875 0.01015625 0.03671875
2 0.4953125 0.4234375 0.01171875 0.0390625
3 0.5109375 0.4875 0.00703125 0.0515625
2 0.49140625 0.3734375 0.01015625 0.0421875
2 0.446875 0.39453125 0.00546875 0.04296875
2 0.43125 0.6015625 0.0125 0.05546875
2 0.32890625 0.4546875 0.01171875 0.05234375
2 0.3375 0.3953125 0.00625 0.04609375
2 0.26953125 0.59140625 0.01953125 0.05390625
0 0.4953125 0.43828125 0.00390625 0.009375
2 0.19453125 0.4921875 0.0140625 0.05546875
2 0.10546875 0.57578125 0.01796875 0.05546875