2 0.4234375 0.76875 0.01640625 0.07109375
2 0.52421875 0.68359375 0.02109375 0.06015625
2 0.5390625 0.71484375 0.015625 0.06640625
2 0.46953125 0.48359375 0.0125 0.0515625
2 0.428125 0.49296875 0.0109375 0.05234375
2 0.296875 0.54609375 0.01328125 0.0578125
2 0.2390625 0.5140625 0.0109375 0.0546875
2 0.20703125 0.51328125 0.0125 0.05546875
2 0.1796875 0.59609375 0.0109375 0.04296875
2 0.18125 0.62578125 0.01015625 0.0609375
2 0.29609375 0.44140625 0.01171875 0.0515625
2 0.43125 0.3765625 0.00859375 0.05078125
2 0.48515625 0.30234375 0.01484375 0.04140625
2 0.590625 0.24140625 0.00703125 0.034375
3 0.47421875 0.2015625 0.0078125 0.03203125
3 0.484375 0.50390625 0.0109375 0.0546875
1 0.17578125 0.35546875 0.01328125 0.04609375
0 0.484375 0.684375 0.0078125 0.01171875
2 0.62578125 0.34921875 0.01015625 0.0421875
2 0.62421875 0.45078125 0.009375 0.04921875
2 0.79140625 0.4421875 0.01015625 0.05234375
2 0.87109375 0.57734375 0.01328125 0.065625
2 0.73828125 0.72578125 0.01796875 0.07265625
2 0.871875 0.8 0.02578125 0.08125
3 0.91328125 0.88984375 0.015625 0.08046875