3 0.465625 0.45703125 0.0125 0.05703125
0 0.23125 0.51328125 0.00546875 0.0125
2 0.23828125 0.4875 0.01640625 0.05546875
2 0.28671875 0.48359375 0.01015625 0.05546875
2 0.3109375 0.56796875 0.01640625 0.06171875
2 0.0953125 0.5953125 0.02578125 0.0640625
2 0.31640625 0.7359375 0.01875 0.07578125
2 0.275 0.41484375 0.0125 0.05234375
2 0.33359375 0.42578125 0.009375 0.053125
2 0.39296875 0.37265625 0.01015625 0.046875
2 0.41015625 0.35234375 0.0109375 0.046875
2 0.378125 0.29765625 0.01484375 0.040625
2 0.48203125 0.33828125 0.01015625 0.0484375
2 0.55859375 0.48828125 0.01171875 0.05234375
2 0.58671875 0.4078125 0.0078125 0.0515625
2 0.6125 0.39765625 0.01328125 0.04765625
2 0.61328125 0.4609375 0.009375 0.05859375
2 0.6265625 0.4671875 0.01328125 0.059375
2 0.659375 0.5109375 0.01015625 0.0546875
2 0.63515625 0.6046875 0.0109375 0.06015625
2 0.7359375 0.55390625 0.0125 0.06171875
2 0.7765625 0.69296875 0.01171875 0.071875
1 0.825 0.4109375 0.015625 0.05625