2 0.375 0.6796875 0.0140625 0.053125
2 0.503125 0.50546875 0.01171875 0.0390625
2 0.56171875 0.56484375 0.0109375 0.04375
2 0.68046875 0.6359375 0.0140625 0.05
3 0.465625 0.6640625 0.0125 0.05234375
2 0.5671875 0.71328125 0.01015625 0.0515625
1 0.75390625 0.525 0.0109375 0.04609375
2 0.54609375 0.52578125 0.0125 0.0375
2 0.72890625 0.5359375 0.0109375 0.04453125
2 0.790625 0.578125 0.009375 0.04765625
2 0.28671875 0.52421875 0.015625 0.04140625
2 0.40546875 0.6640625 0.009375 0.04765625
2 0.6203125 0.59609375 0.01015625 0.05234375
2 0.5703125 0.4890625 0.009375 0.03828125
2 0.09453125 0.64453125 0.01640625 0.0515625
2 0.61796875 0.72578125 0.01484375 0.05703125
2 0.34140625 0.61796875 0.01015625 0.053125
2 0.084375 0.56484375 0.0140625 0.0484375
2 0.17578125 0.6046875 0.0109375 0.04453125
1 0.2859375 0.48828125 0.0125 0.034375
2 0.23828125 0.77734375 0.01328125 0.05546875
2 0.67421875 0.5578125 0.0125 0.0421875