2 0.66796875 0.64296875 0.0171875 0.05546875
2 0.74375 0.53125 0.0109375 0.04921875
3 0.9546875 0.81171875 0.01640625 0.06328125
2 0.52734375 0.64453125 0.0203125 0.0578125
2 0.3578125 0.64609375 0.015625 0.05
2 0.71953125 0.39765625 0.009375 0.03671875
2 0.2328125 0.59453125 0.01875 0.046875
2 0.72109375 0.5140625 0.01171875 0.04375
2 0.30703125 0.6484375 0.01953125 0.0515625
2 0.70234375 0.4484375 0.0125 0.04453125
2 0.48671875 0.5796875 0.0125 0.0484375
2 0.2875 0.69375 0.01484375 0.05390625
2 0.33046875 0.60546875 0.021875 0.0484375
2 0.68984375 0.4671875 0.01015625 0.03671875
2 0.7328125 0.44296875 0.01015625 0.0375
2 0.83359375 0.41484375 0.009375 0.0375
2 0.8578125 0.425 0.009375 0.03515625
0 0.27890625 0.7109375 0.00625 0.009375
3 0.37578125 0.5546875 0.01171875 0.03828125
2 0.3359375 0.54609375 0.0171875 0.0421875
2 0.30078125 0.4515625 0.01640625 0.0359375
2 0.365625 0.40390625 0.0109375 0.034375
2 0.41328125 0.40390625 0.0125 0.0328125