2 0.16015625 0.671875 0.01953125 0.0578125
2 0.14453125 0.75390625 0.01796875 0.06328125
2 0.07890625 0.54609375 0.0109375 0.04921875
2 0.15546875 0.44453125 0.0078125 0.04375
2 0.20703125 0.4046875 0.00625 0.0375
3 0.0984375 0.36015625 0.00859375 0.03671875
2 0.24140625 0.4640625 0.0078125 0.040625
2 0.33046875 0.55859375 0.009375 0.053125
2 0.390625 0.46484375 0.00703125 0.0421875
2 0.4484375 0.56171875 0.0171875 0.04921875
2 0.51484375 0.425 0.00859375 0.03984375
2 0.46875 0.37421875 0.01328125 0.0359375
3 0.5 0.38828125 0.0078125 0.0390625
2 0.62109375 0.43359375 0.0078125 0.0421875
2 0.634375 0.40234375 0.00859375 0.03515625
2 0.67890625 0.4953125 0.0109375 0.04765625
2 0.709375 0.39765625 0.00703125 0.0390625
2 0.7265625 0.365625 0.00859375 0.034375
2 0.7375 0.378125 0.00703125 0.03671875
2 0.796875 0.41875 0.01328125 0.04921875
2 0.81484375 0.4328125 0.01328125 0.03671875
2 0.81171875 0.4296875 0.01171875 0.03046875
1 0.8421875 0.41171875 0.025 0.0140625