0 0.21015625 0.58515625 0.0078125 0.01328125
1 0.06953125 0.321875 0.0109375 0.04375
2 0.153125 0.41328125 0.01328125 0.05
2 0.1890625 0.46015625 0.01171875 0.05078125
2 0.1890625 0.56484375 0.01875 0.05703125
2 0.39375 0.52109375 0.00859375 0.05
2 0.3828125 0.453125 0.00859375 0.04296875
2 0.384375 0.36640625 0.00859375 0.04453125
2 0.45703125 0.39453125 0.0109375 0.03828125
2 0.50859375 0.45546875 0.01171875 0.05078125
2 0.50703125 0.25390625 0.0078125 0.03828125
2 0.56015625 0.3046875 0.0078125 0.04140625
2 0.57578125 0.34765625 0.009375 0.0375
2 0.71796875 0.2515625 0.0078125 0.03359375
2 0.759375 0.28984375 0.0078125 0.03984375
2 0.7375 0.36015625 0.00859375 0.03984375
2 0.7671875 0.3359375 0.009375 0.0421875
3 0.803125 0.23515625 0.00859375 0.034375
3 0.64765625 0.4328125 0.0109375 0.04765625
2 0.8296875 0.40625 0.009375 0.05
2 0.75546875 0.5171875 0.01328125 0.0515625
2 0.80390625 0.53359375 0.009375 0.05390625
2 0.77265625 0.66484375 0.015625 0.0609375
2 0.73125 0.7828125 0.02265625 0.06953125