2 0.21640625 0.5296875 0.0140625 0.053125
2 0.20546875 0.46015625 0.01171875 0.05234375
2 0.259375 0.5 0.0109375 0.04609375
2 0.2234375 0.34765625 0.01171875 0.04453125
2 0.1828125 0.321875 0.0078125 0.04375
2 0.23359375 0.2796875 0.0078125 0.03828125
2 0.28828125 0.31640625 0.0109375 0.0390625
2 0.35625 0.37578125 0.01015625 0.04140625
2 0.37578125 0.3265625 0.00859375 0.0375
2 0.38046875 0.4328125 0.015625 0.03984375
3 0.31171875 0.48515625 0.01328125 0.0515625
3 0.1578125 0.24921875 0.0109375 0.0359375
2 0.1296875 0.7015625 0.0140625 0.06796875
2 0.1359375 0.85703125 0.01640625 0.07578125
2 0.47109375 0.25390625 0.00859375 0.03515625
2 0.45625 0.31484375 0.009375 0.0421875
2 0.44609375 0.43125 0.0109375 0.04296875
2 0.5078125 0.4859375 0.0140625 0.05390625
2 0.55078125 0.396875 0.0109375 0.04140625
2 0.62265625 0.371875 0.01171875 0.04921875
2 0.63828125 0.4328125 0.0125 0.0484375
0 0.62890625 0.4484375 0.0046875 0.0109375
2 0.76484375 0.53828125 0.01171875 0.05078125
3 0.9625 0.7515625 0.0171875 0.0640625
1 0.90703125 0.33671875 0.01171875 0.04765625