3 0.2828125 0.23984375 0.009375 0.03125
3 0.5859375 0.396875 0.0109375 0.04609375
3 0.80390625 0.9078125 0.01875 0.08203125
2 0.2234375 0.41015625 0.00859375 0.0484375
2 0.29609375 0.3265625 0.0125 0.0484375
2 0.29921875 0.603125 0.02421875 0.065625
2 0.38203125 0.51796875 0.0140625 0.05703125
2 0.43359375 0.43359375 0.0140625 0.046875
2 0.46171875 0.453125 0.0109375 0.0546875
2 0.44140625 0.31640625 0.0125 0.03984375
2 0.5109375 0.371875 0.0078125 0.0453125
2 0.434375 0.62109375 0.01171875 0.06015625
2 0.5421875 0.559375 0.01171875 0.0546875
2 0.540625 0.5015625 0.01328125 0.06015625
0 0.24453125 0.43046875 0.00546875 0.01015625
2 0.4625 0.81640625 0.01875 0.0828125
2 0.5671875 0.25 0.00859375 0.0390625
2 0.6125 0.3421875 0.00625 0.04609375
2 0.63828125 0.32265625 0.00859375 0.0453125
2 0.67578125 0.39453125 0.01015625 0.0515625
2 0.69375 0.4265625 0.00859375 0.05625
2 0.6796875 0.47421875 0.0140625 0.06015625
2 0.7 0.63984375 0.01328125 0.071875
2 0.71875 0.76640625 0.01484375 0.075