2 0.9203125 0.5265625 0.0125 0.06015625
2 0.784375 0.5953125 0.0140625 0.06640625
2 0.40390625 0.4546875 0.01015625 0.046875
2 0.640625 0.47890625 0.01171875 0.05234375
2 0.40390625 0.5359375 0.01171875 0.05
2 0.54140625 0.43359375 0.009375 0.04453125
2 0.603125 0.36640625 0.0109375 0.0375
2 0.765625 0.43125 0.01015625 0.05078125
2 0.78984375 0.54453125 0.01328125 0.0578125
2 0.41796875 0.51015625 0.01171875 0.05078125
2 0.44765625 0.4015625 0.009375 0.04296875
2 0.8890625 0.44453125 0.0140625 0.05546875
2 0.6125 0.40234375 0.00703125 0.0484375
2 0.203125 0.57890625 0.01328125 0.0578125
2 0.43125 0.434375 0.0109375 0.04609375
2 0.3328125 0.36796875 0.01171875 0.04375
2 0.7 0.57265625 0.01171875 0.06328125
1 0.109375 0.4953125 0.01328125 0.04296875
2 0.20078125 0.50234375 0.0140625 0.05078125
2 0.28984375 0.365625 0.00859375 0.0234375
3 0.30703125 0.3453125 0.0109375 0.03984375
2 0.46875 0.36875 0.01171875 0.0421875
3 0.5109375 0.37578125 0.00859375 0.040625
0 0.334375 0.39921875 0.00390625 0.00703125