2 0.30390625 0.61875 0.01640625 0.0453125
2 0.53359375 0.62890625 0.01640625 0.0484375
2 0.21953125 0.7203125 0.015625 0.05390625
2 0.20390625 0.5953125 0.015625 0.04296875
2 0.1796875 0.69140625 0.01953125 0.04375
2 0.53828125 0.421875 0.01171875 0.03359375
2 0.43203125 0.53984375 0.0140625 0.040625
2 0.81953125 0.59375 0.0140625 0.05
3 0.471875 0.56328125 0.01328125 0.04140625
2 0.31953125 0.5828125 0.0125 0.04765625
2 0.56328125 0.590625 0.0125 0.046875
2 0.2671875 0.53359375 0.0125 0.04296875
2 0.40546875 0.45625 0.0109375 0.03828125
2 0.221875 0.56875 0.01484375 0.04296875
1 0.1609375 0.48203125 0.0109375 0.04375
3 0.009375 0.7734375 0.01796875 0.04765625
2 0.7703125 0.48125 0.009375 0.03671875
2 0.67421875 0.55 0.0140625 0.04140625
2 0.54453125 0.48046875 0.01015625 0.0359375
2 0.5515625 0.71875 0.0109375 0.05078125
2 0.70078125 0.72578125 0.01171875 0.0546875
2 0.27578125 0.728125 0.01796875 0.0546875
2 0.44921875 0.45234375 0.01171875 0.0390625
0 0.2421875 0.49453125 0.00546875 0.00703125