2 0.0421875 0.36953125 0.05078125 0.15078125
2 0.1859375 0.571875 0.05546875 0.1953125
0 0.6046875 0.4703125 0.01484375 0.02578125
2 0.2625 0.52265625 0.0390625 0.1765625
2 0.6859375 0.60234375 0.04453125 0.18984375
2 0.425 0.64453125 0.03125 0.184375
2 0.2015625 0.4171875 0.03359375 0.1484375
2 0.29609375 0.44375 0.0375 0.15625
2 0.8796875 0.6828125 0.0328125 0.2125
2 0.40234375 0.4265625 0.04609375 0.16796875
2 0.32734375 0.45078125 0.025 0.15625
2 0.42734375 0.465625 0.0359375 0.1734375
2 0.23046875 0.6609375 0.0515625 0.1953125
1 0.76640625 0.45859375 0.0859375 0.121875