2 0.50625 0.45 0.01328125 0.0390625
2 0.9296875 0.49765625 0.0140625 0.05234375
2 0.8875 0.621875 0.02265625 0.05859375
2 0.79296875 0.4640625 0.015625 0.046875
2 0.79921875 0.38671875 0.0078125 0.04765625
2 0.70234375 0.51953125 0.0078125 0.05234375
3 0.9171875 0.32109375 0.01171875 0.03984375
2 0.66640625 0.36484375 0.01171875 0.0375
2 0.69296875 0.478125 0.0125 0.04609375
2 0.5375 0.7375 0.02109375 0.0671875
2 0.63203125 0.58125 0.01015625 0.05625
2 0.48515625 0.44921875 0.015625 0.04375
2 0.51015625 0.3625 0.009375 0.02265625
2 0.465625 0.3328125 0.00859375 0.03359375
2 0.41171875 0.29375 0.00859375 0.0328125
2 0.39765625 0.30625 0.01796875 0.0328125
2 0.3828125 0.36640625 0.0109375 0.0453125
2 0.353125 0.4453125 0.009375 0.04609375
2 0.37890625 0.51015625 0.01328125 0.05703125
2 0.30859375 0.52734375 0.01015625 0.05
2 0.3 0.434375 0.015625 0.04609375
0 0.44453125 0.33515625 0.00390625 0.00859375
1 0.12890625 0.38515625 0.01328125 0.0453125
3 0.5125 0.38671875 0.00859375 0.04140625