2 0.7984375 0.8109375 0.01796875 0.07578125
2 0.78984375 0.66640625 0.0140625 0.06328125
2 0.7671875 0.5828125 0.0109375 0.06171875
2 0.775 0.43359375 0.01015625 0.0515625
3 0.75546875 0.24296875 0.00859375 0.03515625
3 0.63125 0.4765625 0.01015625 0.05546875
2 0.72421875 0.29140625 0.00859375 0.04375
2 0.69453125 0.32421875 0.0140625 0.0390625
2 0.66640625 0.2484375 0.00703125 0.0359375
2 0.6109375 0.31640625 0.01484375 0.0359375
2 0.60078125 0.50546875 0.01171875 0.0515625
2 0.634375 0.5203125 0.01015625 0.05546875
2 0.58984375 0.55 0.0125 0.0578125
2 0.4625 0.43203125 0.01015625 0.05
2 0.4671875 0.365625 0.01328125 0.04375
2 0.48203125 0.30625 0.009375 0.0421875
2 0.4734375 0.2671875 0.0078125 0.03984375
2 0.41640625 0.3671875 0.0125 0.04296875
2 0.4234375 0.47890625 0.01328125 0.05390625
2 0.40546875 0.51953125 0.01171875 0.059375
1 0.0078125 0.3625 0.01484375 0.0546875
2 0.303125 0.3453125 0.01015625 0.04375
2 0.25390625 0.57578125 0.01328125 0.0625
3 0.03671875 0.81171875 0.025 0.071875
0 0.4078125 0.37890625 0.0046875 0.0109375