2 0.77421875 0.740625 0.01875 0.0703125
2 0.72421875 0.5984375 0.0125 0.0640625
2 0.63046875 0.49453125 0.01328125 0.05546875
2 0.56875 0.40703125 0.01015625 0.0484375
2 0.5203125 0.396875 0.01015625 0.05
2 0.51875 0.56953125 0.01171875 0.0640625
2 0.48984375 0.5703125 0.01171875 0.06875
2 0.5046875 0.43515625 0.0109375 0.04453125
2 0.51328125 0.42578125 0.009375 0.04921875
2 0.53828125 0.35078125 0.01015625 0.05078125
2 0.50546875 0.334375 0.01484375 0.0390625
2 0.4734375 0.3265625 0.01484375 0.03828125
2 0.39921875 0.40234375 0.01171875 0.04140625
2 0.3890625 0.42734375 0.01171875 0.046875
2 0.34921875 0.40390625 0.0109375 0.0484375
2 0.340625 0.31328125 0.01484375 0.04140625
2 0.2859375 0.375 0.0125 0.04609375
2 0.2328125 0.65859375 0.0171875 0.07421875
2 0.1328125 0.49609375 0.01875 0.0609375
2 0.17890625 0.378125 0.01015625 0.0515625
1 0.86796875 0.41875 0.01015625 0.05390625
3 0.43203125 0.50703125 0.0125 0.0578125
3 0.48359375 0.2703125 0.01171875 0.0421875