2 0.51015625 0.3796875 0.00625 0.0328125
2 0.4765625 0.48359375 0.01015625 0.04296875
2 0.4625 0.47421875 0.00859375 0.03671875
2 0.38125 0.3828125 0.009375 0.03515625
3 0.36640625 0.31484375 0.00625 0.0296875
2 0.39375 0.5390625 0.00859375 0.0484375
2 0.434375 0.659375 0.015625 0.053125
2 0.31953125 0.60078125 0.0140625 0.04921875
2 0.24296875 0.4625 0.00859375 0.0390625
1 0.0828125 0.475 0.0109375 0.04453125
0 0.328125 0.62578125 0.00546875 0.01015625
3 0.609375 0.4625 0.00859375 0.03984375
3 0.8171875 0.903125 0.021875 0.06640625
2 0.75859375 0.7328125 0.00859375 0.06484375
2 0.74609375 0.55390625 0.0109375 0.05
2 0.73125 0.5109375 0.0109375 0.046875
2 0.71640625 0.4671875 0.01171875 0.04453125
2 0.6546875 0.396875 0.00859375 0.03671875
2 0.63515625 0.40546875 0.0078125 0.03359375
2 0.55234375 0.45546875 0.01015625 0.0375
2 0.56015625 0.53515625 0.01015625 0.04140625
2 0.54609375 0.56875 0.009375 0.0515625
2 0.43828125 0.8046875 0.01953125 0.06484375
2 0.55546875 0.33359375 0.00703125 0.0296875
2 0.690625 0.77890625 0.01484375 0.06640625