2 0.853125 0.3484375 0.01640625 0.03984375
2 0.8078125 0.5734375 0.02109375 0.053125
2 0.721875 0.415625 0.00859375 0.05546875
2 0.59140625 0.53046875 0.01640625 0.0734375
2 0.65 0.6484375 0.01953125 0.0765625
2 0.59921875 0.35390625 0.00859375 0.05078125
2 0.53984375 0.3890625 0.009375 0.0578125
2 0.49609375 0.309375 0.01015625 0.04921875
2 0.49921875 0.32734375 0.01875 0.01953125
2 0.46328125 0.4140625 0.0171875 0.0515625
2 0.38046875 0.31640625 0.01171875 0.05
2 0.3421875 0.37421875 0.0125 0.05703125
2 0.35390625 0.4171875 0.01171875 0.059375
2 0.284375 0.3203125 0.0109375 0.05546875
3 0.215625 0.28828125 0.0125 0.04921875
2 0.2046875 0.3828125 0.00859375 0.06328125
2 0.14609375 0.44453125 0.01328125 0.06015625
2 0.1265625 0.51484375 0.01640625 0.06875
2 0.1984375 0.5078125 0.01328125 0.06796875
2 0.22890625 0.69375 0.01015625 0.07578125
2 0.3046875 0.85546875 0.02109375 0.0890625
3 0.30078125 0.478125 0.01328125 0.06484375