2 0.14140625 0.5859375 0.01328125 0.04375
2 0.27109375 0.47734375 0.0125 0.0375
2 0.32890625 0.57578125 0.0078125 0.03984375
2 0.2390625 0.72734375 0.02109375 0.05390625
2 0.2875 0.7359375 0.0203125 0.05
2 0.37734375 0.5453125 0.0125 0.04140625
2 0.43125 0.5984375 0.01171875 0.04296875
2 0.5234375 0.6765625 0.0125 0.04609375
2 0.6234375 0.6203125 0.01171875 0.0453125
2 0.69296875 0.58359375 0.01015625 0.05234375
2 0.715625 0.553125 0.00859375 0.040625
2 0.61875 0.53515625 0.0078125 0.03359375
2 0.6828125 0.49140625 0.01015625 0.0328125
2 0.609375 0.4421875 0.00859375 0.03125
2 0.5890625 0.4390625 0.00546875 0.034375
2 0.55078125 0.47265625 0.01015625 0.02890625
2 0.44375 0.43671875 0.0125 0.0296875
2 0.42734375 0.4125 0.0125 0.03046875
1 0.70859375 0.43046875 0.00859375 0.03671875
2 0.8328125 0.575 0.0109375 0.0453125
2 0.85078125 0.58671875 0.01171875 0.04140625
3 0.95 0.653125 0.0140625 0.04609375
3 0.52109375 0.50546875 0.0078125 0.03828125
0 0.7953125 0.57578125 0.009375 0.01484375
3 0.12421875 0.3875 0.00859375 0.02890625