2 0.22578125 0.740625 0.01875 0.0703125
2 0.27578125 0.5984375 0.0125 0.0640625
2 0.36953125 0.49453125 0.01328125 0.05546875
2 0.43125 0.40703125 0.01015625 0.0484375
2 0.4796875 0.396875 0.01015625 0.05
2 0.48125 0.56953125 0.01171875 0.0640625
2 0.51015625 0.5703125 0.01171875 0.06875
2 0.4953125 0.43515625 0.0109375 0.04453125
2 0.48671875 0.42578125 0.009375 0.04921875
2 0.46171875 0.35078125 0.01015625 0.05078125
2 0.49453125 0.334375 0.01484375 0.0390625
2 0.5265625 0.3265625 0.01484375 0.03828125
2 0.60078125 0.40234375 0.01171875 0.04140625
2 0.6109375 0.42734375 0.01171875 0.046875
2 0.65078125 0.40390625 0.0109375 0.0484375
2 0.659375 0.31328125 0.01484375 0.04140625
2 0.7140625 0.375 0.0125 0.04609375
2 0.7671875 0.65859375 0.0171875 0.07421875
2 0.8671875 0.49609375 0.01875 0.0609375
2 0.82109375 0.378125 0.01015625 0.0515625
1 0.13203125 0.41875 0.01015625 0.05390625
3 0.56796875 0.50703125 0.0125 0.0578125
3 0.51640625 0.2703125 0.01171875 0.0421875