2 0.340625 0.696875 0.0140625 0.05625
1 0.78125 0.5234375 0.0125 0.04609375
2 0.65 0.58046875 0.01328125 0.05
2 0.5359375 0.53828125 0.01328125 0.05
2 0.44140625 0.528125 0.0109375 0.046875
2 0.565625 0.59375 0.01171875 0.04609375
2 0.340625 0.55 0.0109375 0.03984375
2 0.54140625 0.46875 0.009375 0.0390625
2 0.24609375 0.525 0.009375 0.04453125
2 0.6046875 0.42109375 0.009375 0.0296875
2 0.1046875 0.60625 0.015625 0.0359375
2 0.3484375 0.61640625 0.0125 0.0515625
3 0.70078125 0.60390625 0.0125 0.05
2 0.6296875 0.41328125 0.0078125 0.0359375
2 0.6609375 0.41328125 0.0078125 0.03046875
2 0.5609375 0.5671875 0.01015625 0.04375