1 0.82109375 0.39375 0.01171875 0.046875
2 0.45546875 0.48671875 0.00859375 0.04765625
2 0.53359375 0.421875 0.00859375 0.046875
2 0.49453125 0.35390625 0.0078125 0.04296875
2 0.44921875 0.3015625 0.01171875 0.0359375
2 0.4296875 0.35234375 0.00859375 0.0421875
2 0.37421875 0.34609375 0.009375 0.03671875
2 0.59296875 0.51875 0.01171875 0.05546875
2 0.65703125 0.48125 0.01015625 0.0484375
2 0.61796875 0.6578125 0.0109375 0.0671875
2 0.534375 0.56640625 0.01015625 0.06171875
2 0.45078125 0.53515625 0.01015625 0.059375
2 0.40390625 0.40546875 0.01171875 0.02421875
3 0.79453125 0.81171875 0.01875 0.07265625
3 0.40234375 0.42578125 0.009375 0.04453125
2 0.33671875 0.48984375 0.00859375 0.0453125
2 0.3328125 0.615625 0.015625 0.053125
2 0.2484375 0.525 0.01328125 0.05234375
2 0.33046875 0.46796875 0.009375 0.04375
2 0.203125 0.38984375 0.01015625 0.046875
2 0.12421875 0.50390625 0.00859375 0.05546875
2 0.20625 0.61875 0.0109375 0.05703125
3 0.14453125 0.29140625 0.01015625 0.03828125
2 0.496875 0.80703125 0.01484375 0.07578125
0 0.22265625 0.63828125 0.00625 0.0125