2 0.13671875 0.4765625 0.01015625 0.04375
2 0.16484375 0.49375 0.0125 0.05078125
1 0.196875 0.4265625 0.01171875 0.04453125
2 0.271875 0.421875 0.015625 0.046875
2 0.3015625 0.4359375 0.00859375 0.04609375
2 0.29765625 0.52890625 0.0140625 0.04765625
2 0.34921875 0.47578125 0.009375 0.040625
2 0.3640625 0.4296875 0.0078125 0.040625
2 0.37421875 0.384375 0.0109375 0.03984375
2 0.3625 0.59609375 0.01171875 0.0546875
2 0.4421875 0.39375 0.00625 0.0390625
2 0.4796875 0.43046875 0.00703125 0.04140625
2 0.57890625 0.421875 0.009375 0.03203125
2 0.62265625 0.3671875 0.01171875 0.03828125
3 0.52421875 0.50625 0.0109375 0.05
2 0.64609375 0.396875 0.00625 0.040625
2 0.66640625 0.5 0.0109375 0.04609375
2 0.703125 0.50859375 0.01328125 0.03984375
2 0.76796875 0.6140625 0.01171875 0.05234375
2 0.80546875 0.6359375 0.0171875 0.0609375
2 0.83125 0.44765625 0.01015625 0.0484375
2 0.9125 0.55859375 0.00859375 0.05390625
3 0.94375 0.359375 0.01015625 0.0390625