2 0.33828125 0.5296875 0.01171875 0.04921875
2 0.42265625 0.50234375 0.0109375 0.040625
2 0.58515625 0.5578125 0.0125 0.0484375
2 0.76953125 0.60625 0.0140625 0.04296875
2 0.1234375 0.478125 0.0109375 0.046875
3 0.5359375 0.54140625 0.009375 0.03984375
2 0.41875 0.45546875 0.01171875 0.0421875
2 0.57109375 0.54453125 0.009375 0.0453125
2 0.61640625 0.4671875 0.01171875 0.0359375
2 0.5859375 0.44921875 0.0078125 0.03671875
2 0.5765625 0.46015625 0.00859375 0.0328125
2 0.56484375 0.48359375 0.00703125 0.040625
2 0.54609375 0.4546875 0.0078125 0.03671875
2 0.55546875 0.44765625 0.009375 0.0375
2 0.590625 0.48203125 0.0078125 0.03046875
2 0.5921875 0.51796875 0.00859375 0.0328125
1 0.6109375 0.44375 0.009375 0.0375
2 0.37890625 0.459375 0.0125 0.0375
2 0.3515625 0.50625 0.009375 0.040625
2 0.34140625 0.4921875 0.0078125 0.0359375