2 0.19765625 0.50390625 0.009375 0.0453125
2 0.215625 0.6265625 0.01171875 0.05234375
2 0.30078125 0.4546875 0.00546875 0.0375
2 0.30390625 0.4703125 0.00703125 0.040625
2 0.29453125 0.67421875 0.01953125 0.0515625
2 0.34375 0.67109375 0.01796875 0.06015625
2 0.15625 0.6203125 0.0109375 0.0546875
3 0.159375 0.940625 0.0203125 0.07265625
2 0.99140625 0.82734375 0.0171875 0.0640625
2 0.715625 0.40625 0.00703125 0.03671875
2 0.74609375 0.4890625 0.00546875 0.040625
2 0.84140625 0.48203125 0.0078125 0.03671875
2 0.76015625 0.55625 0.00859375 0.046875
2 0.73671875 0.6078125 0.009375 0.05078125
2 0.65078125 0.5234375 0.0125 0.04453125
2 0.63515625 0.6109375 0.009375 0.04765625
2 0.58359375 0.37421875 0.00546875 0.03359375
2 0.59765625 0.409375 0.0078125 0.03359375
2 0.62421875 0.4515625 0.0125 0.0359375
2 0.56796875 0.50078125 0.00703125 0.0390625
1 0.75546875 0.4453125 0.0078125 0.0421875
3 0.55390625 0.51015625 0.00859375 0.0421875
3 0.609375 0.33046875 0.00859375 0.03046875
2 0.4953125 0.4375 0.00625 0.0359375
2 0.48046875 0.50078125 0.0078125 0.0453125