1 0.86953125 0.453125 0.01328125 0.0515625
2 0.8546875 0.49140625 0.01171875 0.05078125
2 0.86484375 0.56875 0.01484375 0.05234375
0 0.865625 0.60234375 0.00859375 0.015625
2 0.79609375 0.59609375 0.015625 0.05390625
2 0.7578125 0.49296875 0.01171875 0.04765625
2 0.72421875 0.42421875 0.009375 0.03984375
2 0.74296875 0.3921875 0.0125 0.0421875
2 0.73359375 0.3875 0.009375 0.0375
2 0.70078125 0.37265625 0.01328125 0.0421875
2 0.68125 0.38046875 0.01171875 0.04375
2 0.653125 0.51953125 0.0140625 0.05078125
2 0.63125 0.41484375 0.01015625 0.04140625
2 0.60625 0.4265625 0.0109375 0.04140625
2 0.596875 0.3484375 0.01015625 0.0390625
2 0.4 0.434375 0.01171875 0.0421875
2 0.3609375 0.51328125 0.0109375 0.05234375
3 0.5125 0.44296875 0.01015625 0.0421875
3 0.61640625 0.2859375 0.009375 0.0359375
2 0.2140625 0.58984375 0.0125 0.0546875
2 0.18046875 0.453125 0.01015625 0.04296875
2 0.09765625 0.45546875 0.0125 0.04921875
2 0.075 0.58203125 0.01953125 0.0578125
2 0.26796875 0.6546875 0.0109375 0.059375