3 0.43046875 0.4046875 0.0109375 0.0375
3 0.16875 0.278125 0.0078125 0.0328125
3 0.8078125 0.7375 0.02109375 0.05703125
1 0.83984375 0.36171875 0.0109375 0.0421875
2 0.6265625 0.4140625 0.01015625 0.040625
2 0.45625 0.290625 0.0109375 0.03125
2 0.53203125 0.32265625 0.00703125 0.03671875
2 0.52265625 0.33984375 0.01171875 0.03671875
2 0.56640625 0.39453125 0.01015625 0.04140625
2 0.6109375 0.47109375 0.01171875 0.04453125
2 0.67890625 0.50546875 0.01015625 0.0515625
2 0.6828125 0.56640625 0.01015625 0.05703125
2 0.6703125 0.72578125 0.01953125 0.06640625
2 0.5078125 0.4890625 0.01015625 0.03203125
2 0.5109375 0.51875 0.009375 0.04375
2 0.503125 0.5984375 0.0125 0.05390625
2 0.3640625 0.48125 0.015625 0.04296875
2 0.32578125 0.371875 0.0109375 0.03671875
2 0.30703125 0.475 0.00859375 0.03671875
2 0.34140625 0.553125 0.01328125 0.040625
2 0.253125 0.6703125 0.0203125 0.0515625
0 0.24921875 0.6265625 0.00859375 0.0125
2 0.221875 0.39140625 0.0109375 0.04375
2 0.20078125 0.51484375 0.0140625 0.04921875
2 0.1625 0.51953125 0.0109375 0.0515625