2 0.146875 0.80078125 0.0171875 0.05546875
3 0.81015625 0.88671875 0.0265625 0.059375
2 0.37265625 0.640625 0.01484375 0.05
2 0.73046875 0.5953125 0.0109375 0.04765625
2 0.26953125 0.6640625 0.015625 0.05546875
2 0.30234375 0.5296875 0.00859375 0.03984375
1 0.0046875 0.52578125 0.009375 0.0609375
1 0.8625 0.44609375 0.01171875 0.0421875
2 0.534375 0.56640625 0.0125 0.05
2 0.3140625 0.47890625 0.01171875 0.04296875
3 0.359375 0.5640625 0.01171875 0.0421875
2 0.2875 0.56796875 0.01015625 0.04609375
2 0.2984375 0.4796875 0.00859375 0.03984375
2 0.38671875 0.5515625 0.01328125 0.03671875
2 0.428125 0.4890625 0.00703125 0.040625
2 0.39140625 0.4484375 0.00546875 0.03828125
2 0.3796875 0.42734375 0.00703125 0.034375
2 0.35859375 0.39609375 0.00703125 0.03359375
2 0.34765625 0.37265625 0.009375 0.028125
2 0.47734375 0.3921875 0.009375 0.03515625
2 0.51953125 0.41640625 0.01015625 0.034375
2 0.53046875 0.45625 0.009375 0.03828125
2 0.58984375 0.43203125 0.009375 0.0375
2 0.49375 0.5015625 0.00859375 0.04375
0 0.8296875 0.45625 0.003125 0.00703125