2 0.71796875 0.64375 0.01640625 0.05078125
2 0.2890625 0.52890625 0.015625 0.0421875
2 0.403125 0.56796875 0.01796875 0.04296875
2 0.2359375 0.70078125 0.0171875 0.05234375
2 0.2046875 0.60546875 0.0140625 0.05
2 0.2953125 0.41953125 0.0125 0.04453125
2 0.665625 0.67265625 0.01796875 0.05078125
1 0.83671875 0.3734375 0.0109375 0.03828125
2 0.37890625 0.6359375 0.0140625 0.05078125
2 0.60859375 0.5609375 0.0125 0.04921875
2 0.2765625 0.7 0.01171875 0.05234375
3 0.45859375 0.4515625 0.0125 0.04375
2 0.6609375 0.428125 0.01171875 0.0375
3 0.8578125 0.66796875 0.0203125 0.046875
2 0.6109375 0.49921875 0.01015625 0.04296875
2 0.73984375 0.5265625 0.01484375 0.04609375
2 0.6046875 0.4609375 0.00859375 0.0375
2 0.5984375 0.39921875 0.009375 0.0375
2 0.57578125 0.39453125 0.0078125 0.03671875
2 0.37734375 0.39453125 0.009375 0.034375
2 0.39296875 0.359375 0.009375 0.0328125
2 0.33125 0.4828125 0.0125 0.04140625
2 0.15625 0.52421875 0.0125 0.04453125