2 0.8625 0.54765625 0.021875 0.078125
2 0.709375 0.665625 0.02578125 0.08359375
2 0.6453125 0.55703125 0.01953125 0.06953125
2 0.61171875 0.66796875 0.0203125 0.08359375
2 0.57109375 0.6390625 0.021875 0.084375
2 0.5453125 0.6453125 0.01484375 0.08203125
2 0.53359375 0.4046875 0.0140625 0.0640625
1 0.1859375 0.4546875 0.01171875 0.071875
2 0.23671875 0.53671875 0.021875 0.06171875
2 0.26328125 0.50859375 0.0171875 0.071875
2 0.3 0.48125 0.0125 0.07109375
2 0.31328125 0.4796875 0.01328125 0.07421875
2 0.315625 0.51171875 0.0140625 0.06640625
2 0.3390625 0.540625 0.01484375 0.0734375
2 0.34296875 0.51953125 0.0140625 0.0734375
2 0.3375 0.48984375 0.01484375 0.05546875
3 0.35 0.47265625 0.0171875 0.06640625
2 0.3734375 0.41796875 0.01875 0.06484375
2 0.390625 0.37578125 0.01328125 0.03203125
2 0.37890625 0.5265625 0.021875 0.06953125
0 0.31484375 0.4359375 0.00625 0.015625
2 0.41484375 0.52265625 0.0125 0.07265625
2 0.46015625 0.57265625 0.02109375 0.08046875