1 0.8640625 0.5 0.00703125 0.0375
3 0.66015625 0.8671875 0.01328125 0.07421875
2 0.62890625 0.51015625 0.0078125 0.03515625
2 0.5828125 0.4453125 0.00625 0.02734375
2 0.58984375 0.4734375 0.0046875 0.0328125
2 0.58046875 0.57265625 0.00546875 0.0390625
2 0.5328125 0.5328125 0.00703125 0.03671875
2 0.48671875 0.471875 0.00859375 0.028125
2 0.459375 0.459375 0.0078125 0.0296875
2 0.4546875 0.51328125 0.0078125 0.03359375
2 0.434375 0.49453125 0.0078125 0.0296875
3 0.415625 0.5234375 0.0078125 0.03515625
3 0.22734375 0.43515625 0.00625 0.02734375
2 0.35390625 0.4546875 0.00546875 0.02890625
2 0.28984375 0.496875 0.00625 0.03125
2 0.25703125 0.51171875 0.01015625 0.0328125
2 0.2140625 0.534375 0.009375 0.03203125
2 0.19765625 0.5453125 0.00859375 0.03828125
2 0.17734375 0.63828125 0.0109375 0.0453125
2 0.2453125 0.6640625 0.01015625 0.0421875
2 0.328125 0.70703125 0.00859375 0.05078125
2 0.18984375 0.490625 0.0078125 0.03359375
2 0.1796875 0.4796875 0.009375 0.03203125