2 0.46875 0.62421875 0.01484375 0.05625
2 0.2796875 0.7765625 0.0125 0.0609375
2 0.3015625 0.68359375 0.015625 0.0625
2 0.58359375 0.721875 0.015625 0.05859375
3 0.9296875 0.84296875 0.01796875 0.06796875
2 0.57890625 0.5265625 0.01015625 0.04765625
1 0.11328125 0.43671875 0.01640625 0.040625
2 0.77734375 0.60390625 0.0109375 0.05859375
2 0.78203125 0.43515625 0.0109375 0.0453125
2 0.5671875 0.6734375 0.01484375 0.065625
2 0.63046875 0.32421875 0.00859375 0.05
2 0.353125 0.48203125 0.009375 0.0484375
2 0.48671875 0.3671875 0.009375 0.034375
2 0.46171875 0.4515625 0.009375 0.040625
2 0.39296875 0.4140625 0.01015625 0.04140625
2 0.503125 0.57890625 0.0140625 0.05
2 0.57421875 0.36328125 0.0109375 0.0375
2 0.60859375 0.48671875 0.01015625 0.046875
2 0.39921875 0.61796875 0.01328125 0.053125
2 0.39921875 0.4640625 0.01015625 0.03984375
2 0.43515625 0.353125 0.0078125 0.03671875
2 0.4734375 0.30078125 0.00859375 0.03359375
3 0.51875 0.490625 0.01171875 0.046875
0 0.634375 0.68046875 0.00625 0.0125