1 0.74453125 0.43359375 0.015625 0.0453125
2 0.659375 0.4390625 0.0140625 0.06015625
2 0.72734375 0.50625 0.0140625 0.0578125
0 0.6859375 0.39921875 0.009375 0.01796875
2 0.471875 0.38984375 0.00859375 0.04609375
2 0.48828125 0.45546875 0.00859375 0.0515625
2 0.56015625 0.4359375 0.00859375 0.046875
2 0.603125 0.4203125 0.01015625 0.0453125
2 0.63125 0.4328125 0.0109375 0.04765625
2 0.64375 0.503125 0.01015625 0.05546875
2 0.7 0.525 0.0140625 0.053125
2 0.66875 0.5796875 0.01328125 0.0578125
2 0.7390625 0.57265625 0.01328125 0.06015625
2 0.8046875 0.5984375 0.01171875 0.06171875
2 0.75390625 0.64296875 0.0125 0.0625
2 0.71015625 0.6796875 0.0125 0.065625
2 0.8359375 0.67734375 0.01796875 0.06640625
2 0.54609375 0.715625 0.01328125 0.06796875
2 0.50390625 0.6234375 0.015625 0.06328125
2 0.465625 0.57109375 0.0140625 0.06171875
3 0.4546875 0.51484375 0.0125 0.05546875
2 0.29140625 0.4828125 0.00859375 0.059375
2 0.1453125 0.67265625 0.01328125 0.06953125