2 0.62890625 0.5171875 0.0078125 0.04453125
2 0.77265625 0.56171875 0.009375 0.04765625
2 0.51875 0.434375 0.00703125 0.0375
2 0.6875 0.50859375 0.0109375 0.04453125
2 0.440625 0.54140625 0.009375 0.040625
1 0.59375 0.421875 0.009375 0.0390625
2 0.6765625 0.58515625 0.00859375 0.04140625
2 0.60234375 0.47265625 0.01015625 0.03828125
2 0.58046875 0.559375 0.009375 0.046875
2 0.1625 0.59921875 0.01015625 0.04609375
2 0.22734375 0.4890625 0.009375 0.04453125
3 0.40234375 0.50078125 0.00859375 0.03828125
2 0.44921875 0.63203125 0.01484375 0.04765625
2 0.421875 0.5453125 0.009375 0.0421875
2 0.3984375 0.41875 0.0125 0.034375
2 0.484375 0.4453125 0.0078125 0.03359375
2 0.53359375 0.46171875 0.00859375 0.034375
2 0.57265625 0.475 0.00859375 0.03359375
2 0.6625 0.54765625 0.0125 0.04140625
2 0.7484375 0.64453125 0.01171875 0.046875
0 0.753125 0.61640625 0.0046875 0.009375