2 0.74921875 0.41953125 0.009375 0.04453125
1 0.10625 0.51640625 0.00859375 0.05390625
2 0.18828125 0.815625 0.015625 0.0703125
2 0.30859375 0.6078125 0.01328125 0.0578125
3 0.44296875 0.3734375 0.00859375 0.040625
2 0.4046875 0.42421875 0.00859375 0.03203125
2 0.40546875 0.45546875 0.0125 0.04375
2 0.37421875 0.4609375 0.0109375 0.04765625
2 0.36953125 0.496875 0.009375 0.05234375
2 0.4671875 0.46328125 0.0109375 0.04296875
2 0.49453125 0.49140625 0.009375 0.0453125
2 0.52578125 0.3921875 0.009375 0.0421875
2 0.5546875 0.390625 0.01171875 0.040625
2 0.58671875 0.41953125 0.01015625 0.04296875
2 0.59765625 0.45234375 0.009375 0.04296875
2 0.615625 0.45390625 0.009375 0.04453125
2 0.6125 0.42265625 0.01484375 0.0390625
2 0.640625 0.384375 0.00859375 0.04765625
2 0.6140625 0.521875 0.0125 0.05703125
2 0.5671875 0.5828125 0.0109375 0.05859375
3 0.509375 0.53359375 0.0125 0.05234375
2 0.8609375 0.41484375 0.009375 0.04453125
2 0.87890625 0.5234375 0.0125 0.05390625