2 0.646875 0.57734375 0.01328125 0.040625
2 0.6953125 0.58203125 0.00859375 0.03984375
2 0.31953125 0.5734375 0.0109375 0.0359375
2 0.72578125 0.525 0.01328125 0.040625
2 0.1953125 0.5484375 0.01484375 0.046875
2 0.51796875 0.621875 0.00859375 0.03984375
2 0.73046875 0.478125 0.0078125 0.03359375
2 0.2296875 0.478125 0.0109375 0.03828125
2 0.1453125 0.5640625 0.0078125 0.03515625
2 0.809375 0.86171875 0.0125 0.0546875
3 0.3828125 0.95625 0.02265625 0.08125
2 0.91953125 0.52421875 0.01015625 0.034375
2 0.81015625 0.55 0.01328125 0.03984375
2 0.76015625 0.509375 0.01015625 0.0359375
2 0.60390625 0.52890625 0.009375 0.0359375
2 0.3328125 0.521875 0.0109375 0.0296875
3 0.2328125 0.59609375 0.01015625 0.03671875
2 0.246875 0.5140625 0.01015625 0.03359375
0 0.19375 0.51171875 0.00390625 0.00703125
2 0.209375 0.509375 0.00859375 0.03359375
2 0.165625 0.5375 0.01171875 0.0328125
2 0.1234375 0.575 0.0140625 0.03203125
1 0.1375 0.50546875 0.01328125 0.0296875