2 0.87890625 0.721875 0.01640625 0.0640625
2 0.2921875 0.69140625 0.01328125 0.06796875
2 0.7328125 0.759375 0.015625 0.07421875
2 0.56875 0.61640625 0.01640625 0.05078125
2 0.828125 0.62109375 0.0140625 0.071875
2 0.11796875 0.5703125 0.01015625 0.065625
2 0.59296875 0.5328125 0.01015625 0.05625
2 0.70859375 0.44609375 0.0140625 0.053125
2 0.5796875 0.440625 0.00859375 0.04921875
2 0.60234375 0.59296875 0.01328125 0.0578125
2 0.51875 0.48046875 0.009375 0.05078125
2 0.6765625 0.4328125 0.0109375 0.0453125
2 0.60859375 0.41640625 0.01328125 0.05078125
2 0.31328125 0.45625 0.01015625 0.053125
2 0.76015625 0.565625 0.01484375 0.05859375
2 0.18203125 0.55703125 0.015625 0.04765625
2 0.415625 0.6640625 0.01953125 0.0703125
3 0.50390625 0.53828125 0.0125 0.0546875
2 0.6015625 0.5328125 0.0140625 0.05234375
0 0.578125 0.63515625 0.00546875 0.00859375
2 0.73125 0.55390625 0.01640625 0.05234375
2 0.7375 0.51796875 0.01328125 0.0359375
1 0.875 0.44765625 0.01484375 0.0484375