2 0.8734375 0.653125 0.01796875 0.0625
2 0.459375 0.7453125 0.0171875 0.065625
2 0.57265625 0.665625 0.01796875 0.06484375
2 0.24375 0.62578125 0.01015625 0.05703125
2 0.4265625 0.4921875 0.01640625 0.04765625
3 0.978125 0.928125 0.028125 0.075
2 0.39296875 0.6203125 0.01171875 0.053125
2 0.63046875 0.55546875 0.01328125 0.053125
2 0.4421875 0.43203125 0.0109375 0.04296875
2 0.8390625 0.51484375 0.01171875 0.05390625
2 0.56953125 0.41640625 0.00859375 0.04375
2 0.3125 0.6890625 0.0125 0.06640625
1 0.09453125 0.4234375 0.0140625 0.05
2 0.33203125 0.47578125 0.01640625 0.053125
2 0.303125 0.5625 0.0203125 0.0578125
3 0.396875 0.51875 0.01484375 0.05078125
2 0.42109375 0.41796875 0.01171875 0.04375
2 0.384375 0.38828125 0.009375 0.0421875
2 0.37578125 0.38828125 0.01328125 0.03515625
2 0.6 0.45859375 0.0109375 0.04921875
2 0.6828125 0.59375 0.0109375 0.0625
2 0.67265625 0.57890625 0.015625 0.0515625
0 0.7890625 0.53359375 0.00546875 0.01015625
2 0.45625 0.603125 0.01484375 0.0515625