2 0.17734375 0.56796875 0.0234375 0.05078125
2 0.28125 0.44921875 0.01953125 0.0359375
2 0.24765625 0.7109375 0.015625 0.06875
2 0.51640625 0.54140625 0.009375 0.05
2 0.76875 0.696875 0.0140625 0.0671875
2 0.196875 0.61875 0.0140625 0.0609375
2 0.7109375 0.3953125 0.0109375 0.04453125
2 0.7890625 0.4828125 0.0125 0.0515625
3 0.46796875 0.49296875 0.0125 0.05234375
2 0.46640625 0.54609375 0.0125 0.05703125
2 0.315625 0.55234375 0.01171875 0.05078125
2 0.66875 0.58203125 0.01328125 0.0546875
2 0.50625 0.39765625 0.009375 0.04453125
2 0.50390625 0.30703125 0.01015625 0.0375
2 0.3765625 0.37734375 0.01328125 0.04453125
2 0.34921875 0.53125 0.01328125 0.05234375
3 0.8234375 0.80078125 0.0171875 0.0609375
2 0.590625 0.43359375 0.01015625 0.0453125
2 0.225 0.628125 0.0109375 0.065625
2 0.42734375 0.3046875 0.00859375 0.034375
2 0.33046875 0.47109375 0.015625 0.0453125
2 0.2546875 0.44453125 0.0125 0.0421875
0 0.25390625 0.6796875 0.00625 0.0109375
1 0.15234375 0.3671875 0.01484375 0.04296875