2 0.3828125 0.3484375 0.00703125 0.0375
2 0.3328125 0.49765625 0.01171875 0.05390625
2 0.34453125 0.584375 0.01015625 0.05703125
1 0.09296875 0.3921875 0.01171875 0.04921875
3 0.184375 0.82578125 0.02421875 0.0640625
3 0.490625 0.3625 0.0078125 0.03515625
3 0.80859375 0.2765625 0.01015625 0.034375
2 0.4 0.403125 0.01015625 0.0421875
2 0.43671875 0.328125 0.0109375 0.03828125
2 0.428125 0.39453125 0.00859375 0.0421875
2 0.409375 0.45390625 0.0125 0.05
2 0.5328125 0.45390625 0.01171875 0.04609375
2 0.54296875 0.26875 0.009375 0.0328125
2 0.56171875 0.3765625 0.00859375 0.04140625
2 0.6203125 0.315625 0.00625 0.03359375
2 0.6296875 0.390625 0.00703125 0.03828125
2 0.59296875 0.4703125 0.01015625 0.04375
2 0.62890625 0.4609375 0.01015625 0.0484375
2 0.640625 0.57421875 0.01953125 0.0421875
2 0.715625 0.40078125 0.0125 0.0375
2 0.77421875 0.334375 0.01015625 0.040625
2 0.86484375 0.43984375 0.01484375 0.0484375
0 0.8609375 0.5140625 0.00625 0.01328125
2 0.471875 0.7984375 0.02109375 0.06484375
2 0.90859375 0.584375 0.021875 0.053125