2 0.74140625 0.76484375 0.01484375 0.07265625
2 0.79375 0.5265625 0.0109375 0.053125
3 0.446875 0.65078125 0.015625 0.0671875
2 0.521875 0.62890625 0.0125 0.0625
2 0.92265625 0.66328125 0.01328125 0.06875
2 0.2265625 0.74296875 0.01640625 0.06875
2 0.28671875 0.58515625 0.0125 0.05234375
2 0.43046875 0.57890625 0.0109375 0.04140625
2 0.31875 0.521875 0.0109375 0.05078125
2 0.3578125 0.4625 0.01015625 0.04609375
2 0.61484375 0.4875 0.009375 0.0484375
2 0.66796875 0.71171875 0.015625 0.06953125
2 0.38203125 0.44453125 0.0109375 0.0453125
2 0.55859375 0.51640625 0.0109375 0.05390625
0 0.23125 0.71796875 0.00546875 0.0109375
2 0.271875 0.58359375 0.0125 0.05703125
1 0.290625 0.41328125 0.01171875 0.0421875
2 0.36328125 0.5796875 0.0140625 0.04375
2 0.3859375 0.5046875 0.0125 0.04765625
2 0.40234375 0.503125 0.0109375 0.046875
2 0.4375 0.428125 0.01328125 0.04453125
3 0.4875 0.53125 0.0109375 0.053125
2 0.525 0.39921875 0.01328125 0.04296875