2 0.02890625 0.68125 0.03671875 0.16015625
3 0.65703125 0.75234375 0.03359375 0.18671875
2 0.13984375 0.6765625 0.04453125 0.1609375
0 0.88203125 0.63203125 0.0125 0.02421875
2 0.628125 0.48359375 0.028125 0.12421875
2 0.434375 0.746875 0.03046875 0.1765625
2 0.39609375 0.609375 0.0359375 0.1640625
2 0.6921875 0.56015625 0.02890625 0.13359375
2 0.215625 0.63203125 0.040625 0.14765625
2 0.2296875 0.69375 0.025 0.16796875
2 0.46015625 0.53984375 0.02578125 0.1484375
2 0.86875 0.56796875 0.0421875 0.125
2 0.48046875 0.57421875 0.0328125 0.15234375