2 0.6984375 0.79296875 0.01171875 0.06953125
2 0.63125 0.61640625 0.01171875 0.059375
2 0.58984375 0.515625 0.009375 0.046875
1 0.853125 0.4921875 0.0109375 0.04765625
2 0.5953125 0.45234375 0.00859375 0.04375
2 0.5875 0.4546875 0.0078125 0.04140625
2 0.49765625 0.4765625 0.009375 0.046875
2 0.540625 0.4015625 0.00703125 0.03984375
2 0.48125 0.42421875 0.0078125 0.0390625
2 0.48125 0.48125 0.00859375 0.03984375
3 0.47421875 0.51328125 0.00859375 0.04375
3 0.51796875 0.33984375 0.00859375 0.034375
2 0.49765625 0.37578125 0.00625 0.03671875
2 0.48984375 0.38515625 0.0078125 0.0359375
2 0.45234375 0.35546875 0.0078125 0.034375
2 0.37109375 0.42421875 0.00859375 0.03828125
2 0.3703125 0.59765625 0.01875 0.0515625
2 0.3234375 0.5515625 0.01171875 0.05390625
2 0.146875 0.47421875 0.0109375 0.04453125
2 0.25078125 0.3765625 0.0109375 0.03828125
2 0.3234375 0.3890625 0.0078125 0.0390625
2 0.35703125 0.41796875 0.00859375 0.0375
2 0.36953125 0.36171875 0.0078125 0.03671875
0 0.15390625 0.4953125 0.00390625 0.009375