1 0.3671875 0.71328125 0.078125 0.1765625
2 0.49609375 0.69921875 0.04453125 0.22890625
2 0.99296875 0.68203125 0.0140625 0.13984375
0 0.93828125 0.82890625 0.02109375 0.04140625
2 0.8734375 0.71953125 0.08046875 0.2515625
2 0.91015625 0.67109375 0.03046875 0.184375
2 0.7671875 0.728125 0.0859375 0.28203125
2 0.74921875 0.66875 0.0375 0.15390625
2 0.62265625 0.69140625 0.034375 0.16640625
2 0.6890625 0.70546875 0.0828125 0.20859375
2 0.64921875 0.6703125 0.0328125 0.1828125
2 0.67734375 0.61640625 0.028125 0.0765625
2 0.465625 0.68359375 0.0546875 0.20078125