3 0.52890625 0.203125 0.01015625 0.03515625
2 0.52578125 0.25546875 0.01015625 0.0390625
2 0.621875 0.2328125 0.00703125 0.03671875
2 0.68671875 0.28515625 0.01015625 0.0359375
2 0.69921875 0.3515625 0.0109375 0.046875
2 0.8265625 0.35859375 0.0109375 0.04921875
2 0.85390625 0.49453125 0.01328125 0.0625
2 0.59375 0.38359375 0.0109375 0.04921875
2 0.484375 0.35078125 0.01015625 0.05
2 0.49453125 0.37421875 0.01171875 0.04375
2 0.5546875 0.403125 0.0125 0.0484375
2 0.60234375 0.41953125 0.009375 0.04765625
2 0.62421875 0.47421875 0.015625 0.053125
2 0.484375 0.44296875 0.01171875 0.046875
2 0.409375 0.38828125 0.01015625 0.0484375
2 0.4140625 0.53828125 0.0140625 0.0515625
2 0.4328125 0.57265625 0.01484375 0.0578125
2 0.625 0.5875 0.0171875 0.06796875
2 0.7203125 0.715625 0.01796875 0.08203125
2 0.3421875 0.61015625 0.0171875 0.0640625
2 0.23046875 0.77578125 0.0171875 0.07421875
3 0.87265625 0.91953125 0.01640625 0.08671875
3 0.559375 0.459375 0.0109375 0.05390625
1 0.14140625 0.36328125 0.0140625 0.04375
0 0.69765625 0.73359375 0.0078125 0.01640625