3 0.509375 0.31015625 0.00859375 0.02890625
2 0.4796875 0.425 0.01171875 0.0390625
2 0.4 0.46171875 0.00859375 0.04296875
2 0.34453125 0.4734375 0.00859375 0.0421875
2 0.396875 0.509375 0.00625 0.04140625
2 0.4109375 0.51328125 0.01328125 0.05234375
2 0.3734375 0.55234375 0.01484375 0.04375
1 0.30546875 0.45390625 0.00859375 0.040625
3 0.359375 0.6171875 0.00859375 0.05078125
2 0.38828125 0.571875 0.01171875 0.05
2 0.50859375 0.47578125 0.00703125 0.0421875
2 0.2828125 0.51328125 0.00625 0.04296875
2 0.27890625 0.578125 0.025 0.04375
2 0.18828125 0.5984375 0.00859375 0.05
2 0.23203125 0.784375 0.01171875 0.06640625
2 0.13203125 0.7296875 0.01484375 0.05859375
2 0.3125 0.80078125 0.0109375 0.06953125
2 0.0828125 0.61015625 0.0171875 0.0546875
2 0.5953125 0.4859375 0.00625 0.04140625
2 0.5921875 0.584375 0.01171875 0.046875
2 0.540625 0.72421875 0.021875 0.06484375
2 0.49453125 0.684375 0.01015625 0.0546875
2 0.46796875 0.71796875 0.0109375 0.0640625
2 0.728125 0.4625 0.01171875 0.04296875
2 0.740625 0.6203125 0.01171875 0.05625
2 0.81796875 0.496875 0.0078125 0.04609375