2 0.84375 0.41015625 0.01171875 0.04375
2 0.77890625 0.41796875 0.01015625 0.04921875
2 0.76953125 0.40390625 0.009375 0.03671875
2 0.7625 0.4046875 0.00703125 0.0421875
2 0.76796875 0.42109375 0.01171875 0.0390625
2 0.71796875 0.33984375 0.0078125 0.025
2 0.69375 0.421875 0.0109375 0.04765625
2 0.67265625 0.40234375 0.0109375 0.03984375
2 0.7078125 0.46875 0.009375 0.03515625
3 0.59140625 0.375 0.01171875 0.040625
2 0.5546875 0.3671875 0.01171875 0.04140625
2 0.56171875 0.42734375 0.009375 0.04296875
2 0.525 0.5 0.009375 0.0484375
2 0.496875 0.496875 0.01484375 0.04921875
2 0.45546875 0.46953125 0.0109375 0.04765625
2 0.434375 0.44765625 0.0109375 0.0421875
2 0.3546875 0.45234375 0.0109375 0.046875
2 0.25546875 0.4125 0.0109375 0.0453125
2 0.22109375 0.5453125 0.015625 0.05546875
2 0.29453125 0.621875 0.015625 0.06015625
2 0.340625 0.61328125 0.015625 0.0515625
3 0.08359375 0.35625 0.01015625 0.040625