2 0.8359375 0.5328125 0.01953125 0.06328125
2 0.690625 0.30703125 0.0109375 0.05
2 0.64921875 0.3828125 0.0140625 0.0484375
2 0.60625 0.4046875 0.01171875 0.04765625
2 0.60078125 0.33984375 0.0109375 0.0453125
0 0.6421875 0.403125 0.00703125 0.015625
2 0.4515625 0.5265625 0.015625 0.059375
2 0.4328125 0.36953125 0.01640625 0.04609375
2 0.51796875 0.2796875 0.0109375 0.04609375
2 0.5296875 0.2328125 0.01015625 0.04296875
2 0.434375 0.43515625 0.00859375 0.046875
2 0.41015625 0.35546875 0.0109375 0.05078125
2 0.29609375 0.38984375 0.01171875 0.05078125
2 0.2484375 0.3875 0.0109375 0.0546875
2 0.2515625 0.5234375 0.01328125 0.06328125
2 0.2171875 0.66484375 0.0140625 0.0734375
2 0.21015625 0.871875 0.01875 0.0828125
2 0.33203125 0.3 0.0109375 0.05
2 0.4171875 0.2828125 0.01171875 0.04296875
2 0.33203125 0.2265625 0.01015625 0.0390625
2 0.2734375 0.25078125 0.0109375 0.0453125
3 0.359375 0.43515625 0.01171875 0.05390625
3 0.25390625 0.2125 0.01171875 0.04375