3 0.57578125 0.50546875 0.02265625 0.0765625
2 0.7203125 0.53828125 0.01328125 0.084375
2 0.9484375 0.63203125 0.02265625 0.08046875
2 0.6046875 0.59375 0.0140625 0.084375
2 0.44453125 0.40546875 0.0109375 0.06796875
2 0.37265625 0.4015625 0.0140625 0.06328125
2 0.45390625 0.5546875 0.02109375 0.07890625
2 0.51875 0.66640625 0.01484375 0.08828125
2 0.43125 0.60859375 0.015625 0.08203125
2 0.3703125 0.53203125 0.015625 0.084375
2 0.35390625 0.52734375 0.01328125 0.07265625
2 0.34453125 0.48046875 0.0109375 0.07734375
2 0.340625 0.578125 0.01796875 0.084375
2 0.3109375 0.56484375 0.01484375 0.0828125
2 0.28828125 0.5765625 0.02265625 0.0828125
2 0.30546875 0.546875 0.0125 0.07421875
2 0.28984375 0.4921875 0.015625 0.07578125
2 0.2671875 0.459375 0.01484375 0.07421875
2 0.246875 0.51171875 0.02265625 0.08046875
2 0.21484375 0.56015625 0.01875 0.0828125
1 0.17734375 0.490625 0.0140625 0.08046875
2 0.4359375 0.2984375 0.01171875 0.06171875