2 0.76328125 0.57890625 0.01171875 0.0328125
2 0.7484375 0.51171875 0.01015625 0.03046875
1 0.88515625 0.48046875 0.00703125 0.03125
2 0.7359375 0.49296875 0.01171875 0.0265625
2 0.73203125 0.48046875 0.00703125 0.02578125
3 0.671875 0.5234375 0.01171875 0.03125
3 0.6671875 0.38125 0.00625 0.0234375
2 0.65859375 0.4234375 0.00703125 0.02734375
2 0.64609375 0.44296875 0.00625 0.0265625
2 0.63125 0.4828125 0.015625 0.0265625
2 0.6140625 0.45625 0.0078125 0.02578125
2 0.57109375 0.46328125 0.0078125 0.02734375
2 0.5203125 0.45625 0.0078125 0.028125
2 0.4671875 0.5296875 0.0125 0.0328125
2 0.4640625 0.46796875 0.01015625 0.0328125
2 0.409375 0.45703125 0.0078125 0.02734375
2 0.36640625 0.49765625 0.00703125 0.03046875
2 0.36484375 0.528125 0.0140625 0.02890625
2 0.3171875 0.51640625 0.00703125 0.034375
2 0.290625 0.4734375 0.00703125 0.03125
2 0.2765625 0.46796875 0.0109375 0.03046875
1 0.13125 0.49296875 0.00859375 0.0328125
2 0.096875 0.53671875 0.009375 0.03359375
3 0.1421875 0.784375 0.01875 0.0484375