2 0.3671875 0.43984375 0.00859375 0.0359375
2 0.2734375 0.4296875 0.00625 0.0375
3 0.196875 0.3265625 0.0078125 0.0296875
2 0.34296875 0.596875 0.0125 0.04453125
2 0.246875 0.74921875 0.01640625 0.05703125
2 0.38828125 0.7203125 0.009375 0.059375
2 0.4328125 0.35078125 0.0078125 0.03046875
2 0.56640625 0.403125 0.0078125 0.0359375
2 0.5703125 0.53671875 0.01328125 0.04296875
2 0.603125 0.5453125 0.01015625 0.0453125
2 0.55078125 0.64765625 0.0109375 0.0515625
2 0.49921875 0.6640625 0.01640625 0.05390625
2 0.4453125 0.65 0.01328125 0.05078125
2 0.46640625 0.70546875 0.0140625 0.04765625
2 0.56796875 0.74609375 0.02734375 0.065625
2 0.5953125 0.7421875 0.01640625 0.0546875
2 0.675 0.63125 0.01015625 0.04921875
2 0.64453125 0.496875 0.01015625 0.040625
2 0.66015625 0.50859375 0.009375 0.040625
3 0.4859375 0.48203125 0.01015625 0.03984375
3 0.7984375 0.74453125 0.015625 0.05390625
2 0.684375 0.60625 0.01171875 0.04609375
1 0.875 0.434375 0.01171875 0.040625
1 0.0765625 0.59921875 0.0109375 0.0515625