3 0.053125 0.76171875 0.0203125 0.06328125
3 0.28046875 0.4015625 0.009375 0.03984375
2 0.1765625 0.48828125 0.01484375 0.053125
2 0.13515625 0.6359375 0.0171875 0.06796875
2 0.234375 0.3703125 0.009375 0.0421875
2 0.25 0.3953125 0.00859375 0.046875
2 0.27421875 0.4359375 0.01015625 0.04453125
2 0.246875 0.515625 0.015625 0.0515625
2 0.20546875 0.4140625 0.0109375 0.04765625
2 0.18203125 0.4515625 0.01171875 0.0453125
2 0.1203125 0.61796875 0.01171875 0.0578125
2 0.2125 0.60546875 0.01171875 0.05546875
2 0.24453125 0.67421875 0.0140625 0.06640625
2 0.29765625 0.52109375 0.0140625 0.04765625
2 0.32578125 0.5484375 0.009375 0.0515625
2 0.32578125 0.36328125 0.0078125 0.04375
2 0.3609375 0.31953125 0.01015625 0.03984375
2 0.4390625 0.36875 0.01015625 0.046875
2 0.396875 0.459375 0.0125 0.04609375
2 0.42890625 0.5546875 0.0109375 0.05390625
2 0.49296875 0.46171875 0.009375 0.0453125
2 0.51171875 0.446875 0.00859375 0.04921875
3 0.47734375 0.20703125 0.00625 0.03359375
0 0.871875 0.5140625 0.00625 0.01328125
1 0.9203125 0.46796875 0.0109375 0.05390625