1 0.0703125 0.42578125 0.0171875 0.053125
0 0.18203125 0.5203125 0.00546875 0.009375
2 0.33984375 0.53515625 0.0171875 0.05390625
2 0.3796875 0.43046875 0.0140625 0.04921875
2 0.38515625 0.440625 0.0171875 0.04765625
2 0.47578125 0.33828125 0.00703125 0.04609375
2 0.51015625 0.4359375 0.01171875 0.05
2 0.52109375 0.5375 0.01875 0.053125
2 0.58515625 0.50625 0.0125 0.05234375
2 0.6046875 0.41796875 0.0125 0.04765625
2 0.6140625 0.33046875 0.0125 0.0453125
2 0.6125 0.27265625 0.0109375 0.03984375
2 0.57734375 0.67109375 0.009375 0.0671875
2 0.596875 0.6390625 0.02109375 0.06015625
2 0.65703125 0.51796875 0.01796875 0.05546875
2 0.70390625 0.38671875 0.01171875 0.046875
2 0.76875 0.35625 0.01328125 0.046875
2 0.82578125 0.41796875 0.0140625 0.053125
2 0.85234375 0.4578125 0.01328125 0.05546875
2 0.85 0.475 0.01328125 0.05625
2 0.88046875 0.66328125 0.01875 0.06640625
2 0.9109375 0.74453125 0.01875 0.08203125
3 0.74296875 0.41015625 0.01328125 0.05078125
3 0.4765625 0.2 0.00625 0.034375
3 0.96484375 0.83828125 0.025 0.07421875