2 0.51484375 0.69453125 0.04375 0.2328125
1 0.64921875 0.7125 0.08203125 0.1796875
2 0.59140625 0.68671875 0.0515625 0.20078125
2 0.41640625 0.69375 0.05703125 0.184375
0 0.4375 0.6765625 0.021875 0.03203125
2 0.028125 0.66484375 0.0296875 0.16171875
2 0.08359375 0.6984375 0.08828125 0.2875
2 0.146875 0.68046875 0.05703125 0.19921875
2 0.203125 0.70546875 0.05390625 0.3140625
2 0.26875 0.7171875 0.06015625 0.2125
2 0.36015625 0.66796875 0.04921875 0.20234375
2 0.3234375 0.70703125 0.04765625 0.21171875