2 0.6 0.84765625 0.028125 0.08984375
2 0.51953125 0.6421875 0.01875 0.07109375
2 0.5890625 0.48203125 0.01484375 0.0671875
2 0.853125 0.58671875 0.02421875 0.07578125
2 0.83046875 0.39375 0.01171875 0.0578125
2 0.7234375 0.2921875 0.01171875 0.05546875
2 0.6484375 0.29296875 0.0109375 0.0515625
2 0.61953125 0.36953125 0.0203125 0.05078125
2 0.540625 0.3671875 0.0125 0.04921875
2 0.5109375 0.33046875 0.0125 0.04765625
2 0.396875 0.459375 0.01953125 0.0640625
2 0.34765625 0.51328125 0.015625 0.0625
2 0.353125 0.2796875 0.0109375 0.05234375
2 0.31015625 0.25078125 0.0125 0.05390625
2 0.2671875 0.31015625 0.01015625 0.05703125
2 0.24921875 0.36640625 0.02265625 0.0609375
2 0.21796875 0.41953125 0.02265625 0.0625
3 0.353125 0.3484375 0.01015625 0.05546875
3 0.70703125 0.17578125 0.0109375 0.0453125
3 0.06640625 0.975 0.0234375 0.05
2 0.1796875 0.78125 0.0203125 0.08828125
2 0.17578125 0.62578125 0.01796875 0.0734375
2 0.4171875 0.18203125 0.0125 0.046875
0 0.82265625 0.42265625 0.00625 0.015625