2 0.22421875 0.8046875 0.015625 0.06875
2 0.34375 0.61796875 0.009375 0.05859375
2 0.3984375 0.50546875 0.00703125 0.0515625
1 0.11015625 0.5140625 0.01640625 0.053125
2 0.41171875 0.46484375 0.00859375 0.04453125
2 0.41640625 0.4203125 0.0078125 0.04296875
2 0.4453125 0.46953125 0.009375 0.04453125
2 0.4875 0.409375 0.0125 0.0359375
2 0.525 0.471875 0.0078125 0.04140625
2 0.51328125 0.41640625 0.009375 0.0375
2 0.5546875 0.490625 0.00859375 0.04453125
2 0.55859375 0.4 0.00859375 0.0375
2 0.5796875 0.40234375 0.00859375 0.0390625
2 0.63515625 0.41875 0.0078125 0.034375
2 0.64609375 0.4109375 0.0078125 0.03828125
2 0.6515625 0.3859375 0.009375 0.04296875
2 0.6828125 0.51015625 0.009375 0.05078125
2 0.67578125 0.546875 0.01484375 0.04921875
2 0.74453125 0.41328125 0.00703125 0.040625
2 0.7421875 0.39921875 0.009375 0.0421875
0 0.65234375 0.365625 0.0046875 0.0078125
3 0.4609375 0.37578125 0.00625 0.040625
3 0.56015625 0.5265625 0.0109375 0.04609375
2 0.92890625 0.48125 0.01171875 0.053125