3 0.90390625 0.90546875 0.01875 0.0875
3 0.55390625 0.46015625 0.00859375 0.04921875
3 0.525 0.20546875 0.00859375 0.03125
1 0.171875 0.35859375 0.0171875 0.046875
0 0.3109375 0.7328125 0.009375 0.02265625
2 0.1921875 0.73046875 0.01484375 0.071875
2 0.5078125 0.2765625 0.00625 0.0390625
2 0.62578125 0.2421875 0.0078125 0.0390625
2 0.665625 0.3125 0.009375 0.03984375
2 0.67265625 0.37265625 0.0140625 0.04609375
2 0.8328125 0.3890625 0.0125 0.05078125
2 0.85625 0.5171875 0.0140625 0.06796875
2 0.75625 0.70546875 0.015625 0.0796875
2 0.671875 0.6171875 0.015625 0.06484375
2 0.6171875 0.44765625 0.0125 0.05390625
2 0.5703125 0.4875 0.0140625 0.05390625
2 0.50546875 0.62421875 0.01953125 0.06328125
2 0.32421875 0.70078125 0.028125 0.06796875
2 0.49375 0.4359375 0.01640625 0.04609375
2 0.44453125 0.36953125 0.01484375 0.05078125
2 0.4296875 0.41171875 0.01328125 0.04765625
2 0.38515625 0.40078125 0.0109375 0.05078125
2 0.3296875 0.48359375 0.015625 0.05078125
2 0.32265625 0.65390625 0.01953125 0.0578125
2 0.20859375 0.64765625 0.015625 0.0640625