2 0.49609375 0.61328125 0.01328125 0.06328125
2 0.75703125 0.5046875 0.01796875 0.0546875
2 0.85234375 0.43984375 0.01484375 0.0546875
2 0.3421875 0.8125 0.01328125 0.07109375
2 0.58046875 0.4921875 0.0125 0.0515625
2 0.53359375 0.34921875 0.01171875 0.0375
2 0.3734375 0.54765625 0.0109375 0.05859375
2 0.64609375 0.3578125 0.0125 0.0375
1 0.1484375 0.40859375 0.01171875 0.0546875
2 0.4390625 0.4578125 0.01171875 0.053125
2 0.34375 0.54375 0.0109375 0.05625
2 0.50390625 0.3 0.009375 0.03828125
2 0.77109375 0.340625 0.01015625 0.040625
3 0.55546875 0.4671875 0.01328125 0.0484375
2 0.53359375 0.5046875 0.0109375 0.0515625
2 0.31953125 0.6890625 0.01328125 0.07421875
2 0.459375 0.325 0.01015625 0.0375
2 0.5984375 0.42890625 0.0109375 0.06796875
2 0.7203125 0.49453125 0.0109375 0.05859375
2 0.55234375 0.43671875 0.01171875 0.04921875
2 0.4765625 0.3609375 0.01171875 0.04765625
0 0.784375 0.38984375 0.00390625 0.00703125