2 0.29609375 0.696875 0.01484375 0.05703125
2 0.3046875 0.59375 0.01328125 0.05234375
2 0.5328125 0.66015625 0.01640625 0.05078125
2 0.61796875 0.46015625 0.01171875 0.03828125
2 0.3328125 0.621875 0.0140625 0.046875
2 0.3734375 0.4859375 0.0109375 0.04375
2 0.61328125 0.7421875 0.01796875 0.05546875
2 0.31796875 0.80703125 0.015625 0.065625
2 0.6421875 0.5640625 0.0171875 0.04375
2 0.465625 0.5046875 0.009375 0.03984375
2 0.35859375 0.578125 0.0109375 0.05390625
2 0.8296875 0.6625 0.01171875 0.06015625
2 0.63046875 0.396875 0.0078125 0.0328125
2 0.39453125 0.440625 0.00859375 0.040625
3 0.0859375 0.78203125 0.01640625 0.06328125
1 0.18515625 0.45234375 0.009375 0.0421875
2 0.375 0.696875 0.0109375 0.05
2 0.5796875 0.5875 0.01328125 0.0515625
3 0.44375 0.50625 0.009375 0.04453125
2 0.39140625 0.48515625 0.009375 0.03984375
2 0.42734375 0.59453125 0.01328125 0.0546875
2 0.4828125 0.409375 0.01171875 0.03515625
2 0.8140625 0.46328125 0.0109375 0.05
0 0.60625 0.7546875 0.0046875 0.0078125