3 0.91171875 0.9609375 0.025 0.0671875
2 0.88125 0.5546875 0.01328125 0.05546875
2 0.09296875 0.57421875 0.0109375 0.053125
2 0.28046875 0.4734375 0.01015625 0.04375
2 0.27265625 0.5875 0.02109375 0.04921875
2 0.65625 0.5015625 0.009375 0.046875
2 0.77578125 0.63671875 0.0140625 0.05390625
2 0.41953125 0.70234375 0.01484375 0.06328125
1 0.2359375 0.4515625 0.01484375 0.0484375
2 0.459375 0.56875 0.0109375 0.04921875
2 0.87265625 0.4328125 0.01015625 0.04296875
2 0.6171875 0.36640625 0.0078125 0.03359375
2 0.55859375 0.434375 0.00859375 0.03671875
2 0.51015625 0.51171875 0.0125 0.040625
2 0.646875 0.32421875 0.01015625 0.0375
0 0.3609375 0.534375 0.00703125 0.01015625
2 0.371875 0.371875 0.0109375 0.03359375
2 0.4296875 0.3390625 0.00859375 0.03515625
2 0.47109375 0.42578125 0.009375 0.03515625
3 0.63984375 0.43828125 0.01171875 0.04375
2 0.7765625 0.359375 0.01015625 0.0375
2 0.81796875 0.3984375 0.0125 0.0359375
2 0.8484375 0.4703125 0.01171875 0.03515625
2 0.8359375 0.6 0.0140625 0.0609375