2 0.76171875 0.4078125 0.01171875 0.059375
2 0.753125 0.51484375 0.01875 0.06640625
2 0.65625 0.33671875 0.0109375 0.0484375
2 0.60859375 0.41796875 0.01015625 0.0546875
2 0.58984375 0.3328125 0.00859375 0.04140625
2 0.56171875 0.38515625 0.0125 0.046875
2 0.5375 0.43984375 0.015625 0.04375
2 0.53828125 0.46484375 0.01328125 0.05625
2 0.53046875 0.51953125 0.01484375 0.059375
2 0.51640625 0.3640625 0.0109375 0.04765625
2 0.4875 0.4484375 0.01484375 0.04921875
2 0.43359375 0.359375 0.0109375 0.05
2 0.42265625 0.44453125 0.01640625 0.053125
2 0.38671875 0.48828125 0.01328125 0.0578125
2 0.3625 0.41640625 0.0109375 0.0515625
2 0.3546875 0.32890625 0.009375 0.04609375
2 0.27421875 0.39609375 0.0109375 0.04921875
2 0.23359375 0.39609375 0.01171875 0.05078125
2 0.2203125 0.60703125 0.0109375 0.065625
2 0.16875 0.76953125 0.01328125 0.07421875
3 0.30234375 0.26640625 0.009375 0.04296875
3 0.46953125 0.42265625 0.009375 0.05390625