3 0.534375 0.45703125 0.0125 0.05703125
0 0.76875 0.51328125 0.00546875 0.0125
2 0.76171875 0.4875 0.01640625 0.05546875
2 0.71328125 0.48359375 0.01015625 0.05546875
2 0.6890625 0.56796875 0.01640625 0.06171875
2 0.9046875 0.5953125 0.02578125 0.0640625
2 0.68359375 0.7359375 0.01875 0.07578125
2 0.725 0.41484375 0.0125 0.05234375
2 0.66640625 0.42578125 0.009375 0.053125
2 0.60703125 0.37265625 0.01015625 0.046875
2 0.58984375 0.35234375 0.0109375 0.046875
2 0.621875 0.29765625 0.01484375 0.040625
2 0.51796875 0.33828125 0.01015625 0.0484375
2 0.44140625 0.48828125 0.01171875 0.05234375
2 0.41328125 0.4078125 0.0078125 0.0515625
2 0.3875 0.39765625 0.01328125 0.04765625
2 0.38671875 0.4609375 0.009375 0.05859375
2 0.3734375 0.4671875 0.01328125 0.059375
2 0.340625 0.5109375 0.01015625 0.0546875
2 0.36484375 0.6046875 0.0109375 0.06015625
2 0.2640625 0.55390625 0.0125 0.06171875
2 0.2234375 0.69296875 0.01171875 0.071875
1 0.175 0.4109375 0.015625 0.05625