2 0.35546875 0.6921875 0.0125 0.053125
2 0.21640625 0.59921875 0.01640625 0.04921875
2 0.7140625 0.578125 0.0125 0.04296875
2 0.51640625 0.50234375 0.01171875 0.0390625
3 0.43515625 0.60546875 0.0140625 0.05390625
2 0.50390625 0.6375 0.01015625 0.04921875
2 0.5078125 0.4484375 0.01015625 0.0328125
2 0.43984375 0.471875 0.00859375 0.03984375
2 0.3359375 0.5390625 0.01171875 0.04375
2 0.328125 0.50234375 0.01015625 0.0390625
2 0.8359375 0.53359375 0.0125 0.04609375
2 0.2359375 0.5390625 0.01015625 0.040625
2 0.34453125 0.47421875 0.0109375 0.03828125
3 0.95859375 0.43828125 0.01171875 0.03828125
2 0.5203125 0.50078125 0.0125 0.0390625
2 0.53125 0.61015625 0.0109375 0.0515625
2 0.3484375 0.540625 0.01328125 0.04375
2 0.26484375 0.6671875 0.01015625 0.0546875
2 0.37578125 0.678125 0.01484375 0.05
2 0.1984375 0.5203125 0.01015625 0.0421875
2 0.2296875 0.51640625 0.00859375 0.04453125
1 0.1921875 0.4953125 0.01015625 0.040625
2 0.57421875 0.74296875 0.01796875 0.0625
2 0.7890625 0.61796875 0.0171875 0.053125