2 0.90703125 0.62578125 0.0171875 0.07109375
2 0.63828125 0.5265625 0.01640625 0.071875
2 0.4453125 0.3 0.0109375 0.05
2 0.43984375 0.440625 0.0109375 0.0640625
2 0.52578125 0.56953125 0.0125 0.071875
2 0.40078125 0.65 0.015625 0.07109375
2 0.39375 0.5609375 0.01171875 0.07109375
2 0.33984375 0.57109375 0.0203125 0.07890625
2 0.29921875 0.56484375 0.0171875 0.075
2 0.28359375 0.57578125 0.015625 0.0765625
2 0.25625 0.565625 0.01328125 0.075
2 0.27734375 0.55234375 0.01171875 0.0671875
2 0.3046875 0.5234375 0.0140625 0.065625
2 0.3265625 0.4578125 0.0140625 0.06171875
2 0.284375 0.48125 0.0125 0.06796875
2 0.240625 0.484375 0.0125 0.0703125
2 0.22109375 0.46328125 0.0125 0.06640625
2 0.2109375 0.51015625 0.01953125 0.07109375
2 0.178125 0.5296875 0.01484375 0.071875
2 0.15859375 0.5140625 0.0140625 0.065625
1 0.15078125 0.49375 0.015625 0.0703125
3 0.51640625 0.50703125 0.01796875 0.0640625
0 0.45234375 0.31953125 0.00546875 0.01171875