2 0.24375 0.67421875 0.015625 0.10625
3 0.6671875 0.628125 0.01875 0.08828125
2 0.35234375 0.56953125 0.0171875 0.06953125
2 0.53671875 0.49453125 0.015625 0.0625
2 0.43515625 0.52109375 0.015625 0.0703125
2 0.8703125 0.5765625 0.0234375 0.08125
2 0.76015625 0.6546875 0.02265625 0.1
2 0.71875 0.5234375 0.009375 0.0640625
2 0.06796875 0.671875 0.01875 0.08359375
2 0.115625 0.67109375 0.0234375 0.09453125
0 0.13671875 0.69140625 0.01015625 0.0203125
2 0.5515625 0.52421875 0.01484375 0.065625
2 0.48984375 0.58359375 0.01640625 0.07578125
2 0.55 0.60546875 0.01796875 0.075
2 0.940625 0.47578125 0.0109375 0.05625
2 0.5703125 0.56171875 0.0203125 0.0671875
3 0.6765625 0.43359375 0.01171875 0.04375
2 0.19609375 0.6953125 0.01796875 0.09921875
2 0.19375 0.6421875 0.01484375 0.04609375
1 0.2203125 0.50859375 0.01953125 0.06640625