2 0.15 0.80625 0.0171875 0.065625
2 0.18203125 0.66875 0.0171875 0.0609375
2 0.18125 0.57109375 0.01640625 0.0546875
2 0.17578125 0.4484375 0.01015625 0.0484375
2 0.2125 0.42890625 0.01015625 0.0453125
2 0.18828125 0.3875 0.0125 0.040625
2 0.165625 0.3484375 0.00546875 0.040625
2 0.17109375 0.334375 0.009375 0.03828125
3 0.1640625 0.3046875 0.0140625 0.034375
3 0.3359375 0.46640625 0.0109375 0.0484375
2 0.30625 0.4171875 0.0078125 0.0421875
2 0.30078125 0.3671875 0.009375 0.03671875
2 0.35234375 0.3046875 0.009375 0.03359375
2 0.65625 0.365625 0.009375 0.0421875
2 0.51875 0.34296875 0.0125 0.03203125
2 0.4765625 0.353125 0.01328125 0.03203125
2 0.428125 0.33046875 0.0078125 0.0375
2 0.4921875 0.3953125 0.01015625 0.04296875
2 0.475 0.43046875 0.0125 0.0453125
2 0.5 0.49453125 0.01640625 0.053125
2 0.42421875 0.5453125 0.01484375 0.0515625
0 0.5234375 0.35703125 0.00390625 0.0078125
1 0.87578125 0.40390625 0.0078125 0.0453125
2 0.76328125 0.54375 0.015625 0.0546875