2 0.31015625 0.7859375 0.01640625 0.0671875
1 0.1578125 0.484375 0.0140625 0.0515625
2 0.37890625 0.61875 0.01015625 0.05703125
2 0.41796875 0.515625 0.0078125 0.05078125
2 0.41328125 0.45234375 0.0078125 0.0453125
2 0.42421875 0.45234375 0.009375 0.04375
2 0.46953125 0.4015625 0.0078125 0.04140625
3 0.4921875 0.33515625 0.0078125 0.034375
3 0.53515625 0.51796875 0.01015625 0.05234375
2 0.5171875 0.475 0.00859375 0.04609375
2 0.5109375 0.375 0.01015625 0.0359375
2 0.52421875 0.384375 0.00703125 0.03671875
2 0.55859375 0.35078125 0.00859375 0.03671875
2 0.640625 0.428125 0.009375 0.0375
2 0.646875 0.359375 0.00859375 0.03671875
2 0.65625 0.42109375 0.0109375 0.03828125
2 0.684375 0.38671875 0.00859375 0.03671875
2 0.68984375 0.5578125 0.01015625 0.059375
2 0.61640625 0.603125 0.01328125 0.05234375
2 0.53046875 0.42734375 0.00703125 0.040625
2 0.5296875 0.4859375 0.0078125 0.03984375
2 0.8484375 0.48515625 0.0109375 0.0484375
2 0.77109375 0.3796875 0.00859375 0.0390625
0 0.83203125 0.50625 0.00625 0.0125