2 0.93046875 0.5703125 0.0125 0.0609375
2 0.6796875 0.5265625 0.0109375 0.05625
2 0.86015625 0.6671875 0.0140625 0.06484375
2 0.8921875 0.47421875 0.0109375 0.05703125
2 0.43046875 0.525 0.009375 0.05234375
2 0.55546875 0.475 0.009375 0.04765625
2 0.7703125 0.65234375 0.01484375 0.06875
1 0.09296875 0.525 0.01484375 0.06015625
2 0.609375 0.45078125 0.01015625 0.0484375
2 0.365625 0.4546875 0.01171875 0.046875
2 0.65859375 0.4296875 0.0109375 0.04765625
3 0.55859375 0.4203125 0.0078125 0.05703125
2 0.30390625 0.409375 0.0109375 0.04296875
2 0.4625 0.475 0.01171875 0.0515625
2 0.23515625 0.59765625 0.0109375 0.05859375
2 0.29296875 0.6765625 0.0078125 0.06328125
2 0.27265625 0.4140625 0.009375 0.0453125
0 0.2984375 0.428125 0.003125 0.00703125
2 0.42734375 0.5625 0.0125 0.0484375
2 0.421875 0.58984375 0.0171875 0.0515625
2 0.6390625 0.4203125 0.01015625 0.04140625
2 0.86328125 0.5734375 0.01328125 0.05546875
2 0.80859375 0.48125 0.009375 0.05078125