2 0.45234375 0.66328125 0.01484375 0.05859375
1 0.89375 0.4421875 0.01328125 0.05234375
2 0.66328125 0.421875 0.01171875 0.04921875
3 0.72890625 0.61015625 0.0171875 0.0609375
2 0.70703125 0.484375 0.01171875 0.04921875
2 0.35703125 0.42109375 0.0125 0.04296875
2 0.5828125 0.59140625 0.01796875 0.046875
2 0.4328125 0.38125 0.0109375 0.0421875
2 0.74375 0.425 0.009375 0.05
2 0.7734375 0.36171875 0.01015625 0.04375
2 0.528125 0.55546875 0.0125 0.05390625
0 0.48125 0.54609375 0.00625 0.01328125
2 0.25703125 0.4484375 0.0125 0.05
2 0.52109375 0.5609375 0.01015625 0.053125
3 0.0890625 0.35625 0.01328125 0.04453125
2 0.16015625 0.63125 0.021875 0.06640625
3 0.41796875 0.5 0.01640625 0.059375
2 0.5078125 0.5546875 0.0171875 0.05234375
2 0.465625 0.66171875 0.0171875 0.06015625
2 0.63828125 0.54765625 0.01171875 0.04453125
2 0.62421875 0.45390625 0.0125 0.0484375
2 0.63359375 0.4390625 0.01171875 0.040625
2 0.625 0.40625 0.0109375 0.04140625
2 0.77578125 0.5796875 0.01328125 0.05078125
2 0.71640625 0.4953125 0.01015625 0.0515625