2 0.7703125 0.5125 0.01328125 0.04375
2 0.7265625 0.6046875 0.015625 0.05078125
2 0.43515625 0.6453125 0.015625 0.05078125
2 0.40703125 0.66484375 0.0140625 0.05234375
2 0.7765625 0.559375 0.01328125 0.05
2 0.5078125 0.51640625 0.01328125 0.04140625
2 0.44453125 0.490625 0.009375 0.0390625
3 0.578125 0.56171875 0.0125 0.0484375
2 0.4640625 0.50859375 0.0140625 0.03984375
2 0.64453125 0.4796875 0.0109375 0.0421875
2 0.3453125 0.48984375 0.0125 0.03828125
2 0.290625 0.6234375 0.0140625 0.05
2 0.7375 0.55390625 0.01171875 0.05
2 0.4078125 0.5515625 0.0125 0.04921875
2 0.3546875 0.51796875 0.0140625 0.0453125
2 0.55546875 0.5296875 0.01328125 0.040625
2 0.60078125 0.534375 0.0140625 0.04609375
2 0.70234375 0.4828125 0.0125 0.04140625
2 0.3984375 0.515625 0.01328125 0.03515625
2 0.52578125 0.48515625 0.0109375 0.0390625
2 0.7703125 0.4875 0.009375 0.0296875
0 0.36328125 0.48671875 0.00546875 0.00859375