1 0.0875 0.41875 0.0109375 0.03828125
2 0.32421875 0.4359375 0.01015625 0.0375
2 0.31015625 0.47734375 0.0109375 0.0390625
2 0.334375 0.4546875 0.0140625 0.034375
2 0.359375 0.53359375 0.0140625 0.040625
2 0.37265625 0.390625 0.0109375 0.02890625
2 0.40625 0.4046875 0.00859375 0.02890625
2 0.42421875 0.4046875 0.01171875 0.03046875
0 0.40078125 0.42109375 0.00390625 0.0078125
3 0.06796875 0.78046875 0.02265625 0.05859375
3 0.74921875 0.3265625 0.00625 0.0296875
3 0.51875 0.48046875 0.01484375 0.03671875
2 0.46171875 0.45625 0.01171875 0.03984375
2 0.55859375 0.3484375 0.00703125 0.0296875
2 0.65234375 0.43515625 0.0125 0.03828125
2 0.6640625 0.3671875 0.009375 0.03046875
2 0.6984375 0.40234375 0.00703125 0.0390625
2 0.58359375 0.475 0.009375 0.0390625
2 0.55078125 0.4578125 0.01015625 0.04140625
2 0.60546875 0.503125 0.0125 0.04140625
2 0.7671875 0.4765625 0.01328125 0.0421875
2 0.4390625 0.46484375 0.01484375 0.034375
2 0.44453125 0.56171875 0.01796875 0.046875
2 0.7734375 0.590625 0.0109375 0.04609375
2 0.87421875 0.72265625 0.015625 0.05078125