2 0.1828125 0.86015625 0.0125 0.07265625
2 0.19296875 0.6078125 0.01953125 0.0609375
2 0.34921875 0.634375 0.01484375 0.0640625
2 0.1625 0.3125 0.00703125 0.0390625
2 0.15859375 0.334375 0.00859375 0.04453125
2 0.18203125 0.38671875 0.0125 0.05078125
2 0.21015625 0.40703125 0.0125 0.05078125
2 0.17578125 0.44765625 0.0109375 0.05234375
2 0.3609375 0.43515625 0.01171875 0.0484375
3 0.159375 0.2875 0.01328125 0.0375
3 0.38671875 0.47421875 0.0109375 0.05234375
2 0.440625 0.46328125 0.0140625 0.04453125
2 0.40390625 0.37109375 0.0125 0.0390625
2 0.434375 0.2765625 0.0125 0.03203125
2 0.50078125 0.3453125 0.009375 0.04453125
2 0.51953125 0.32734375 0.01015625 0.0359375
2 0.53046875 0.390625 0.009375 0.03984375
2 0.51484375 0.5359375 0.0125 0.05703125
2 0.60546875 0.42421875 0.01015625 0.046875
1 0.8953125 0.3890625 0.01015625 0.04921875
2 0.68828125 0.3375 0.009375 0.04453125
2 0.68125 0.47734375 0.01796875 0.0546875
2 0.85390625 0.53359375 0.01171875 0.0609375