2 0.7296875 0.521875 0.034375 0.1796875
2 0.11640625 0.67890625 0.04140625 0.2203125
2 0.55703125 0.63046875 0.03828125 0.2125
0 0.8515625 0.3703125 0.034375 0.15234375
2 0.6546875 0.4296875 0.0296875 0.1765625
2 0.740625 0.3984375 0.03125 0.128125
2 0.46015625 0.45546875 0.03359375 0.1703125
2 0.22890625 0.60234375 0.0546875 0.1890625
2 0.74140625 0.5671875 0.04921875 0.1890625
2 0.50859375 0.42734375 0.0359375 0.15625
2 0.5625 0.44453125 0.0359375 0.1671875
2 0.75078125 0.6625 0.0484375 0.209375
0 0.265625 0.3828125 0.0109375 0.021875
1 0.325 0.47890625 0.0515625 0.0625