3 0.3921875 0.4375 0.01171875 0.06171875
3 0.37578125 0.17890625 0.0109375 0.0421875
0 0.7953125 0.40859375 0.00625 0.0125
2 0.834375 0.390625 0.01015625 0.06171875
2 0.84921875 0.64296875 0.01640625 0.078125
2 0.7203125 0.32578125 0.0125 0.04765625
2 0.70390625 0.34296875 0.01484375 0.05
2 0.6546875 0.21484375 0.00859375 0.0484375
2 0.578125 0.2625 0.0109375 0.0484375
2 0.665625 0.46796875 0.0140625 0.06328125
2 0.4515625 0.5390625 0.0125 0.0671875
2 0.43671875 0.3671875 0.0140625 0.046875
2 0.53671875 0.2265625 0.00859375 0.0453125
2 0.42734375 0.18984375 0.00859375 0.04140625
2 0.36953125 0.23359375 0.01015625 0.04921875
2 0.4609375 0.2984375 0.0109375 0.04921875
2 0.45859375 0.38671875 0.01171875 0.05078125
2 0.33671875 0.3234375 0.01015625 0.05390625
2 0.290625 0.39375 0.01171875 0.0546875
2 0.28046875 0.4375 0.01015625 0.059375
2 0.27265625 0.475 0.0140625 0.06015625
2 0.228125 0.625 0.01796875 0.075
2 0.09921875 0.88359375 0.0234375 0.0921875