2 0.78203125 0.73046875 0.0140625 0.07109375
2 0.7375 0.6375 0.01640625 0.0703125
1 0.825 0.38046875 0.01015625 0.05390625
2 0.65859375 0.5125 0.0140625 0.05859375
2 0.60625 0.43203125 0.0109375 0.05625
2 0.56875 0.48125 0.009375 0.0546875
2 0.54765625 0.47890625 0.01328125 0.04765625
2 0.54609375 0.596875 0.01484375 0.0640625
2 0.43984375 0.65859375 0.0125 0.0765625
2 0.34453125 0.70546875 0.01640625 0.07421875
2 0.3640625 0.56796875 0.01328125 0.0609375
2 0.36796875 0.484375 0.0109375 0.05625
2 0.40078125 0.4328125 0.0109375 0.04765625
2 0.475 0.40390625 0.0109375 0.053125
2 0.53671875 0.3765625 0.0109375 0.0484375
2 0.459375 0.3609375 0.0109375 0.04453125
2 0.471875 0.28984375 0.0109375 0.0421875
2 0.39921875 0.26953125 0.01640625 0.0359375
2 0.3734375 0.3625 0.01015625 0.046875
2 0.215625 0.3734375 0.01484375 0.04765625
2 0.10234375 0.5921875 0.01796875 0.06796875
3 0.46875 0.24140625 0.01015625 0.03984375
3 0.35859375 0.45390625 0.0109375 0.05234375