1 0.89375 0.52890625 0.01171875 0.0546875
2 0.08671875 0.459375 0.009375 0.04765625
2 0.134375 0.58046875 0.0171875 0.059375
2 0.74296875 0.76015625 0.0171875 0.06484375
2 0.69453125 0.61171875 0.01171875 0.0546875
2 0.46953125 0.6 0.01015625 0.053125
2 0.3703125 0.48984375 0.00859375 0.046875
2 0.34140625 0.49140625 0.00859375 0.05
2 0.43125 0.51953125 0.00859375 0.05390625
2 0.3421875 0.42734375 0.01171875 0.0390625
2 0.43984375 0.43515625 0.0109375 0.040625
2 0.30859375 0.40546875 0.009375 0.03984375
2 0.4390625 0.39765625 0.00625 0.0375
2 0.4671875 0.4359375 0.0078125 0.0421875
2 0.48671875 0.4015625 0.00859375 0.03984375
3 0.58828125 0.3828125 0.0078125 0.03515625
2 0.621875 0.43203125 0.00859375 0.04453125
2 0.6359375 0.4453125 0.0109375 0.04296875
2 0.65390625 0.46015625 0.00703125 0.04453125
2 0.6546875 0.4984375 0.01171875 0.04765625
2 0.553125 0.48828125 0.01015625 0.04296875
2 0.53828125 0.49765625 0.01171875 0.046875
3 0.4640625 0.53984375 0.01015625 0.05078125