1 0.11328125 0.4796875 0.00625 0.03203125
2 0.21953125 0.5703125 0.0109375 0.0375
2 0.2453125 0.5078125 0.009375 0.02734375
2 0.24375 0.4890625 0.00625 0.0234375
2 0.2578125 0.475 0.00703125 0.02421875
3 0.31796875 0.51484375 0.00703125 0.0296875
2 0.34140625 0.4828125 0.0109375 0.0296875
2 0.33671875 0.4375 0.009375 0.021875
2 0.32890625 0.42734375 0.00703125 0.0234375
2 0.34296875 0.42265625 0.01015625 0.01875
2 0.37578125 0.4515625 0.00703125 0.02578125
2 0.40859375 0.4609375 0.01015625 0.02890625
2 0.46171875 0.4578125 0.009375 0.028125
3 0.32890625 0.38203125 0.00703125 0.02265625
0 0.321875 0.43984375 0.003125 0.00546875
2 0.903125 0.540625 0.00703125 0.034375
2 0.878125 0.49609375 0.0078125 0.03515625
3 0.83359375 0.7921875 0.0125 0.0515625
2 0.7109375 0.465625 0.0109375 0.03125
2 0.7 0.47265625 0.01015625 0.0296875
2 0.6703125 0.5171875 0.0125 0.0328125
2 0.61640625 0.52578125 0.0109375 0.03671875
2 0.62109375 0.4984375 0.01015625 0.03203125
2 0.5765625 0.45234375 0.0078125 0.0265625
2 0.52265625 0.53203125 0.0078125 0.034375
2 0.51640625 0.46796875 0.00703125 0.03046875