1 0.84140625 0.4546875 0.009375 0.04375
2 0.66796875 0.6546875 0.0109375 0.0609375
2 0.69765625 0.78203125 0.0109375 0.06875
2 0.5453125 0.60234375 0.01484375 0.05234375
2 0.58359375 0.4703125 0.00703125 0.04765625
2 0.5625 0.471875 0.00859375 0.0484375
3 0.45234375 0.52734375 0.01171875 0.0515625
2 0.35546875 0.68984375 0.01484375 0.0671875
2 0.35390625 0.50859375 0.00859375 0.04765625
2 0.45390625 0.44296875 0.01171875 0.04609375
2 0.509375 0.40390625 0.01171875 0.04296875
2 0.5015625 0.359375 0.00859375 0.040625
2 0.4296875 0.38359375 0.01015625 0.03828125
2 0.34296875 0.50703125 0.01015625 0.04921875
2 0.32890625 0.47109375 0.01171875 0.0453125
2 0.29296875 0.46328125 0.01328125 0.04609375
2 0.26953125 0.52890625 0.01328125 0.05703125
2 0.2359375 0.51640625 0.0140625 0.0578125
2 0.2796875 0.39921875 0.0125 0.034375
2 0.2828125 0.35546875 0.01015625 0.040625
2 0.421875 0.31953125 0.0078125 0.03359375
2 0.14296875 0.43203125 0.0140625 0.05078125
3 0.484375 0.30859375 0.01015625 0.03515625