2 0.83828125 0.6390625 0.0125 0.05234375
2 0.8078125 0.4765625 0.01015625 0.0390625
2 0.4234375 0.6078125 0.0125 0.0546875
2 0.39609375 0.50859375 0.0109375 0.0484375
2 0.8375 0.72421875 0.01171875 0.065625
2 0.68046875 0.434375 0.009375 0.040625
2 0.51484375 0.54296875 0.0125 0.05390625
2 0.8421875 0.48046875 0.01171875 0.04140625
2 0.53046875 0.39375 0.00859375 0.034375
2 0.58203125 0.5046875 0.01015625 0.04296875
2 0.35625 0.40703125 0.0078125 0.040625
2 0.58046875 0.396875 0.00859375 0.034375
3 0.59921875 0.48515625 0.01171875 0.0375
1 0.0984375 0.4828125 0.01484375 0.04375
2 0.765625 0.45078125 0.00859375 0.03984375
2 0.846875 0.59140625 0.01171875 0.05234375
2 0.8015625 0.7359375 0.01484375 0.06015625
2 0.7265625 0.42109375 0.009375 0.0359375
2 0.590625 0.42890625 0.01015625 0.03359375
2 0.58671875 0.475 0.009375 0.03046875
2 0.5390625 0.4234375 0.0078125 0.03515625
2 0.540625 0.38203125 0.0078125 0.0296875