2 0.6171875 0.3484375 0.00703125 0.0375
2 0.6671875 0.49765625 0.01171875 0.05390625
2 0.65546875 0.584375 0.01015625 0.05703125
1 0.90703125 0.3921875 0.01171875 0.04921875
3 0.815625 0.82578125 0.02421875 0.0640625
3 0.509375 0.3625 0.0078125 0.03515625
3 0.19140625 0.2765625 0.01015625 0.034375
2 0.6 0.403125 0.01015625 0.0421875
2 0.56328125 0.328125 0.0109375 0.03828125
2 0.571875 0.39453125 0.00859375 0.0421875
2 0.590625 0.45390625 0.0125 0.05
2 0.4671875 0.45390625 0.01171875 0.04609375
2 0.45703125 0.26875 0.009375 0.0328125
2 0.43828125 0.3765625 0.00859375 0.04140625
2 0.3796875 0.315625 0.00625 0.03359375
2 0.3703125 0.390625 0.00703125 0.03828125
2 0.40703125 0.4703125 0.01015625 0.04375
2 0.37109375 0.4609375 0.01015625 0.0484375
2 0.359375 0.57421875 0.01953125 0.0421875
2 0.284375 0.40078125 0.0125 0.0375
2 0.22578125 0.334375 0.01015625 0.040625
2 0.13515625 0.43984375 0.01484375 0.0484375
0 0.1390625 0.5140625 0.00625 0.01328125
2 0.528125 0.7984375 0.02109375 0.06484375
2 0.09140625 0.584375 0.021875 0.053125