2 0.2984375 0.66484375 0.0140625 0.059375
2 0.2453125 0.4796875 0.0125 0.04609375
2 0.628125 0.5875 0.0078125 0.0515625
2 0.74296875 0.6125 0.01328125 0.0546875
2 0.82421875 0.65625 0.0140625 0.05625
2 0.63203125 0.6796875 0.009375 0.05625
2 0.3796875 0.62890625 0.01015625 0.0609375
2 0.81484375 0.6375 0.01875 0.0375
2 0.56875 0.41015625 0.00859375 0.03671875
2 0.1484375 0.553125 0.0109375 0.05234375
2 0.63828125 0.42421875 0.01015625 0.03984375
2 0.590625 0.5484375 0.0109375 0.04765625
2 0.70625 0.490625 0.0078125 0.03984375
2 0.6828125 0.53515625 0.01015625 0.04609375
2 0.51875 0.459375 0.00625 0.0375
2 0.4265625 0.4703125 0.00859375 0.0453125
3 0.15703125 0.93515625 0.01640625 0.0796875
2 0.13359375 0.55703125 0.0125 0.0515625
2 0.57265625 0.51484375 0.0109375 0.0421875
2 0.65078125 0.503125 0.009375 0.0421875
2 0.66015625 0.4609375 0.01015625 0.0421875
2 0.6671875 0.5 0.01171875 0.04296875
1 0.7875 0.4640625 0.01328125 0.03984375
0 0.8203125 0.6734375 0.00625 0.009375