2 0.24609375 0.83515625 0.02109375 0.07734375
2 0.23046875 0.61875 0.01796875 0.07109375
2 0.26171875 0.4484375 0.00859375 0.0546875
2 0.45 0.5578125 0.0140625 0.065625
2 0.24609375 0.353125 0.0109375 0.05
2 0.2828125 0.3375 0.01015625 0.05
2 0.34609375 0.31171875 0.0109375 0.0484375
2 0.28046875 0.26171875 0.01015625 0.04296875
2 0.31171875 0.24140625 0.009375 0.03828125
2 0.41796875 0.371875 0.00859375 0.04921875
2 0.43515625 0.39375 0.0125 0.04921875
2 0.44453125 0.45234375 0.0140625 0.0515625
2 0.56015625 0.37578125 0.0109375 0.0515625
2 0.4578125 0.30625 0.00859375 0.0421875
2 0.51484375 0.3046875 0.01171875 0.046875
2 0.5375 0.2359375 0.00703125 0.04140625
2 0.57265625 0.409375 0.009375 0.05
2 0.59375 0.47734375 0.015625 0.0625
2 0.6640625 0.3359375 0.0109375 0.05
3 0.40234375 0.43046875 0.0109375 0.05390625
3 0.26171875 0.2171875 0.0109375 0.0390625
2 0.8421875 0.54765625 0.01015625 0.0625