1 0.10625 0.3578125 0.0109375 0.046875
0 0.3421875 0.39765625 0.00546875 0.01171875
2 0.33515625 0.3765625 0.00703125 0.04375
2 0.2140625 0.57734375 0.01640625 0.059375
2 0.39609375 0.4046875 0.01015625 0.04609375
2 0.45703125 0.478125 0.01171875 0.05390625
2 0.4734375 0.34140625 0.00859375 0.03984375
2 0.471875 0.37421875 0.0109375 0.03515625
2 0.50234375 0.34609375 0.00859375 0.0421875
2 0.5203125 0.278125 0.00546875 0.03359375
2 0.63203125 0.29453125 0.00859375 0.03203125
2 0.62109375 0.3390625 0.0078125 0.03046875
2 0.6171875 0.3578125 0.009375 0.0390625
2 0.62421875 0.41640625 0.01015625 0.04765625
2 0.62421875 0.446875 0.0140625 0.04296875
2 0.6234375 0.49140625 0.0109375 0.046875
2 0.61484375 0.58125 0.0109375 0.06015625
2 0.76484375 0.3765625 0.01171875 0.04765625
2 0.79140625 0.390625 0.01484375 0.0453125
2 0.80234375 0.50703125 0.01171875 0.0453125
2 0.81484375 0.6625 0.01328125 0.06328125
2 0.82578125 0.88359375 0.015625 0.07578125
3 0.71640625 0.47421875 0.00859375 0.05234375
3 0.83359375 0.27421875 0.01015625 0.03671875