1 0.93984375 0.3828125 0.01015625 0.0421875
2 0.68359375 0.40546875 0.009375 0.0453125
2 0.72734375 0.584375 0.009375 0.0578125
3 0.89375 0.753125 0.0171875 0.06484375
3 0.26875 0.26015625 0.0078125 0.0296875
3 0.34140625 0.51796875 0.0109375 0.04921875
2 0.3171875 0.31171875 0.00546875 0.03515625
2 0.38671875 0.265625 0.00625 0.03046875
2 0.37421875 0.34296875 0.00546875 0.0375
2 0.2828125 0.3765625 0.00625 0.040625
2 0.33203125 0.43203125 0.009375 0.04375
2 0.41484375 0.39609375 0.0078125 0.03828125
2 0.478125 0.42265625 0.0109375 0.03828125
2 0.41015625 0.490625 0.0078125 0.046875
2 0.2140625 0.4796875 0.00859375 0.04140625
2 0.21328125 0.51875 0.0125 0.05
2 0.2234375 0.54140625 0.009375 0.053125
2 0.2125 0.65546875 0.0140625 0.06171875
2 0.21640625 0.7640625 0.01171875 0.0625
2 0.50546875 0.67109375 0.01328125 0.06015625
2 0.5875 0.30859375 0.0078125 0.03359375
2 0.5109375 0.34453125 0.00703125 0.0375
2 0.5703125 0.41171875 0.01171875 0.0453125
2 0.571875 0.528125 0.00859375 0.04765625
0 0.6734375 0.41640625 0.0046875 0.01015625