2 0.1359375 0.61875 0.01640625 0.075
2 0.84375 0.50078125 0.015625 0.06171875
2 0.79375 0.69140625 0.0203125 0.0734375
2 0.08671875 0.72265625 0.01640625 0.07578125
2 0.546875 0.41484375 0.0125 0.05234375
2 0.3609375 0.546875 0.015625 0.053125
2 0.6921875 0.615625 0.0140625 0.0703125
2 0.5578125 0.54296875 0.01015625 0.06015625
2 0.52265625 0.5265625 0.0140625 0.0625
2 0.40859375 0.50625 0.01171875 0.06171875
2 0.77578125 0.371875 0.0140625 0.05234375
2 0.59375 0.409375 0.0109375 0.05546875
2 0.32109375 0.50546875 0.01640625 0.05703125
3 0.51484375 0.4609375 0.015625 0.05703125
2 0.5578125 0.2875 0.009375 0.046875
2 0.41171875 0.37578125 0.0140625 0.053125
3 0.88671875 0.85 0.0171875 0.07890625
2 0.49296875 0.275 0.0109375 0.04375
2 0.30546875 0.61875 0.01640625 0.04921875
2 0.3 0.66171875 0.01875 0.06640625
2 0.3140625 0.71640625 0.0296875 0.071875
2 0.2609375 0.45234375 0.0125 0.0546875
1 0.16328125 0.31875 0.01484375 0.0546875